3.584177669132836974e-01
4.353125498378078717e-01
4.696762961813902848e-01
1.481039129473150084e-01
1.138066500263844177e-01
9.164590601467853537e-02
2.715117057784304233e-01
4.446374846728948227e-01
1.930778819628339305e-01
1.747476967875595810e-01
3.907798079784108869e-01
4.427497348644645614e-01
4.474938236906687572e-01
4.446374881683390345e-01
4.438581230551197354e-01
1.654053030548155168e-01
1.934463537162799951e-01
4.446250286845259136e-01
7.240641341081548166e-02
5.992939038127588214e-01
6.140041354234411497e-02
4.446364966707085919e-01
4.446155419664106212e-01
4.446437870615836396e-01
4.178569872520565553e-01
1.799324348803912343e-01
4.338858128222293775e-01
5.386679092166446470e-01
2.711583711539083952e-01
2.605416717349808287e-01
7.385347885937173507e-01
2.007250774831095819e-01
2.687256070674091113e-01
7.895148187538326701e-01
1.084324951912872953e-01
1.787979430425898353e-01
1.804460464586691848e-01
4.375635829789883968e-01
4.661763942201999633e-01
1.997270252698190030e-01
4.794782595523958135e-01
3.932734342228738633e-01
4.446374991448908132e-01
4.383711013826926961e-01
3.175410562207585108e-01
4.085727495401983433e-01
4.446374673606815486e-01
3.571281193220084416e-01
1.650217978620115711e-01
4.446029286363493149e-01
1.190772945304163777e-01
2.963193745310777616e-01
4.447057628742491775e-01
1.084324951912872953e-01
4.444736632717911085e-01
9.026883359286366759e-02
2.940763038004517438e-01
4.544660647595052394e-01
4.355408823493471804e-01
4.445971162856112158e-01
4.563252522410635725e-01
4.402429178537318744e-01
1.084324951912872953e-01
6.261070681158558138e-01
1.085382338865132773e-01
3.344518425351530877e-01
4.445886841550284463e-01
4.415609667588772935e-01
4.400636232089921163e-01
1.894203884723252573e-01
1.084324951912872953e-01
3.771773634116744045e-01
7.240641341081548166e-02
4.446374803843075041e-01
1.580763446469926337e-01
4.538787424831709494e-01
4.057211896789816863e-01
4.478822093555792083e-01
4.446147349186902464e-01
4.335522420955024714e-01
8.591915781830040955e-02
6.282856351096772762e-01
4.485782153711342923e-01
1.149016014353334281e-01
2.306966360824040385e-01
3.595580619348975882e-01
4.502575562809609799e-01
1.149016014353334281e-01
2.708136752578084172e-01
5.000000000000000000e-01
5.856863682649569025e-01
3.592855797763491177e-01
1.760403854556896186e-01
1.397611130413162761e-01
5.127278810261904907e-01
1.148524078134568055e-01
4.809692712082924149e-01
4.486773325023371561e-01
1.222371994026120456e-01
4.898709664954818965e-01
8.611523854628516661e-02
4.764334157227169131e-01
3.735006263068944565e-01
4.291545230041919901e-01
4.357332738028721342e-01
2.611805737332199562e-01
4.306509589608704114e-01
1.066006603616143911e-01
2.073761412692090023e-01
1.794918798254003522e-01
4.366039291155404123e-01
4.199636677301816778e-01
1.149016014353334281e-01
1.881073768255898115e-01
4.425016501712477068e-01
4.493779353081174266e-01
1.719039254139276829e-01
3.227232555182840690e-01
4.469728238508210993e-01
3.750696487493694331e-01
8.526798282871082824e-02
1.268273544279751031e-01
1.200611453100067644e-01
5.388518025640864906e-01
4.065155412194477735e-01
2.078059578239999927e-01
7.876613010023950090e-02
2.288370577888905466e-01
3.938075788117801901e-01
2.735653344076357518e-01
4.503971589474809467e-01
2.555534604180086933e-01
2.022230763236179396e-01
4.605671776471793599e-01
4.084572990752215471e-01
7.027490396818614204e-01
3.095767583027318470e-01
6.734422351800687379e-01
1.539883023989999933e-01
4.487206832783554034e-01
9.643648711776091342e-02
5.975156344706541445e-01
3.178084490459218703e-01
3.570806051889153232e-01
4.155842726288838107e-01
2.070460686740109302e-01
2.773548032066491809e-01
5.000000000000000000e-01
4.465772187403261317e-01
4.422507988288512659e-01
4.506513339682858277e-01
4.281008789477230847e-01
4.486964569818240323e-01
1.302048670391491025e-01
1.148517581208395033e-01
4.486704720919735823e-01
4.519360701274835468e-01
4.483915077216754641e-01
9.183644395711306752e-01
4.834692819010628084e-01
4.361250866865722386e-01
4.353885861439767968e-01
4.305415758128951498e-01
1.563069757563496365e-01
2.518095986298196642e-01
4.417421603874592817e-01
4.320327816431800416e-01
4.150824804101275189e-01
1.370264095056903664e-01
1.382921447528275005e-01
1.142000533418493780e-01
1.609854581894707981e-01
1.370264095056903664e-01
4.341622023704334588e-01
4.245512540448451166e-01
3.690000990904002132e-01
6.448940619344323277e-01
1.662209774209963964e-01
1.378691560323112020e-01
4.344215709730708253e-01
3.223847874906811684e-01
4.589402742467863505e-01
1.198694399064386684e-01
1.877604548431801301e-01
4.351709885542591749e-01
8.119493069001139374e-02
4.280586912347297823e-01
9.139794466210858503e-02
1.804100166736176958e-01
1.429408345439541761e-01
4.351560482597249813e-01
3.583703081218052588e-01
6.512882854092344465e-01
2.097933539237896161e-01
4.207009128750677784e-01
4.358020464610032896e-01
4.073517214170932488e-01
2.428490064092540257e-01
1.026467962321221117e-01
1.696892708183049825e-01
1.555309002843180965e-01
4.940574781410588812e-01
3.823735929877988826e-01
4.614980312269356677e-01
4.413773577676282645e-01
1.381913730753196734e-01
5.514376645748665373e-01
2.769876357371799380e-01
4.334145935236640712e-01
4.301817735225419437e-01
1.839452656241904738e-01
4.424838327907983926e-01
4.361525403241541810e-01
3.389253437445606254e-01
6.296326381233027236e-01
2.686120841456351438e-01
4.561268148842481107e-01
3.858860574359260220e-01
3.732991144202806311e-01
4.258330598982884019e-01
4.020444251357355170e-01
3.538798783298968686e-01
2.100217095867457640e-01
2.126696215395028899e-01
4.318598612053943797e-01
4.281554321720284495e-01
5.107557741888489877e-01
4.364798534993129531e-01
4.372549415631373781e-01
4.449107828455672320e-01
4.398386124605719316e-01
4.332805801493783138e-01
4.381836644576441731e-01
3.171019929187910980e-01
4.350403746126978444e-01
3.658874955120056671e-01
5.390145933425027902e-01
4.467028511724307482e-01
3.539661473018766435e-01
3.864855950742098201e-01
4.696639372581100647e-01
1.391528922860738593e-01
3.452937712831103956e-01
1.122534217366196740e-01
4.316536093130107776e-01
4.517151067731043912e-01
4.463357796608943273e-01
1.705030752058018795e-01
1.193930183256417116e-01
4.411324649351387461e-01
4.415121744222200717e-01
1.092422193462487950e-01
3.142622049765930736e-01
1.428669498415991446e-01
1.858318573714061728e-01
3.618578295399312306e-01
4.380910494340823358e-01
4.426509973429477718e-01
2.004798040146471005e-01
4.386877698658432356e-01
3.601177607069654396e-01
2.547587954086764639e-01
1.091321478011932494e-01
4.395473564963913726e-01
9.802977414036881387e-02
4.300451804901871955e-01
7.794533942486618627e-02
3.072117778323820159e-01
1.090711871143984074e-01
3.372739364960149477e-01
1.556787350880806109e-01
4.376403419950914975e-01
1.383996255608427595e-01
1.090711871143984074e-01
4.234145424454279771e-01
2.302073135798107795e-01
4.401872001952924496e-01
5.129027329109324684e-01
2.500639885066259782e-01
4.327355339553676794e-01
4.415117269099686492e-01
3.618315915791348591e-01
4.371876961775842396e-01
4.441670959738733271e-01
4.413983800935533108e-01
3.167871793547586967e-01
1.536074606121963504e-01
4.410522287761258209e-01
4.534683479064928746e-01
7.210354954759985446e-01
3.429194759182610519e-01
2.795195953413889267e-01
1.156799002935607334e-01
4.803989292800477928e-01
1.802871616148306877e-01
7.053807963117431079e-01
4.465677805928958133e-01
4.169835968677738092e-01
4.287670135082937151e-01
4.414957055112171402e-01
4.523012401807768867e-01
4.519263649523400095e-01
4.507232320841892403e-01
2.262626521901883736e-01
4.235188107568054749e-01
4.453467399480435240e-01
4.483095138545729053e-01
4.415126853750852565e-01
5.255259712335305089e-01
4.239870182800744569e-01
1.653511013099228377e-01
5.128046940040732471e-01
3.785161615118252110e-01
4.417967515164213377e-01
4.595197351091125371e-01
5.000000000000000000e-01
4.056701915431402128e-01
1.823964320661813909e-01
1.976545478963591396e-01
4.499058120231258506e-01
4.524866853909964015e-01
1.343037858575327204e-01
1.189425770549478317e-01
4.547759087668307165e-01
4.541261447756865799e-01
1.649254291120004767e-01
2.132333984249886738e-01
3.147353041133015283e-01
4.511847634606529489e-01
1.243310452527214421e-01
5.611135823565641112e-02
2.215557729525838571e-01
4.585957571921446818e-01
2.549180199791153956e-01
6.304631697394655343e-02
1.113865926245668769e-01
4.636241938493643189e-01
4.627630706688001805e-01
2.692103266483235613e-01
4.651704424351062461e-01
3.034762076430378430e-01
1.466281357982861522e-01
8.136663557788123557e-02
1.085454077701089592e-01
1.453451604732961255e-01
1.466281357982861522e-01
4.690494592281521657e-01
5.000000000000000000e-01
4.541367247943633445e-01
4.511950745155918763e-01
4.508583240324882113e-01
4.902575027627651405e-01
6.410585267229270690e-01
5.216553084378735550e-01
5.159725196935666114e-01
4.826648094862758254e-01
1.124470475099831057e-01
4.838258131705128751e-01
4.657556438167776425e-01
1.362921276582358954e-01
4.619897249748340373e-01
3.890379509507557731e-01
4.511936851087550160e-01
8.937772373422334105e-02
7.304680699957714907e-02
9.655915833561448669e-02
3.758101530708446436e-01
1.192188981046288648e-01
4.482575957304882897e-01
2.031245587060791224e-01
1.206750683625952558e-01
1.022741704762879511e-01
1.114190714715844049e-01
1.114190714715844049e-01
4.376887192786362291e-01
1.074822560890639767e-01
1.660287741965927599e-01
4.308333154386856934e-01
4.767499593902482236e-01
9.031001132466114079e-02
4.511837622122972791e-01
1.212183732337913239e-01
4.104442432214073788e-01
4.511950762081513577e-01
2.411538835997555363e-01
4.596347712449407319e-01
4.917650091025706494e-01
4.387910743765949251e-01
4.608895920932046253e-01
1.934424346277504314e-01
6.808782561538162525e-02
1.767334021147506096e-01
4.143982934533826934e-01
1.114190714715844049e-01
4.763722505725340728e-01
4.593281804255062162e-01
4.511159604845590421e-01
4.708199518565509556e-01
5.467097738780757332e-01
1.007886997239095112e-01
4.748406111004623842e-01
4.781086596833981628e-01
1.806817766817920279e-01
1.573605465842105033e-01
3.645979284941130993e-01
6.374446124000561209e-01
3.767458897736964962e-01
3.297787015503835795e-01
2.956182100307310212e-01
2.975676255952194316e-01
4.828795208458387389e-01
3.834906712632992209e-01
3.769135228274113625e-01
3.825073738821037073e-01
3.139851223603115082e-01
3.978567676610534343e-01
2.729986463023224563e-01
1.422185319665144054e-01
4.784310782977187482e-01
1.413535027310870995e-01
5.457979970954871529e-01
1.705510029532970318e-01
1.139245610953345395e-01
5.778883761197419755e-01
1.325037045292520865e-01
3.633845352564267217e-01
2.817031185944604554e-01
1.633979030965446444e-01
3.023410645103259964e-01
3.886552724329533914e-01
3.453026826815933648e-01
3.792623247354789395e-01
3.056380499851497623e-01
5.850621406736907781e-01
2.180355653065164656e-01
1.025237192050892227e-01
7.498682824613090991e-01
7.551287404269277914e-01
5.406048566792671650e-01
5.484759453456953260e-01
7.206036464582438184e-01
1.860197678531183563e-01
1.940529266343815062e-01
3.896299175253284397e-01
7.442892099125352212e-01
3.966825909040657683e-01
4.012247784979285914e-01
2.464161803922419736e-01
2.940477259474905680e-01
5.512708105727497365e-01
1.737368306838353860e-01
2.012096393274663553e-01
3.377781012805727290e-01
3.473925091469675097e-01
6.211711733027377447e-01
5.575089688636267748e-01
3.366160110728934063e-01
3.720075837319342105e-01
5.198466928705467449e-01
2.857762291639617258e-01
8.050483232379662679e-01
2.620066960971624836e-01
1.557348202038506546e-01
3.645648764896962657e-01
2.715058134731674344e-01
7.713979157669371978e-02
4.348801025424010869e-02
1.424156455869891313e-01
3.823581860578644798e-01
5.445964923185393491e-01
7.217906969504288561e-01
3.754605148485961608e-01
3.706071368529764709e-01
1.980422161769616607e-01
1.007886997239095112e-01
1.213800730319200133e-01
1.048174417123108049e-01
1.043492423027502503e-01
1.320936118065974274e-01
3.436616992405292503e-01
1.187003456556796066e-01
4.577033271947990589e-01
7.295031177760535890e-01
4.847623284587207482e-01
1.372318079934315704e-01
4.577032660216355242e-01
4.420980429833724079e-01
4.568737128817705884e-01
4.558493948323285028e-01
3.471320918808333267e-01
5.152142192907555041e-01
7.294907956302565388e-02
3.655710648920856842e-01
7.975174069509348429e-02
3.382082499957710930e-01
8.748219849442765428e-01
4.584962294022117413e-01
9.411452025611376504e-01
2.673457428093400923e-01
5.000000000000000000e-01
4.146792737085033820e-01
5.954016818765264785e-02
8.748219849442765428e-01
4.828721687712465016e-01
1.127795872291003920e-01
4.604688647106186528e-01
1.186303706291820942e-01
3.311852745154871269e-01
3.325858243767377820e-01
4.847140514346020418e-02
4.914028454030802684e-01
4.296301383296962650e-01
3.193818063978615673e-01
2.762125381317951933e-01
9.632269897684773985e-02
1.081663357901752054e-01
5.684752375291687310e-01
1.086863486001918427e-01
2.608368986763784370e-01
4.412092672761226408e-01
1.197800339143908349e-01
4.577039932781753473e-01
2.557230380054517638e-01
4.517200552017980875e-01
4.547369090451920948e-01
4.577220581762389551e-01
3.894772598651732864e-01
1.768564645899143584e-01
8.839768485895124761e-02
1.806616554815322073e-01
4.316176733300213231e-01
4.231257995671711680e-01
4.609130741341158632e-01
4.830336147467818586e-01
1.595156986518665165e-01
1.360736037191621617e-01
1.122926008435356227e-01
9.475858462454506137e-02
4.444509888905170403e-01
1.073523524025227771e-01
7.405086587175319091e-01
5.997250999004927891e-02
7.908048790897760361e-01
7.186626419752448203e-02
1.803624843338151318e-01
4.098033513668126182e-01
3.564632220957612008e-01
1.194670767361810104e-01
4.577053178904669228e-01
5.156029547637446253e-01
4.576859571687621475e-01
2.326709597195940060e-01
4.576322285732614681e-01
4.697125501231624312e-01
4.608013939673841208e-01
4.428360956219678513e-01
5.000000000000000000e-01
4.429952070132829878e-01
3.279914861439393037e-01
1.025838950959106904e-01
1.092663615781482578e-01
1.707461160993957727e-01
4.639047307553557098e-01
2.589928554434872132e-01
4.770697073347080486e-01
3.710580848660127717e-01
2.545746586093135533e-01
4.591647213345048661e-01
1.444110281869541990e-01
3.208266368236623589e-01
4.312244438803141677e-01
4.166113586913208766e-01
5.000000000000000000e-01
4.348599682499484365e-01
4.512914855200050313e-01
4.409546773196201808e-01
1.316619168913551186e-01
2.030276124653543068e-01
4.840294785147051249e-01
4.345597618056541989e-01
4.108638669251881703e-01
4.270978686769769661e-01
3.099729676397419142e-01
4.411498535618755268e-01
3.520920705433046027e-01
1.961604276023889981e-01
4.427381351688947642e-01
1.945285281102975827e-01
8.545231799226758740e-02
1.516454357345592141e-01
5.519109794221638277e-01
4.592428591171728303e-01
1.415218795163070697e-01
4.693928410707557397e-01
4.032140624033700993e-01
1.371766779673534442e-01
2.689570073525641702e-01
1.425505096556776152e-01
2.766738175175614267e-01
4.357690961643796435e-01
4.573586513665630626e-01
2.811811364696286120e-01
1.054960909240542088e-01
4.352556749892988464e-01
1.420276314515640514e-01
3.119269676903020372e-01
1.420276314515640514e-01
2.013835838033368741e-01
4.415953455015767526e-01
1.422532998595198717e-01
3.750491409373425955e-01
2.068332106516704572e-01
4.107028311135378362e-01
3.412242516143432214e-01
5.183398831173241517e-01
3.559579379179394487e-01
1.427935476075621879e-01
3.917605697869164239e-01
1.924646647366145824e-01
1.548553781675843788e-01
1.988631656997612851e-01
1.401761393407877920e-01
4.512763525549243759e-01
2.806421223459170111e-01
4.559815382779026094e-01
4.249847746672424931e-01
4.116178692931147798e-01
3.174860312270540441e-01
5.416908281608784348e-01
4.048082423279730779e-01
2.069959864786179438e-01
4.293086891437944974e-01
4.727985296582341568e-01
1.631404596557452791e-01
1.294329277939632317e-01
1.246534061695773049e-01
3.541888420327314879e-01
4.613226865083114303e-01
2.026914064696964390e-01
2.697192673168825050e-01
5.000000000000000000e-01
3.958342387512407967e-01
1.774970157067406185e-01
5.427313210561092172e-01
1.591479757322198652e-01
2.284731837782857655e-01
4.342193042666394054e-01
1.594762327465710228e-01
6.634118905396745314e-01
3.929571811063127251e-01
1.668364851579680341e-01
2.899296495279236052e-01
1.847291868564704953e-01
3.214944995285576312e-01
1.192351602100351765e-01
2.631087451620546802e-01
1.843619375648812564e-01
1.779039376633751723e-01
4.155449816858264311e-01
6.245412259553938528e-01
1.057689533873578669e-01
2.999883388764726933e-01
9.467583861711023618e-02
1.531202866143640540e-01
4.660260046678743051e-01
4.484858330928918058e-01
1.931614948370360407e-01
8.452869634332071946e-02
2.872259144165635880e-01
3.649309106058757357e-01
1.517589429881288643e-01
3.853805420320040587e-01
1.952592586673475850e-01
2.771188764712561592e-01
2.607221345076342622e-01
5.000000000000000000e-01
6.435749275124346136e-01
3.432381068203503860e-01
7.335809365009253735e-01
1.364464631077279555e-01
6.874989813273253425e-01
3.869243644156149520e-01
1.847291868564704953e-01
5.536967792753143547e-01
3.747404128823959013e-01
1.554186040279278702e-01
1.047569672391671924e-01
4.444568918365882637e-01
4.365178561293512338e-01
1.848479507504631192e-01
4.322226172437357294e-01
3.908291431007307470e-01
4.352521004887884293e-01
5.826572731572168262e-01
2.066721071001591248e-01
4.620668251434344453e-01
1.847291868564704953e-01
3.626384484199300928e-01
5.694757265327708984e-01
1.610419544347420073e-01
3.825286711474710222e-01
2.445774858237438343e-01
5.713083406270912379e-01
2.307398780100511082e-01
4.714897655527279241e-01
3.519954840180474220e-01
3.289636999883186474e-01
4.301707403640240845e-01
7.837213133541596211e-01
6.478971418684463801e-01
2.314850746468881393e-01
3.444158771434117638e-01
4.597226327404993484e-01
2.132701093112118751e-01
1.954630102716673756e-01
7.695622054118568534e-02
5.604068128941178673e-01
3.696468659749051477e-01
5.131425584875531909e-01
1.932823772767003900e-01
1.122241234128211335e-01
1.888753865114257136e-01
2.716592911526266585e-01
1.777298433264978550e-01
1.357949076631678464e-01
1.971087030691756614e-01
6.911789380886372847e-01
4.218665024137325803e-01
1.051059891102032323e-01
4.453981706584798084e-01
5.307390365584813141e-01
3.527585392408414955e-01
3.673287371485871033e-01
2.589312966633196544e-01
6.150486486161873406e-02
6.384521771445781368e-01
1.485882323861809906e-01
5.077375329379929525e-01
2.261735309970498153e-01
1.412986991782738122e-01
2.528959887123276573e-01
2.050159261166200064e-01
3.006367569789956118e-01
1.076446046504442450e-01
1.497416237560078023e-01
3.337442614144592867e-01
1.993809944787790223e-01
1.632315606020764975e-01
5.279560651419857864e-01
2.415099589548922454e-01
1.727713845425721262e-01
3.659627397996993992e-01
4.887553614045773709e-01
2.214229242880516590e-01
3.378725533484234211e-01
8.105442688862567191e-02
2.901637359449665277e-01
7.157640254596011609e-01
5.353873359597003390e-01
1.817372854091528489e-01
1.686625339797839518e-01
2.446443068084930283e-01
5.372181975226568706e-01
3.755476143208123507e-01
1.853618650211676377e-01
2.807469005071849266e-01
5.340927566358345535e-01
6.115005313813908217e-01
1.776971041469923296e-01
3.621531067457525177e-01
1.620092180285331029e-01
1.947952249661556168e-01
7.157593181003911453e-02
3.379952603006023959e-01
2.822420893063481984e-01
1.280862358677246626e-01
2.695356792104344756e-01
4.453522038556990137e-01
2.230471095207227916e-01
1.368896772182612298e-01
1.539760210342824009e-01
2.012103758776454254e-01
3.056423016793042291e-01
2.422124980878791745e-01
3.592386045932479677e-01
3.023607348613742141e-01
5.526276849593810825e-01
4.259236580724148902e-01
1.105594001820254246e-01
6.870655333578267188e-01
3.413139174460799175e-01
7.337149542533865088e-01
