3.669070298727206692e-01
4.061241302165806144e-01
4.060323238748542174e-01
2.961834989532081686e-01
3.101928422453761880e-01
1.182281377783344356e-01
4.027648810222833609e-01
4.061165075794867518e-01
6.442497427879609329e-02
3.846219903036905419e-01
4.061118726421442116e-01
4.061165076626570558e-01
4.061165075794867518e-01
4.061165119887921171e-01
1.050919156002417948e-01
3.741281189193699230e-01
4.061165075763301102e-01
1.051658686225022260e-01
5.332626859918110362e-01
4.061165075794867518e-01
4.061165075785851952e-01
4.061165075794867518e-01
4.095643181899930596e-01
1.051802071908947284e-01
4.061164240602864184e-01
4.061172862721719179e-01
3.977994736959307165e-01
3.478617657602886548e-01
9.526420397386977656e-01
3.478617657602886548e-01
3.817944270109405180e-01
9.234339378476210669e-01
1.018611094252287047e-01
4.061163627005840437e-01
3.375911238575509676e-01
4.061165022671123226e-01
2.309621475530929113e-01
3.813803423946760529e-01
4.045122218405778902e-01
4.061165075794867518e-01
4.149489634398900728e-01
4.056390488518845650e-01
4.044177695066079603e-01
4.061165075794867518e-01
4.208012624898895271e-01
3.164515969226373571e-01
4.061165070893817952e-01
1.050641692932960808e-01
2.536648199573620643e-01
4.062488080385762146e-01
4.061165072631328643e-01
7.233395598060524123e-02
3.853882335107199353e-01
4.061165076819486797e-01
4.061164663264510422e-01
4.061165073499328759e-01
4.061214008297989730e-01
4.061380649357965167e-01
4.499297206774809932e-01
4.069363622872528286e-01
4.061165084163315120e-01
4.061161324380030413e-01
4.061165074829852784e-01
2.502137661193389317e-01
4.047596063925849030e-01
1.051658686225022260e-01
4.061165075794867518e-01
1.032375939042389779e-01
4.065706520705163474e-01
4.060925185465321108e-01
4.061488533882212093e-01
4.061165067430734799e-01
4.104251207277343494e-01
6.598196537357434721e-01
3.968868705224376514e-01
5.552527984469188826e-01
7.686876439149921136e-01
4.655503873199292042e-01
4.237117090069290604e-01
6.504391915942958624e-01
2.210893249836460295e-01
2.544816588329169016e-01
1.678115603638746789e-01
4.054034804308100370e-01
1.575038901621836906e-01
2.850471113946078661e-01
3.971325137464644106e-01
1.326504521819795168e-01
4.577264962710147489e-01
1.135290589983709436e-01
4.298890213689409157e-01
3.314713583703156607e-01
3.740812394519804629e-01
3.907803602554149047e-01
7.631830512876394690e-02
3.301832022657946730e-01
1.575663790033916822e-01
1.596983422955157161e-01
1.575954829699315052e-01
3.881090036121525033e-01
2.243115622195873127e-01
2.233359393777100410e-01
3.794190002862257161e-01
3.846116788680375986e-01
2.106392916332995302e-01
7.686876439149921136e-01
3.956267601436035952e-01
6.592728836938144266e-01
2.674467557276924978e-01
2.528394778999032977e-01
1.576087935077498392e-01
5.286934171563123508e-01
4.589310007111679357e-01
2.448966034283082682e-01
3.348771315950620497e-01
4.671643178233166882e-01
1.575551678359431995e-01
4.458495137716827483e-01
1.975382918735187621e-01
1.419049514108055021e-01
3.901649441749316383e-01
2.261573604774641255e-01
7.686152125345661057e-01
2.755766221508274549e-01
5.201732003938889237e-01
1.700151548557499726e-01
3.971136722514307382e-01
4.841841807343502668e-01
2.227068426155385250e-01
1.544283126542068119e-01
1.575698649628935188e-01
1.353910483459264680e-01
2.239861181398544454e-01
4.541032866561490744e-01
4.165993597082735533e-01
4.160632316531824304e-01
3.974729040660205936e-01
3.405778809741940028e-01
3.970785224124316337e-01
1.354085714676259711e-01
3.973278246027402982e-01
4.870217439427377282e-01
4.077653125497042175e-01
7.687884416868541182e-01
1.837121017608537299e-01
3.818249978783517240e-01
3.818249976090747344e-01
3.818249975434419019e-01
1.846579608613273804e-01
3.532443158917970560e-01
3.818781166427054341e-01
3.816919912930274994e-01
3.774977190464172128e-01
1.845898730817129851e-01
1.774789373957336713e-01
3.818273109427750556e-01
3.818301555610589815e-01
3.816831225630222812e-01
3.876530886654372954e-01
5.886788773233625482e-01
1.833859484546351282e-01
3.818249986066340473e-01
3.704741898465950256e-01
3.817011081610969803e-01
3.301791550153052590e-01
3.818395834677125178e-01
3.818249977798976458e-01
2.330307601002274687e-01
3.818250003504968793e-01
1.842349052158811784e-01
3.230900749940523453e-01
2.683293340903541435e-01
3.818249977798700567e-01
3.943386096493932125e-01
9.558315664576431114e-01
3.818132538761286887e-01
3.818250276964275658e-01
5.000000000000000000e-01
1.855741215863210558e-01
1.833979730749244752e-01
1.836759070933243754e-01
1.836520370154578197e-01
3.817618259846053408e-01
3.611347265829905617e-01
4.755210279962099329e-01
3.818059183141480073e-01
2.376276052776664094e-01
4.625411500879324511e-01
3.883059021357662122e-01
3.818250032457982113e-01
3.818243506114065156e-01
2.884671491589130832e-01
3.818250745304327953e-01
3.818250069368790967e-01
3.729040223300782997e-01
3.833784121440574344e-01
2.996351061869739762e-01
3.818158998839689122e-01
3.841416319943736224e-01
3.809749232966407884e-01
3.818243485264823378e-01
3.804975483898129784e-01
3.818205983522119928e-01
3.897455463130963249e-01
3.818252378749601439e-01
3.820037195744407366e-01
3.818460429745574314e-01
3.818684498385110926e-01
3.818250023157042650e-01
3.818249977864338063e-01
3.695122929036356862e-01
3.793114019462790476e-01
9.657260881747071757e-01
3.820472337898598858e-01
3.818250378305943493e-01
1.728280304407575074e-01
1.341232919152933745e-01
3.820655548426924453e-01
3.927347163774485561e-01
3.564882057480594502e-01
2.563602140703690746e-01
1.342414688654388066e-01
4.250839919432303771e-01
4.201969592170940460e-01
4.250385444456707407e-01
2.500954449475556451e-01
4.156523847533297178e-01
4.275854491022369475e-01
1.519220401938402021e-01
3.681919366877982602e-01
1.729569228850585949e-01
1.312047986011820322e-01
7.709809687267162870e-01
4.225404170630464584e-01
4.036389063517230591e-01
2.239281937099675546e-01
4.250793928335147576e-01
7.177304488723376119e-01
1.421357942277885755e-01
1.332189932373266938e-01
5.000000000000000000e-01
1.728753552413394567e-01
4.206509255376644218e-01
1.332189932373266938e-01
3.899464441756479993e-01
1.487087671280042100e-01
1.676300940305749942e-01
4.177391000869815074e-01
1.276290042304200900e-01
1.916889436969540228e-01
2.559265962381599424e-01
1.794436230642399988e-01
4.188726271243922716e-01
4.001644497617702911e-01
2.854534543947221392e-01
4.679694486292914068e-01
4.265034455234228417e-01
1.985762407715277178e-01
4.261076520482323660e-01
3.276324731989462280e-01
4.255474104014463910e-01
2.308580228623682840e-01
4.255217146482955237e-01
8.535358381642274006e-01
2.602456018415272854e-01
2.206634804805999439e-01
1.463993241164165959e-01
4.895763927655470416e-01
4.030324168677669183e-01
4.200941710458974132e-01
4.264946327589510533e-01
4.329096228233487165e-01
4.208944731832854891e-01
4.264295832008664910e-01
4.698552148660895544e-01
3.474807334576816564e-01
4.307430319903202132e-01
4.320589043893949821e-01
4.265082894647072020e-01
5.809034663050284264e-01
3.686229934716686030e-01
5.214862484494874328e-01
2.664176060064869511e-01
4.264925705816247081e-01
4.434931700301629753e-01
5.076800959605134445e-01
2.820030466424199855e-01
2.776826074592083082e-01
4.000894461582982231e-01
4.076585717397831488e-01
1.068935696229057070e-01
3.994815627966474825e-01
3.995813633482294680e-01
1.069037208326604760e-01
3.995096564543399453e-01
4.038796538861464946e-01
3.610796643719902943e-01
3.373697116517561656e-01
3.425760920165677459e-01
3.994815633644226982e-01
1.068573026828502082e-01
6.385310095668841890e-02
3.289324886994089425e-01
4.065489262681438176e-01
3.699210457492296267e-01
1.067835586911142082e-01
1.068644918927542653e-01
3.995716311853430569e-01
4.594514163351436364e-01
2.870031390732752929e-01
3.992598697852186018e-01
3.994884506081632369e-01
1.069037208326604760e-01
2.170587325286774949e-01
3.994819117568498279e-01
3.993383628774682670e-01
3.994819964985533156e-01
3.994815633644226982e-01
3.994815633647039732e-01
4.087048564963012276e-01
4.022959053307368915e-01
3.994946353674828643e-01
4.001166304596615042e-01
3.997539265528815555e-01
1.068805563825658278e-01
3.991266593165037069e-01
3.994705428637466138e-01
1.068436761327743595e-01
3.994815804851881702e-01
3.990020131560059191e-01
3.994815634431177487e-01
1.068333478944481912e-01
1.805078843997854343e-01
1.068984890655167164e-01
4.022449367139824816e-01
3.994815632365957270e-01
1.068785941430500375e-01
3.367519313581558427e-01
1.068351237908832102e-01
3.989162131662865041e-01
8.618316489314618856e-02
3.992146584868370152e-01
3.987177000081529310e-01
3.994815633644226982e-01
1.067951544466459596e-01
9.487917188272396718e-01
3.993367372009781202e-01
3.841282370533473101e-01
3.994812975135377253e-01
1.479530857555875212e-01
3.579259552338263095e-01
9.487596398502580186e-01
3.327318140211881214e-01
3.994740846117350030e-01
3.994815603151434802e-01
4.001530237940570389e-01
3.994851219618956728e-01
3.987357630450643065e-01
1.111998924241919678e-01
4.026253517028157702e-01
7.278692438086434846e-01
4.027630718379862640e-01
3.798831600627073368e-01
4.026254054328888277e-01
5.308245035299231640e-01
7.278692438086434846e-01
1.203171863500572120e-01
4.026253402314021734e-01
7.031945495505191879e-01
4.023932542407388513e-01
1.341164173694133210e-01
4.026243404562267481e-01
4.024204167269213039e-01
4.026253402274224680e-01
4.039202303757737922e-01
4.026252891244240240e-01
4.026253402366093970e-01
4.026021198431707360e-01
3.546169578819751145e-01
4.026736635908123585e-01
2.893831580764678613e-01
4.026252700499244330e-01
1.203152100091182397e-01
3.850055102552303321e-01
1.204044830280360107e-01
4.028989597714813242e-01
3.536170733191321691e-01
4.029676868417338409e-01
4.026253502054833455e-01
4.026253398262584771e-01
4.030323683548396319e-01
3.333426976165897448e-01
4.267901189996792244e-01
3.559734783097126543e-01
1.255614101540047378e-01
3.972097933999060304e-01
4.170242203635141642e-01
6.653364966465328267e-01
4.010473131965870963e-01
9.275966550259056032e-01
3.787250206453186552e-01
3.506242336364524537e-01
4.028243054388552236e-01
4.025412395736235882e-01
4.026253402322788055e-01
4.026253402292683248e-01
2.742976246216421998e-01
4.026253401944286936e-01
5.907686198243928821e-01
3.594055846646768693e-01
3.544102749149242726e-01
4.026861080791785397e-01
4.026253402308294649e-01
4.026463418331424071e-01
3.176065351729776554e-01
3.481665431292172430e-01
4.026171375199195102e-01
4.026165689537386516e-01
4.033079487190878165e-01
3.707690371969101784e-01
3.130579698497264474e-01
4.026253402312190421e-01
3.774572208184724387e-01
6.939343102136567853e-02
4.025992059343926344e-01
4.026253402314021734e-01
4.026253402314021734e-01
3.965647532371269768e-01
3.074275833216911780e-01
4.120592841342068935e-01
8.533512148966820865e-01
8.425908162363981990e-02
3.667386992144540114e-01
3.719829512005810579e-01
8.430287146082732219e-02
8.411679312682249221e-02
4.192373633808444966e-01
8.494289845060586375e-01
4.192373633808275657e-01
4.273288352618453412e-01
4.187512190976477866e-01
4.192373276881723454e-01
4.221492938426432695e-01
3.825468446940957223e-01
8.430287146082732219e-02
4.380760394487155929e-01
9.751117088151062262e-01
4.192373633743756156e-01
9.143188267508304268e-01
3.698340478818653021e-01
4.192912598778816835e-01
4.195240227701230173e-01
8.073303633440251370e-02
9.751117088151062262e-01
4.222602423765298707e-01
5.788669952355941506e-01
7.301441803356029103e-01
4.192027980500372397e-01
4.080449022186616870e-01
1.784432893451594337e-01
1.949870692320046506e-01
4.169809316273895283e-01
8.421447148668899374e-02
4.252568660935741596e-01
9.559632322834339668e-02
4.225456709411962719e-01
5.101141137324141095e-01
4.192330824200911077e-01
2.648506615355689653e-01
4.192373633808444966e-01
4.058534348690615023e-01
4.192373627568746763e-01
4.129635275418116480e-01
4.192354874974810741e-01
7.917128534693971265e-01
1.092293184296082575e-01
3.873279371136270077e-01
4.192614874300702454e-01
4.210767678089921695e-01
4.191785375872084662e-01
4.192337773842303994e-01
8.413617243156865100e-02
8.423557484784406635e-02
8.423478943127223062e-02
1.662639957388428458e-01
4.192273847487369975e-01
8.425908162363981990e-02
9.046839410566136497e-01
8.420301041948018150e-02
4.410941472573509103e-01
4.654782854743352849e-01
6.252287693171766358e-01
4.192373633826843027e-01
4.249415688093912680e-01
4.192373633808444966e-01
4.182900171866919536e-01
4.192373541425612471e-01
6.502971185212564897e-01
4.192399662664659243e-01
3.142300745797075301e-01
4.492832602310123935e-01
4.356961411022023389e-01
5.976738005413471111e-01
4.566072368055779096e-01
3.319704296131439358e-01
2.297722545844584352e-01
2.252152089665876711e-01
2.193300200760799346e-01
5.906921941484306604e-01
2.250191892024771823e-01
4.067137436490841362e-01
2.747499502318575537e-01
2.419516034116725167e-01
3.926978330968250441e-01
2.495009516508508440e-01
3.701453580640068908e-01
4.166617782144197979e-01
2.828282960164059667e-01
4.394814920012902193e-01
4.488992625208584886e-01
4.041519342094986311e-01
4.671184375574317094e-01
2.412692684241276031e-01
7.226186570163199985e-01
4.541933148244022278e-01
3.640655082648154295e-01
4.284178881804304173e-01
1.810498516705216221e-01
4.590667809323750181e-01
3.526292193075005188e-01
2.494085120865549010e-01
4.713660284011579327e-01
3.038195141396685117e-01
2.505939451324762368e-01
5.146811108399776957e-01
5.344828020514615918e-01
5.686737643645443097e-01
3.820141877145187270e-01
2.495306069900259105e-01
3.478273423930025032e-01
2.944810047610932346e-01
4.803519529228932328e-01
2.769507579346917603e-01
2.187320412146032955e-01
4.173389632796928872e-01
2.494722904992582313e-01
3.021265104843073313e-01
2.494722904992582313e-01
2.279382948644424478e-01
4.831259051271013516e-01
2.495211735024795152e-01
3.823135480966783351e-01
3.343388809938990791e-01
2.595245909197628764e-01
4.076134938530843188e-01
3.219059006306606019e-01
2.494696542025248986e-01
2.143293473134891824e-01
2.601545175873494764e-01
3.801587977617892911e-01
3.374389104360722147e-01
2.835548003518122417e-01
3.851340319737664442e-01
3.879736805534784727e-01
3.020060686349863022e-01
4.745446857670164720e-01
3.840856839021613012e-01
3.660226380178567829e-01
4.866797483417999448e-01
2.599557689585562659e-01
2.764033527103368360e-01
8.087003954364475888e-02
4.038445569793722711e-01
2.743804900502191946e-01
1.730723298999922166e-01
4.305256698745147381e-01
4.030921483366849967e-01
4.038443005178098955e-01
3.136662558662433042e-01
4.038446950160833882e-01
3.944468262552461302e-01
4.038447082049645420e-01
9.701468224546495878e-02
4.623560326852574343e-01
8.940021442662836604e-01
9.690022291239136498e-02
2.856638400472235606e-01
3.460206085967237333e-01
9.684720332466811854e-02
9.688454405513849399e-02
1.404821309619360137e-01
4.038447082049645420e-01
4.038429278264894506e-01
9.697246895403485722e-02
1.082573740915484528e-01
6.402372689210741874e-02
9.690718982408585980e-02
4.038440924104966245e-01
4.020866383383664977e-01
3.827170565585239492e-01
9.697246895403485722e-02
4.033164271079509033e-01
5.568433261331146022e-01
3.408903619527109963e-01
4.131473675070480023e-01
6.227723757903500523e-01
2.612202561366461784e-01
3.121990164458185446e-01
3.581652417609192951e-01
4.539779300433535170e-01
4.038443547995630434e-01
4.038447479481269142e-01
9.687131513335742183e-02
4.038569026481012014e-01
3.952899051876817560e-01
4.042628212527588083e-01
4.072906244866360548e-01
3.799680871285913697e-01
2.320225473645778358e-01
4.038447082000513610e-01
4.038447082049645420e-01
9.688637781292697149e-02
3.151584742697525199e-01
4.038447076319086615e-01
4.009874547654002086e-01
4.038447051774844421e-01
4.034179486909709733e-01
4.082992196089599846e-01
4.814354822037920090e-01
4.038486457415130793e-01
3.150033500369425199e-01
4.039292992317677355e-01
4.037938331395419245e-01
2.817660532081671665e-01
4.035925643878765512e-01
3.684049362078911094e-01
4.038585042746296594e-01
4.040134305948547833e-01
3.913001170784779492e-01
9.691411621006648658e-02
4.038447082088331697e-01
1.939690495854460295e-01
6.969117749681839058e-01
3.602668309137906921e-01
2.431041074347012332e-01
1.666312341619961002e-01
1.904750709862503555e-01
2.262668290873058319e-01
2.206251179278543861e-01
2.161745254636438240e-01
2.009349441324378427e-01
2.947875014179135444e-01
3.588454860190676832e-01
4.091453995116982045e-01
1.883707835964981703e-01
4.326667696132872609e-01
3.056345221053687333e-01
5.509133256719062066e-01
2.626595724363529061e-01
2.137776538456676867e-01
1.996259976930256919e-01
2.660272453149569172e-01
3.608373961037977251e-01
4.081547044592145346e-01
1.950692142550328190e-01
1.837686092307018737e-01
4.749237341130778667e-01
4.289015717905789171e-01
2.333086315322952242e-01
2.004807265169651631e-01
2.230872513879184615e-01
3.223937136363799749e-01
3.999801300662651493e-01
4.623198953528905863e-01
3.116467603962749244e-01
4.051120751761680405e-01
4.534207169063061982e-01
1.885053431410485814e-01
3.409228091069314570e-01
2.105305084006938998e-01
6.182012695294202276e-01
2.452075343888951153e-01
5.408619279252658840e-01
2.037307919009735124e-01
1.837686092307018737e-01
2.986365067169159393e-01
3.644012591367951637e-01
2.220153694050286397e-01
5.594280395121972171e-01
3.853217003956688202e-01
6.390832160497691428e-01
2.260115960491500542e-01
3.615157416008324964e-01
2.641666640500187069e-01
1.710848493428153982e-01
2.158185204740471763e-01
4.242344177811890327e-01
3.607768952690263986e-01
1.856558309170170118e-01
3.107938984403747495e-01
5.953661030724746173e-01
2.752205871803352077e-01
2.829164573932510529e-01
2.627075783529942976e-01
3.307555973537381622e-01
3.913904318632814849e-01
3.412887344240796428e-01
4.094093373323683394e-01
3.481589323223602261e-01
8.118424146096193672e-01
1.903657298842058587e-01
8.205307352888012717e-01
