2.755628152184887436e-01
4.481986958757664952e-01
4.670203617938983309e-01
1.731519593697836423e-01
2.468493566126953864e-01
1.155376820447581998e-01
4.410351303924396338e-01
4.255544477043393115e-01
1.553606443482006827e-01
1.877168524787775628e-01
3.704204537690383714e-01
4.211578773956557997e-01
4.259995809644864795e-01
4.255372623589238068e-01
4.249892672390508386e-01
1.280567312593247631e-01
2.941921811147122368e-01
4.255411066864575043e-01
1.233626903135042058e-01
4.765078259525950544e-01
1.278673820681555384e-01
4.255405706980193714e-01
4.255325451764649380e-01
4.255567269753049442e-01
5.165450320490669878e-01
1.997145268619371361e-01
4.160554353594773658e-01
4.793272073678708778e-01
3.935818694048802691e-01
2.503024021880195793e-01
6.900909003174580114e-01
2.503024021880195793e-01
3.188502779599048931e-01
5.807898710097869621e-01
1.553606443482006827e-01
2.733491946109101733e-01
1.514043992401891692e-01
4.159214468374849982e-01
4.613968632844375750e-01
1.950929103462187009e-01
4.371694207098585361e-01
3.885642725765063865e-01
4.255545755912288342e-01
3.967575849656678755e-01
3.488969469098500142e-01
4.097486109071332705e-01
4.255545617040667472e-01
3.796411329576914739e-01
1.860012255461262476e-01
4.255452051213218234e-01
1.571650020276000592e-01
1.656119874312953766e-01
4.314851485503989892e-01
1.553606443482006827e-01
4.255207513958925158e-01
1.035969860753404442e-01
2.868769173032268416e-01
4.394274001462618040e-01
4.202773778981673258e-01
4.253929589231915664e-01
4.621426687737286709e-01
4.693726591734924680e-01
1.553606443482006827e-01
5.322420153933021814e-01
1.575129771516688426e-01
3.826230769722721581e-01
4.255307173298387147e-01
4.143893927431540058e-01
4.239543384413713145e-01
2.416968235234477347e-01
1.553606443482006827e-01
4.023394621911866031e-01
1.233626903135042058e-01
4.255519702351611144e-01
1.352801657809026559e-01
4.447419598829938092e-01
4.033212110841895015e-01
4.728226925646362711e-01
4.255315685192010422e-01
4.868229193429155499e-01
1.387441304588457880e-01
6.859729104160131596e-01
4.366689953516381673e-01
1.385986191019187297e-01
2.506855955222160315e-01
4.292231215963863145e-01
4.281227939734132959e-01
1.385986191019187297e-01
2.068522173734520242e-01
4.866064961719325233e-01
6.447718187473290286e-01
3.327641702222707276e-01
2.299257996413702765e-01
1.373123641045903010e-01
5.109848269867205417e-01
1.386213956357183474e-01
4.338242941673503550e-01
4.367178029145665219e-01
1.651300046908346641e-01
4.720730951081394955e-01
1.064334158366506689e-01
4.572498107889157448e-01
4.594939549681911206e-01
4.106190261107394157e-01
4.313673864356435961e-01
3.663174966693826251e-01
4.263160194143101323e-01
1.394143758204297312e-01
2.317462991323334665e-01
1.049603875533382386e-01
4.264775889746413862e-01
4.658882693764762051e-01
1.385986191019187297e-01
2.510354052810209180e-01
4.338249753522399055e-01
4.572905236998733858e-01
2.184131497401266275e-01
1.976372185852820484e-01
4.359755054839377642e-01
6.356834691861549258e-01
1.187621147762386448e-01
2.152771555094824540e-01
1.366504445371024279e-01
6.239262103880746091e-01
4.699267716982304388e-01
3.590843096733877249e-01
1.281206823487603952e-01
2.535026118850910448e-01
5.484570948559923664e-01
3.486964714674756216e-01
4.375470709440226758e-01
1.912741536279658205e-01
1.491992777226738287e-01
4.384143579861764506e-01
3.802289570984738742e-01
6.095124710726521622e-01
2.616997987461931463e-01
6.926325502482582053e-01
1.390337821977447319e-01
4.366737960332043311e-01
1.277286845125098214e-01
6.080324618562890082e-01
2.101639627075248262e-01
3.275254845054744735e-01
3.784221492995719638e-01
2.175944551853205566e-01
3.821134616422695585e-01
5.308917328785438539e-01
4.430506817736333258e-01
4.898893249902477876e-01
4.372607684959043950e-01
4.086312998715832534e-01
4.368248183434043641e-01
4.367130681644698642e-01
4.380799479378393868e-01
4.406913766802100230e-01
8.782105420343017110e-01
4.648160971207022096e-01
1.498238663529078973e-01
1.631725437886406560e-01
4.142600330871685221e-01
4.064515510815974730e-01
3.693064184688453766e-01
1.621764633105202136e-01
1.798309480323242171e-01
4.225677114288615699e-01
2.667514015989260745e-01
2.229208734180798956e-01
2.052532693715498624e-01
2.052248747965285947e-01
2.311296424093507440e-01
1.990133347897403426e-01
2.052532693715498624e-01
3.916922821412613942e-01
3.664096956735533595e-01
3.384475971548903672e-01
7.569630238027569291e-01
3.033767571160401189e-01
9.702851897133084325e-02
3.591222991525356290e-01
6.303785245362762968e-01
3.410318471054809009e-01
1.540660667925921601e-01
1.915468158950445476e-01
3.898523179633169855e-01
1.331807390538859992e-01
3.117292175283161160e-01
1.597648619427353978e-01
1.580909033622226734e-01
1.900528863707204863e-01
3.531432069951063735e-01
4.507530186701595443e-01
6.805074928978247506e-01
2.491452298028309087e-01
2.770352498263228824e-01
4.347436173657060476e-01
5.769810853992656252e-01
2.655459959839216455e-01
1.367584498587578190e-01
1.652982847673389044e-01
2.052355986139985655e-01
4.785730923582333651e-01
1.383718007725208421e-01
5.971653382391894915e-01
3.674772790611159357e-01
2.052950364254316484e-01
6.009851415261390217e-01
2.547255454356595061e-01
3.765449880938428473e-01
3.106694456577896446e-01
1.410465514489136762e-01
3.808930952651403135e-01
4.287425332865565375e-01
3.613494079809610460e-01
5.436957052742092955e-01
1.840458939913374725e-01
3.565348270590434909e-01
2.458559110582044516e-01
3.177386347577053072e-01
3.926870865593831694e-01
1.623647068821668649e-01
3.171912684835568319e-01
2.464551811140249238e-01
3.665602988122659833e-01
5.778644363966937147e-01
3.885376455611333490e-01
7.287641218596837556e-01
5.164024852441109203e-01
2.347581955299425094e-01
3.654827206603093459e-01
4.693516441413402851e-01
6.114651009812460680e-01
4.448538504206960287e-01
3.711917061345692548e-01
6.469349077565854644e-01
4.206338473661980770e-01
1.411211183230131616e-01
1.451199095108313686e-01
4.229975669671458549e-01
4.036710680645599347e-01
4.348790217423273985e-01
1.791940722286343157e-01
2.486047879741082878e-01
1.168990277059099719e-01
4.204421903955413709e-01
4.740219749225269563e-01
4.286380124924658030e-01
1.975519959564369377e-01
1.276877834068958217e-01
4.403594041552882365e-01
4.275957242985110596e-01
1.451887096193680837e-01
2.745671939703887565e-01
1.709234151134045032e-01
1.250695906157503479e-01
4.450541874677706455e-01
4.245527777213848886e-01
4.081652173655245242e-01
1.436595020264133937e-01
4.293599173652327128e-01
7.581556155562342303e-01
1.496029844117261198e-01
1.451897949049788805e-01
4.210797278781590047e-01
1.499651290837829276e-01
4.002877597319731695e-01
1.086517719544757010e-01
3.500242067163329418e-01
1.451701897011706821e-01
3.753573150397277458e-01
1.368695445416933942e-01
4.214704120051037117e-01
1.499720684859148778e-01
1.451701897011706821e-01
4.120275076455973129e-01
2.500321339568198353e-01
4.259788947506079060e-01
4.565812246177687328e-01
2.929110954739642669e-01
4.301240632811634823e-01
4.275954031658787957e-01
2.597852989875510943e-01
4.259232443132198176e-01
2.683254623721504917e-01
4.341257537984002379e-01
3.984203109822159194e-01
2.085357725379649030e-01
4.267723233200219068e-01
8.981018496343270430e-01
5.105502212699349895e-01
2.931264597494782076e-01
2.866755548089544581e-01
1.391229139132421910e-01
4.318473767061460356e-01
6.265166251109406392e-01
4.138861696054823014e-01
4.275912034518474791e-01
4.465618446274919884e-01
4.329819213450789572e-01
4.330190847273285848e-01
4.097890650759711817e-01
4.089070949492429330e-01
4.284506832101435680e-01
4.340842003231662471e-01
4.275983140916813086e-01
4.667940027920751689e-01
3.510158139526683985e-01
1.762777346440800308e-01
4.636177318962397265e-01
3.081635791390716084e-01
4.269963798737849703e-01
4.223295373603349057e-01
5.199991478890333418e-01
4.114270032003030653e-01
2.217091120321271203e-01
2.168654836873545599e-01
5.706675385338652040e-01
4.775308035854109456e-01
2.209700824462868529e-01
3.022254865684620984e-01
3.622052847019290311e-01
2.174211661381887650e-01
2.198736261002397774e-01
4.914260732216926830e-01
3.618603263633235478e-01
1.718034930681205108e-01
3.659333073728362473e-01
1.437159683314183090e-01
3.625346746373964146e-01
1.430157264790976601e-01
8.161001138140847044e-02
1.141862321253657997e-01
5.567454532989667415e-01
1.950638965656069646e-01
1.351290227063496885e-01
1.984449043484387276e-01
3.124060862208753453e-01
7.650590603402623868e-01
4.288619796789991390e-01
5.530794203061880632e-01
1.964441288849966549e-01
1.984842817155836880e-01
1.643499778780194986e-01
2.223656643948536127e-01
4.515124392074614801e-01
5.244298099525943613e-01
4.036510519616332560e-01
3.706777005252532842e-01
3.955212943619503263e-01
6.212593707794272779e-01
6.071795765569785175e-01
5.475806730924807075e-01
6.086061882235022091e-01
3.310348264173430533e-01
1.706242987508836129e-01
4.846658201966831947e-01
3.569986692715788612e-01
1.606375272381526109e-01
4.556558379681264204e-01
2.534388558084015863e-01
3.643852354919926984e-01
1.204341062530713963e-01
2.937092596578731452e-01
2.240865708407682733e-01
3.119061861254480705e-01
1.616190351868578012e-01
3.814481768777935877e-01
2.958033694318832341e-01
1.748307461009442343e-01
1.985173614468432046e-01
1.984613976975488359e-01
1.984613976975488359e-01
3.646887982600386935e-01
1.276641714547589734e-01
1.597895710174950801e-01
4.540802037135652225e-01
4.399778269906172712e-01
1.240859338006205237e-01
4.015101399408447791e-01
3.712072622294403379e-01
3.217494146659214960e-01
6.787058491104748237e-01
5.509608051822595387e-01
4.469642005542606711e-01
3.848751069125855850e-01
8.830593879380969902e-02
4.256580706599730202e-01
6.549273006353557580e-01
1.984613976975488359e-01
6.612753820859507137e-01
4.033381822155790442e-01
3.430025812868747193e-01
6.020696368133250376e-01
4.413019084872464859e-01
1.899076458616124063e-01
4.400480380723404417e-01
4.576937108724620229e-01
1.276710440257529666e-01
4.872333377830022627e-01
5.463172380934344652e-01
2.271221457679731270e-01
1.107210734501833382e-01
4.374888706360934298e-01
4.239975431627763247e-01
4.866925772054780941e-01
1.431372464518386456e-01
4.353317029890608203e-01
4.141771548661203894e-01
4.393634741323325654e-01
4.710148407663276027e-01
4.394237628013764052e-01
4.366669040173694061e-01
4.375414922435153509e-01
4.321844375919209336e-01
1.651384723255854003e-01
5.461013719112999265e-01
1.360716824399519909e-01
4.586993299294952475e-01
1.619361781951779433e-01
1.277450288694934044e-01
3.219021244796637093e-01
1.054702239491925597e-01
3.685505066118626716e-01
2.819231053732627612e-01
1.275940296010757979e-01
6.377723161257990991e-01
4.375049742482444715e-01
4.373954607714899967e-01
4.267755420366683983e-01
2.028507958860516214e-01
5.523659912614194978e-01
3.316499456772338261e-01
1.098928530741334897e-01
4.001039394991224851e-01
5.259770875287832492e-01
3.367481264728700574e-01
5.185196308822087596e-01
6.265871091704727780e-01
2.928369124789019784e-01
2.058806305917675883e-01
4.395859754494437222e-01
5.442562342042369661e-01
4.370083881313472363e-01
4.374262477877646216e-01
4.453701469698352344e-01
4.351486593331268526e-01
5.476487864153195551e-01
2.070610554809933224e-01
5.280688668839654820e-01
4.715226398314232292e-01
4.371724081435546805e-01
4.458260131459142461e-01
1.820624128080149395e-01
1.825731671111944510e-01
5.000000000000000000e-01
4.250206156756450304e-01
6.476937449568787031e-01
2.324900437863063607e-01
2.297942732445224789e-01
4.373442357985312667e-01
3.229909576444809360e-01
1.426382097364410628e-01
6.031397549948230158e-02
1.548883278625796112e-01
5.000000000000000000e-01
5.717101897887245654e-01
5.000000000000000000e-01
4.374921565794093747e-01
4.374894237010680809e-01
1.532236981799671438e-01
1.276710440257529666e-01
1.676516979775335980e-01
1.378645301229055320e-01
3.438644773745858085e-01
1.747699899284411718e-01
3.861963509594080746e-01
2.052393643155401015e-01
3.754945885016431895e-01
6.845154235191747150e-01
2.100579073429288124e-01
1.804970322730611865e-01
3.879805074395760167e-01
3.274500604485129918e-01
3.328309614198395883e-01
3.396173444833546773e-01
3.498472927270240840e-01
5.313875116999219328e-01
1.476848699552121835e-01
2.281978520769749330e-01
1.210930725089586629e-01
5.000000000000000000e-01
6.846024792262018765e-01
4.479691889072850985e-01
6.844944675389614819e-01
3.036507039148201859e-01
5.476670669981597017e-01
4.783849755283018923e-01
1.247918257449435187e-01
6.846024792262018765e-01
6.712280874148223164e-01
2.051619522712833377e-01
4.275520029715150216e-01
3.352028716167967382e-01
3.300487448334579188e-01
4.652014742835997030e-01
6.090512682480699047e-02
6.609409383922865144e-01
3.297215540570618830e-01
1.992030431059954032e-01
1.892198454794351836e-01
2.052113324246623571e-01
2.501863960843138113e-01
5.219836767199518279e-01
4.456263919036196341e-01
3.742291077559243839e-01
2.373887572248426503e-01
3.769207833988489909e-01
1.816893878453832156e-01
3.365119944913254613e-01
3.818987567892154766e-01
3.827187007113975192e-01
5.000000000000000000e-01
2.597878449047376637e-01
1.820259891806940422e-01
3.809147914688481018e-01
4.506032966109588811e-01
3.873685166752642850e-01
2.832652574093277309e-01
4.719631053860911529e-01
1.518161118576836222e-01
2.052439072209941429e-01
1.828725086047712223e-01
1.000627016296151001e-01
6.058244023542547207e-01
2.052221971382867938e-01
5.411424185026102451e-01
1.376819874890187478e-01
5.955478999800205564e-01
3.296839206224038143e-01
1.841744637342624669e-01
2.952143588038818600e-01
3.127202186935194583e-01
4.143918576617990346e-01
4.899007019393726847e-01
3.806305859263360292e-01
1.639895391711104766e-01
3.707697840525875921e-01
2.773188735317953513e-01
3.993690247688599926e-01
3.961437880397585265e-01
4.466114215637069229e-01
5.000000000000000000e-01
4.456136671169236840e-01
3.331494650504388533e-01
1.037868416844566211e-01
1.265238256648381909e-01
1.431664633166035705e-01
4.895492744833934706e-01
2.034983608890580942e-01
4.649938316579905195e-01
2.843527471148727948e-01
1.946618053322634045e-01
4.908086764189734663e-01
1.749463305912677402e-01
3.361050974836956029e-01
4.392365888048093137e-01
4.240677357276279036e-01
7.046896287821596827e-01
4.398417374523365675e-01
6.869625455134854564e-01
4.413160340888728772e-01
1.331206985893069461e-01
1.391137469423648632e-01
6.140284391851459356e-01
4.357363100900811248e-01
4.157547683792348625e-01
4.355572973393122549e-01
3.541350687777237716e-01
4.415449583005661705e-01
2.911409509272246399e-01
1.778538836714704530e-01
4.434217236148131347e-01
1.800041600460724478e-01
7.817893818765705993e-02
1.266198378798701341e-01
5.300231714308827335e-01
4.937742315758715805e-01
1.329570388728529007e-01
5.892744865915109376e-01
2.572971236896094971e-01
1.252585383207015790e-01
2.970447966784290350e-01
1.331445781363105318e-01
3.080562570478823092e-01
4.460053694282900549e-01
4.549429938719904420e-01
9.254875751241220527e-02
4.425729958609508907e-01
1.330789733343082648e-01
3.852911435033609111e-01
1.330789733343082648e-01
1.189876157822024050e-01
4.395655671245105589e-01
1.357230219950984751e-01
4.528421520276557644e-01
1.357131047892955467e-01
3.273691968811364150e-01
1.475952129651401656e-01
3.427198756340757990e-01
3.648094945048507842e-01
1.331097844743118486e-01
3.165676501943109900e-01
1.493213445434296294e-01
1.293188945106594490e-01
2.196994945901316054e-01
1.379884308880815758e-01
3.439749221936860279e-01
2.369376782538812065e-01
3.614015909119547842e-01
3.814863389308217334e-01
4.757109099016849640e-01
6.245551077181080712e-01
3.698252836928294096e-01
1.330098572332885365e-01
3.752221268025355272e-01
5.429562521961235344e-01
1.684011671729536419e-01
2.290167361336001850e-01
1.669212379268192326e-01
1.434606455935383273e-01
4.070145330329830169e-01
2.600384772223714447e-01
3.012346527407205876e-01
2.938204951936564946e-01
4.061556959273499579e-01
4.106529154494293343e-01
2.239392421715179216e-01
4.129572047940171520e-01
3.526302933943679663e-01
4.148186019329846985e-01
1.255181561731168183e-01
6.623821873363836543e-01
3.415148976361334077e-01
2.677401338313932788e-01
2.627137686227728475e-01
1.559693221399813534e-01
2.081258211769708988e-01
2.111205788026412900e-01
1.559935710107522022e-01
1.782108625418599712e-01
2.740505663662962110e-01
4.148077523323804305e-01
4.358632106010306151e-01
1.030461871115207484e-01
4.090118784136612118e-01
9.023901937674824736e-02
1.532157500664419192e-01
4.497399437067284844e-01
5.360778849991674200e-01
2.154858512813050686e-01
1.043466366222721153e-01
4.436100075578350843e-01
6.970136300204391455e-01
1.629429979736083389e-01
4.436751926349501995e-01
2.316247800623575659e-01
2.970731628596622320e-01
1.886914559389149260e-01
3.634793111596308357e-01
7.401742362207038850e-01
4.224043262006477728e-01
4.255957310242467484e-01
1.306390836269185618e-01
4.275045904033543676e-01
3.893890832660626966e-01
1.559693221399813534e-01
4.550746857537896206e-01
5.146715135806951835e-01
2.884151160690355820e-01
1.221007543919432475e-01
4.147206132648699750e-01
4.148250595020998022e-01
1.560476169488937970e-01
2.544384074108110294e-01
4.147244108997755196e-01
4.434159216918565072e-01
4.193065354557977131e-01
4.128950973066830010e-01
1.559693221399813534e-01
3.498651280179416179e-01
4.264209966925645023e-01
1.491140056580315121e-01
4.135562462407094131e-01
2.716841429510886696e-01
4.587707799330601466e-01
1.609603212676012363e-01
4.238661499441194191e-01
4.224013876983201410e-01
2.604021674383438789e-01
4.709189124095125023e-01
4.318179511716319086e-01
4.773752878766246432e-01
3.036936610136022896e-01
4.104901740116329023e-01
4.146727840892920902e-01
2.813332352593089225e-01
2.296921997442048502e-01
1.484736445948570405e-01
7.236195624786944114e-01
3.756329941832284858e-01
3.174891687627961478e-01
2.211676683554523459e-01
1.203088874137533404e-01
2.809036735207273705e-01
2.365311192572003562e-01
2.093693143512107280e-01
1.452719166298981068e-01
1.175082540598245961e-01
6.897714729841682990e-01
5.140614804672791749e-01
1.403934485581442848e-01
4.481796633321073475e-01
3.662064292160007728e-01
4.564835356874667460e-01
5.000000000000000000e-01
1.639850137777717765e-01
1.196397963292365890e-01
5.383385715689189555e-01
1.758214889571065864e-01
3.035659845563436487e-01
1.612133589780117837e-01
2.397574754534766428e-01
3.707494143091010219e-01
2.480137203969724480e-01
3.502751329178412920e-01
1.383833703770115664e-01
2.297146022633586027e-01
2.151401559347109194e-01
2.370087958285419794e-01
1.671731447860814179e-01
5.528161345157889262e-01
1.516060339657451239e-01
3.745004392051172193e-01
5.643400977620820491e-01
1.760428440420123142e-01
3.181003517772059697e-01
1.131711407134468050e-01
3.235508837080915412e-01
3.787069521671005967e-01
4.032777857885059825e-01
1.863060007758211845e-01
2.411568296926074051e-01
2.753960223928209605e-01
3.228305094107575823e-01
3.416665375636278590e-01
1.697627273791472158e-01
4.907575152227505733e-01
3.592471318138961700e-01
4.918354417018185876e-01
2.201620074208750777e-01
4.121480356000169487e-01
1.526950499866620570e-01
1.253407903859359296e-01
1.150836483727808446e-01
3.096088322192007691e-01
3.231928715432210164e-01
1.457608932534164015e-01
4.209448741352356249e-01
4.837712919755439711e-01
2.957283166528584806e-01
2.103767223410626663e-01
2.753960223928209605e-01
3.890997800396538420e-01
3.598374038500347649e-01
2.600120114763973533e-01
3.710117292313957482e-01
2.837567969066884799e-01
6.997327975947855716e-01
3.457717803471168638e-01
1.993703724600293381e-01
8.118800641339327662e-01
2.245868663345103877e-01
6.998055062691379558e-01
