2.745982778874970220e-01
2.303937047868805932e-01
5.120614049020137948e-01
1.175755996394853981e-01
2.708972813274990732e-01
1.423090038485808895e-01
2.963151607234734697e-01
3.836070212024529358e-01
1.964693195510248680e-01
1.531114698253707718e-01
2.211076653657824409e-01
3.041261343099547210e-01
4.757160326350227120e-01
3.824566347328616778e-01
4.351727553747304911e-01
2.362779819017903904e-01
2.673570541473126450e-01
3.831918077461504701e-01
1.373358270278560445e-01
7.913155617313818446e-01
3.841076345640730971e-01
3.714541853317827047e-01
3.712184066269403893e-01
3.502308045413471960e-01
3.028556582915462592e-01
3.112806562367188001e-01
4.503257309902275463e-01
2.855992853338827353e-01
3.357572478101936708e-01
7.220473028181906283e-01
2.344311951501424629e-01
2.434761968306063118e-01
7.126383938108313831e-01
2.286130010969266158e-01
3.182115564999692947e-01
4.505955367803196610e-01
4.386591534956265637e-01
2.132165586924399947e-01
4.445141251492633616e-01
4.610566065426782156e-01
3.829282985401351591e-01
5.569178967699183191e-01
2.141736554923895086e-01
3.152114064940572113e-01
3.835191147510636500e-01
4.462182346073925165e-01
1.273427107128519420e-01
3.884043744452780889e-01
3.232468717408336634e-01
2.094074108843232418e-01
5.364127013606313499e-01
4.363661439899986227e-01
1.744290978641566403e-01
1.717679669375579143e-01
4.621290006000282058e-01
3.918314999974703006e-01
4.909476905300434457e-01
5.000000000000000000e-01
2.878259089738881005e-01
5.857427839592855845e-01
3.476611079419558714e-01
4.081687213063219799e-01
3.439192090489886500e-01
3.183549628281919786e-01
2.034600222404686354e-01
2.074731211626720528e-01
1.373358270278560445e-01
3.831140418701783901e-01
1.592834224397761678e-01
5.714382290007364862e-01
4.057680234703444633e-01
5.157056771281455232e-01
4.831392101103212933e-01
1.630335122687738003e-01
6.662953534970615932e-01
4.073883972042515733e-01
4.081419555067751781e-01
2.890615233543976093e-01
7.549181670546499801e-01
4.077154389326136941e-01
3.219315225268121194e-01
4.322744468347719526e-01
5.380035352560345041e-01
2.729283590545627525e-01
3.599939688595774068e-01
2.765053132403500480e-01
4.516025933818531013e-01
1.635446335881062252e-01
4.721366480770767815e-01
4.075509245567598970e-01
1.464996946549309009e-01
2.657763606525295197e-01
1.412611822772539272e-01
4.071115878779064667e-01
2.790274581724077052e-01
3.873421253819025467e-01
3.994271692180619282e-01
1.635924679807385651e-01
3.436295299651784263e-01
1.636450798138814333e-01
1.667966852693171798e-01
1.136946970755556147e-01
3.946781272299571541e-01
4.183211060183727459e-01
2.130825666763782600e-01
4.022692285689308811e-01
4.071352578168852543e-01
2.682001054680059893e-01
4.695966944929432785e-01
4.067193573471915569e-01
5.334120608556497389e-01
2.489179001933791435e-01
2.345817403563111858e-01
1.950351432795480178e-01
4.375300350517756787e-01
4.253499363075484152e-01
3.332230018187244958e-01
9.557973693785103142e-02
2.737098922433419679e-01
3.970229814743360675e-01
1.636091183051367748e-01
4.408845138648013195e-01
2.505283077360308530e-01
3.143335280651847197e-01
3.810003127451332405e-01
4.058206696726803786e-01
6.374636104625321931e-01
3.351142329879873705e-01
5.696070516016644714e-01
1.729138674183742508e-01
4.075636370581230405e-01
4.614951116404123477e-01
3.205949253575837155e-01
3.560849286701377459e-01
1.636013147572364934e-01
1.471116315245506456e-01
2.374454742500968774e-01
4.209632999139586440e-01
3.952247433633467866e-01
3.797977447891304204e-01
4.095192525984758247e-01
3.616492015272858018e-01
4.075423357247420220e-01
2.006488471312388167e-01
1.635778423827816686e-01
4.109113303655917426e-01
4.085594520560256182e-01
4.070093882723799794e-01
5.000000000000000000e-01
4.074643266269638575e-01
4.262780692871578347e-01
1.597328123251109122e-01
2.869294752222352196e-01
4.481654427780539796e-01
4.276996155134183408e-01
4.191669997289594884e-01
1.633025575934583806e-01
1.985970918781647110e-01
4.288679191920073963e-01
8.051048868592094454e-01
4.099810764624447490e-01
3.687333984336458315e-01
5.584536823847013887e-01
2.720031032929992598e-01
1.803475785826826328e-01
4.297265903475747661e-01
2.991019097518216596e-01
4.165083919956853453e-01
2.156140774693438844e-01
4.403545467733435137e-01
4.293685180770112075e-01
1.753612128346272447e-01
4.257155239579683004e-01
1.542286245762421182e-01
2.353495308147534326e-01
1.548855134752997187e-01
4.293579409042004857e-01
2.284843543869388982e-01
6.197203135909787886e-01
4.348455495978278407e-01
4.457061967039189776e-01
4.269700684877354990e-01
2.980079535226088372e-01
1.731100308040918745e-01
1.890463026742791042e-01
2.105536578380830526e-01
4.493399069854317474e-01
4.530452690296740137e-01
4.082607709773943827e-01
4.282936196984408750e-01
1.907742535047981802e-01
5.490423432196488429e-01
2.386315699460526685e-01
4.307774189223352868e-01
4.278536113908153471e-01
2.929703725442913687e-01
4.215140559680973231e-01
4.307011617932909320e-01
2.297991461019727177e-01
5.767420098290261254e-01
2.433726936785143014e-01
4.577465748344363150e-01
4.142614297349933028e-01
3.955469343930326787e-01
4.216081847628468382e-01
3.791890127853783654e-01
1.633025575934583806e-01
1.910730354167932132e-01
1.849012046095357686e-01
4.374214213147135655e-01
3.976944802752490626e-01
3.591156790805189458e-01
3.411566935490499275e-01
3.484626836586126042e-01
2.507085674130103969e-01
2.034801883864402750e-01
4.345708176900360264e-01
4.286292755829090306e-01
4.067044506682840899e-01
4.331372719263365534e-01
4.284471963828316299e-01
4.319959529277160870e-01
2.798094351405293612e-01
4.062804040716144205e-01
4.028203319919869685e-01
1.483337367068762735e-01
4.329184158602480403e-01
3.788360220039496129e-01
4.408709259358369881e-01
1.825454082902327468e-01
4.364735135157567503e-01
4.366549561529983192e-01
1.481003771973958272e-01
1.744958320624680204e-01
1.480185103230648169e-01
2.641646021950674328e-01
3.399603090566392094e-01
4.348320521063096522e-01
4.353730424166560309e-01
2.335145228321400812e-01
4.317302663825535736e-01
3.594448204965298710e-01
2.225967588802975072e-01
1.205750671963178727e-01
3.415890604362529226e-01
1.480313421662019790e-01
4.740945041515831626e-01
4.255429011406081652e-01
1.205750671963178727e-01
3.325049145849651722e-01
4.395339936943842840e-01
1.291893597041784969e-01
2.502494514837134143e-01
4.341588799654926834e-01
2.526712680471065453e-01
1.934389055052182227e-01
3.614353227719052097e-01
1.933541812627995737e-01
3.993498933084063118e-01
4.755059042039009309e-01
2.805276465840443323e-01
4.569141299033397385e-01
4.365195997103556991e-01
4.051626480050660173e-01
4.349424443972845222e-01
4.658875527581028964e-01
4.305685301940375131e-01
2.479691410886309677e-01
4.357689148165680426e-01
3.047429717494998802e-01
5.406021533480310781e-01
3.593713459894072870e-01
1.887384240750860642e-01
1.585550852063436766e-01
4.718012535898148396e-01
3.089861049229180590e-01
6.808529755305180453e-01
1.256587689993773349e-01
4.342725114938494890e-01
4.794855838404282200e-01
4.658813020353006484e-01
2.023039850020862118e-01
3.152600460919778858e-01
1.480313421662019790e-01
4.316945479859710666e-01
4.365003651172935650e-01
4.357836070910685589e-01
4.429598204588974242e-01
4.308882613836217401e-01
3.977782547766210430e-01
4.551850403395332756e-01
4.415617270746662326e-01
4.409149672023825461e-01
4.365332920848006837e-01
6.286580087472819489e-01
4.353335488783316998e-01
5.698291877512600134e-01
3.878111143944619754e-01
4.365426639793394958e-01
5.000000000000000000e-01
3.892463938634614373e-01
3.892566369443263286e-01
3.420865152430775935e-01
3.699136730166476816e-01
3.876725918455229403e-01
3.892463336083036296e-01
1.506474134913938223e-01
1.134484638383470023e-01
3.788209959739017307e-01
3.892463867442077508e-01
3.790573451530060978e-01
1.074065114092454948e-01
3.890519037032648675e-01
1.075434325557059756e-01
3.877751023168166111e-01
4.186859439619932122e-01
4.611851490748404281e-01
3.973372751629854482e-01
3.892476182348683644e-01
1.074524527023835996e-01
1.977950066285864006e-01
1.074323834193896959e-01
1.732486988253325311e-01
1.977950066285864006e-01
3.892455883525992033e-01
3.892546135592777623e-01
3.892460038480251572e-01
3.892463336083055170e-01
3.892463336217394931e-01
3.923624220143698826e-01
3.998850511973823241e-01
3.892683434893302041e-01
3.933180228916186016e-01
3.899684059631787214e-01
2.546855428716992553e-01
3.890652939359994233e-01
3.892454712062975997e-01
2.889834456982551258e-01
3.892463285159479813e-01
3.892199307470858849e-01
3.892463336129413087e-01
1.697556213877336739e-01
1.074626937313975517e-01
1.074836482088385448e-01
3.979574544877100273e-01
3.892463331803290294e-01
1.717408460650496071e-01
3.049290376389374724e-01
1.074899648212451347e-01
3.892445162774427203e-01
3.439974284661613257e-01
3.800566388424161945e-01
3.890041128537415904e-01
1.075988261964981180e-01
3.892463336082999104e-01
1.075219353641123643e-01
3.893345533355308530e-01
3.892317709628514422e-01
3.892463336083055170e-01
3.807023704155604871e-01
3.300493970341446537e-01
3.892468879848371421e-01
5.000000000000000000e-01
5.107934621309945245e-01
3.892046768153518133e-01
3.787490987391202713e-01
3.892461164543912777e-01
7.844659264319847614e-02
2.966987516261682112e-01
3.816903555362228251e-01
5.000000000000000000e-01
3.888641372821275977e-01
3.892157492055949297e-01
3.892463335965228310e-01
1.080465903365075003e-01
1.814611413800107653e-01
3.999149960397232473e-01
6.589710737776413030e-01
3.999166946020304980e-01
2.006629560831192649e-01
3.999144329722801872e-01
3.999063691902115525e-01
3.999149991961662987e-01
3.999149960239246626e-01
3.999108193900204888e-01
4.071866492252488312e-01
3.999149465918635515e-01
3.999149960403856618e-01
3.999110812130472481e-01
3.843080708838702564e-01
4.004243622605006547e-01
3.303667585287261010e-01
3.999151693249705652e-01
3.677840324344610057e-01
4.001118989433517514e-01
3.182637783595286818e-01
4.001794963875158762e-01
3.453205838351029455e-01
4.000280450372448726e-01
3.999149988718311843e-01
3.999149960155035655e-01
3.405982128642767726e-01
4.009727348978210371e-01
4.402848589246373678e-01
3.925902714979969677e-01
1.300789863273144886e-01
4.644443270754774478e-01
4.413494576329012875e-01
5.745442241574717501e-01
3.999421766004072065e-01
5.717518790077050772e-01
3.907444746083630904e-01
3.648337907317609208e-01
4.000830951382184364e-01
3.997672931561421783e-01
3.999149965998748946e-01
3.999149960340315779e-01
2.115814439784388379e-01
3.999149922447909344e-01
4.167926804197931712e-01
3.993714846521468909e-01
3.848876860855224291e-01
3.999155002920454227e-01
3.999149960397166415e-01
8.627444849384803272e-01
3.999711065792859177e-01
3.823098541296685582e-01
3.755642376817568406e-01
3.999077970990975728e-01
3.999049061831600471e-01
4.004780718239802084e-01
3.432547794743283642e-01
3.957776937604794987e-01
3.999149960397232473e-01
3.933241328260232983e-01
1.082287404654857649e-01
3.768176671882828566e-01
3.999805578557370511e-01
4.009858849743035414e-01
8.379681417118813869e-01
3.999149960397232473e-01
3.999149960397383463e-01
1.074931924722251630e-01
4.037292051923454528e-01
3.968122573201003367e-01
1.079969375306149837e-01
2.976235060522283149e-01
3.999149960397232473e-01
1.997736655608654543e-01
3.156844699246438846e-01
4.012521852406392142e-01
4.406169207067910931e-01
4.158665584990663966e-01
3.179068021349037987e-01
3.640275231976259906e-01
2.675277265777719071e-01
7.003567494232042501e-01
2.434203155169941957e-01
2.027268259415061780e-01
2.992308459078916183e-01
3.981433183500218131e-01
4.809040417525016209e-01
6.576088265855264403e-01
2.040254683774946898e-01
5.072574334513070271e-01
2.832155234041802139e-01
1.748906354312463329e-01
3.981433183500218131e-01
3.338883056234543956e-01
2.209212118689019566e-01
4.281950384728656078e-01
2.794830530181283135e-01
3.719969014640536753e-01
2.002308270671203372e-01
1.453937844687787084e-01
3.167527487309768075e-01
2.914212643503747979e-01
1.931517733734646192e-01
2.603794456725895268e-01
1.308609905043271737e-01
5.682738552018776756e-01
2.025833542758153916e-01
2.078326856060551120e-01
2.009184658605009111e-01
2.268954104401345040e-01
4.393165882764633601e-01
2.809073913818704304e-01
4.149080242191229839e-01
2.680317337590247262e-01
5.000000000000000000e-01
4.467951403543838906e-01
2.360501882867915568e-01
1.614685491524766037e-01
5.228071884390688151e-01
4.949042237448532666e-01
4.220740466975481109e-01
4.771059339950771694e-01
1.768148683964852197e-01
2.284173209019113027e-01
1.902525091559152948e-01
1.693158099246178938e-01
6.279905530613175690e-01
2.027050954055909793e-01
4.415181552703551504e-01
1.733846361903047806e-01
5.194455878849207897e-01
1.561895913710406592e-01
3.913628630113098472e-01
5.133503360482887246e-01
3.504149371271579327e-01
4.863659531389923352e-01
7.347076478293215196e-01
2.805181106857332907e-01
5.542933969501027125e-01
4.463026814121948682e-01
3.366030543446659196e-01
2.829052372111950930e-01
4.233186063274105293e-01
3.781021174836516341e-01
4.165906948045620117e-01
2.671637257179064751e-01
5.371194364424283219e-01
1.483746806166658661e-01
1.054418001621262868e-01
1.068911169784899640e-01
4.547934787537541990e-01
2.413002975924514459e-01
4.564862005957885938e-01
2.068694809625570563e-01
2.422539968491039253e-01
4.082790000193606272e-01
1.288717289516080888e-01
3.346127182777611786e-01
4.093862173448291619e-01
3.865859151133314575e-01
4.920716984390146043e-01
4.439887239604189406e-01
2.775956980462206958e-01
4.572508595946021548e-01
1.908759802164304298e-01
4.889030655229253397e-01
4.395511420597059682e-01
4.045533705928399670e-01
4.332705956089240029e-01
1.584508190138193828e-01
4.445822580506496591e-01
4.054227125974113610e-01
1.738880296405654058e-01
4.433820780755339808e-01
2.541039590801434378e-01
1.652838468640910052e-01
1.180955435024152594e-01
7.025412426287475087e-01
4.547960647764062170e-01
4.358278894456868446e-01
3.985334683857525984e-01
1.514113168824013089e-01
3.146838618733207582e-01
2.014116276207016110e-01
3.032204305628212748e-01
4.437756465703475706e-01
4.900582707839552521e-01
1.690094177923187058e-01
1.132725815384185153e-01
3.969952134591643311e-01
1.510388838596149752e-01
3.773847333121239656e-01
1.510388838596149752e-01
1.555654974335940743e-01
4.709719493931781020e-01
1.507445471437860451e-01
3.760658467984809850e-01
4.338165153080323910e-01
3.378875867012563483e-01
5.384822908834605570e-01
3.477385919852696849e-01
1.977168061978465674e-01
1.859935100107683315e-01
1.859146917097870555e-01
2.926468492078201367e-01
4.534123209429779533e-01
3.205619388406506509e-01
3.908668807051510763e-01
4.519237063898052242e-01
3.922742454486098929e-01
3.533528039213528760e-01
1.404787442255403807e-01
1.376899172759646350e-01
4.399673548905262965e-01
4.865087974354834199e-01
4.519708791111418100e-01
3.867790557592410972e-01
3.925664878239560340e-01
4.287423477651947645e-01
5.299720271369713354e-01
1.818116506324912451e-01
2.432405798598416546e-01
3.288086820707775693e-01
4.432860606018487748e-01
4.287016193888175120e-01
2.148751501289117849e-01
4.285480891669081194e-01
1.380252215535389126e-01
2.830376379711695423e-01
4.299240582897354557e-01
1.324368601179639893e-01
6.732784486137081137e-01
7.838083174147719712e-01
1.595423265350154607e-01
2.251372750317207905e-01
4.427058292009717899e-01
2.499280879524600762e-01
2.391083196085717621e-01
2.265597741119194930e-01
1.725658190709600526e-01
4.299204949895641947e-01
4.380933826256729335e-01
1.467128613375424107e-01
4.180578411287388940e-01
1.291891165456469370e-01
1.629541878455672832e-01
4.274154328396811975e-01
4.265215183330270388e-01
3.279442301466107268e-01
1.308512543509726123e-01
4.379621501989668375e-01
4.575911873463932023e-01
1.782518463015690946e-01
5.182038849275848458e-01
5.091442926570411975e-01
2.605157969022389164e-01
2.561850417693418147e-01
3.556408012472531133e-01
6.542781902379294356e-01
3.947505463988137397e-01
4.336421611653462627e-01
1.595189637513554637e-01
4.639830330907633305e-01
3.590478850439184355e-01
5.000000000000000000e-01
2.914548301862911472e-01
2.742560653257018477e-01
2.279135403854202213e-01
4.298905022091829009e-01
4.299269382866942601e-01
1.595999002748467455e-01
2.939803919928592468e-01
4.320840758750601474e-01
3.766708461066965441e-01
4.293212548470878298e-01
2.966590951427939271e-01
4.217994104576269221e-01
4.318662519972102931e-01
5.867971754469479828e-01
1.034002311083948161e-01
4.336211970387494619e-01
2.193110146680899986e-01
4.584992433409063595e-01
2.034137897440660703e-01
4.017120651731978520e-01
1.192506245080241917e-01
1.725658190709600526e-01
3.774899099083968146e-01
3.069325009931221371e-01
4.123276232219176274e-01
4.236844609794582217e-01
4.502970609543969216e-01
2.737380944269210414e-01
2.482359162208494230e-01
4.307834499624672575e-01
1.365673601667741488e-01
4.801611528553313968e-01
3.780237630521935399e-01
3.543672757452874245e-01
1.946830019233761200e-01
1.039802527030955631e-01
1.632735043773310135e-01
3.077920339137179551e-01
1.976322662137901254e-01
1.918866700629293653e-01
2.531047843015391541e-01
4.163922366270607078e-01
4.112745316070320900e-01
9.794529058993771409e-02
4.507478271274201753e-01
3.630152689422856960e-01
2.536736469171566588e-01
1.976012386049357805e-01
2.362478239745573749e-01
1.344057160059086986e-01
6.875190024694556312e-01
1.892301476134594929e-01
6.278355113310143398e-01
2.999290191163292985e-01
1.612279555334135139e-01
3.649972792409695854e-01
5.000000000000000000e-01
3.161356185619679793e-01
9.127776837047830993e-02
1.317530654845938398e-01
3.990665019262916724e-01
2.779475921042152131e-01
5.110409799000996678e-01
1.759290181804564202e-01
1.549870080157116636e-01
3.497871370753938280e-01
4.332991672828035434e-01
6.645406979189565078e-02
3.484644531628149355e-01
1.867326936043442742e-01
3.465994676756740667e-01
6.610984542285687215e-01
5.711975321452607002e-01
1.859200677520362333e-01
1.612279555334135139e-01
1.976694386140848692e-01
3.948252441848962846e-01
3.296727482804646669e-01
1.819628153841011675e-01
2.110902935152625670e-01
5.853988783989982903e-01
5.107140840422832451e-01
1.976940575463539407e-01
3.702925843360528324e-01
2.099910183625547933e-01
1.058040992906732342e-01
1.441818488115551022e-01
4.450233994950713590e-01
2.616634451516365867e-01
1.314276026818275156e-01
2.610436547045928424e-01
6.524674347480878822e-01
3.395184811312438322e-01
1.742259160030423804e-01
1.564982317219874297e-01
1.727327646098201497e-01
2.603836903927899127e-01
4.329086004889591832e-01
3.155524532932990622e-01
4.686639406428820265e-01
3.660153555235599598e-01
5.979978857370027434e-01
4.147346788592778388e-01
5.861774458139252797e-01
