2.933005916454775042e-01
2.614559072658299566e-01
2.666911791584490876e-01
3.420673334031223978e-01
2.673462741549618715e-01
3.647131657202912214e-01
3.955561954874225461e-01
2.255192247084434609e-01
2.933468987234135184e-01
3.508498909474476735e-01
3.413675539968639150e-01
3.994224821174472417e-01
2.348294125342416105e-01
2.907278839527576708e-01
2.874587217102132497e-01
3.332189111329972864e-01
5.688695925097484452e-01
2.630448984941879398e-01
3.021572593633579662e-01
2.583810406838053519e-01
2.906937085613949256e-01
3.206572448863068692e-01
2.749700993270126070e-01
3.303823209194126642e-01
2.791887416761172913e-01
3.706865195905245658e-01
2.307544293620006903e-01
3.018952766421939549e-01
4.742430992668767442e-01
3.898531953591736765e-01
3.814877685672969920e-01
2.839482905102364563e-01
2.430517183292793260e-01
2.713126526622163803e-01
2.733652031871128263e-01
4.933967324826852296e-01
2.365129703720454390e-01
6.741113271212673119e-01
2.908303485758453322e-01
4.666391964652954472e-01
4.627149883760584004e-01
2.748501285686154039e-01
5.345909363847796136e-01
3.518734623288115593e-01
3.195386177549338069e-01
2.678716245034371557e-01
3.954391886729805017e-01
2.783650343027763707e-01
3.121563807162653914e-01
6.387641971307770339e-01
2.839482905102364563e-01
3.414995922986668875e-01
2.731340438818278815e-01
4.085015541077811618e-01
4.654145752756497223e-01
4.405446712958584476e-01
4.523051144712958993e-01
2.498417726628830993e-01
4.654145752756497223e-01
2.839482905102364563e-01
4.226532225066416126e-01
2.487770047162946030e-01
3.686825059052974973e-01
4.179934119306348839e-01
2.782814250423504276e-01
2.624806033774515490e-01
2.770510495906030046e-01
2.839482905102364563e-01
2.651114424099047517e-01
2.630448984941879398e-01
2.422294456877235880e-01
3.181291643347124998e-01
5.879318331568751388e-01
2.162455486672151261e-01
5.920326986449001572e-01
4.554846661262238472e-01
2.530943920210558251e-01
2.607475942534490665e-01
6.993836072615360333e-01
2.872085107728569731e-01
2.675995405770562052e-01
1.803127615987576982e-01
2.708363721243745581e-01
5.386929719437644204e-01
2.675995405770562052e-01
2.601422760788686950e-01
5.885878212223445427e-01
3.582821979835475457e-01
2.616278115188693798e-01
2.927468458113074989e-01
2.736860878116105233e-01
3.274502792585190503e-01
3.351999576472476372e-01
2.837664284447404817e-01
2.867700496251563425e-01
4.186980673695555599e-01
1.788085253315425949e-01
5.000000000000000000e-01
2.881612163094391388e-01
2.589029717062430458e-01
3.481311901566581102e-01
4.599357976378314894e-01
2.543782642588061083e-01
3.212308126381792084e-01
2.370170011458032078e-01
2.730487122453962301e-01
4.376803426350442949e-01
3.067999218770199876e-01
2.675995405770562052e-01
2.688299052577185488e-01
4.541165874733311680e-01
4.294920706842362823e-01
2.585325163736875709e-01
3.156908655716972878e-01
5.163530414041277439e-01
2.511798877793353091e-01
2.581890842789894558e-01
2.918051330451458258e-01
2.283494438605832844e-01
6.666070297663478916e-01
6.028280330007443899e-01
3.351197622739416904e-01
2.527411061459423069e-01
2.864464571126654757e-01
2.730164731357652141e-01
3.904956511856082502e-01
2.869385510209186418e-01
3.091635613960930784e-01
3.744624421467448450e-01
3.747903113256206287e-01
3.644862845623385028e-01
5.651365510795107738e-01
2.670204262785700888e-01
3.921996198696220404e-01
1.988261919311461179e-01
3.060290000503709251e-01
2.919994252463947726e-01
4.885956389660094379e-01
2.831849094429763070e-01
2.717687788102885471e-01
2.409776875973591304e-01
4.188148573045515910e-01
3.137101180381787202e-01
5.407610050210355235e-01
3.337154576390379268e-01
3.282877208602699159e-01
2.962493592486150629e-01
2.636022274912162566e-01
2.752814893522501638e-01
2.649816806339730935e-01
4.523580245775208342e-01
4.859214261289254710e-01
5.247724548209831141e-01
2.847387084891412345e-01
4.608586331558499616e-01
4.710378565606818113e-01
5.000000000000000000e-01
4.758746727080363503e-01
3.421886424873027965e-01
2.348748094822452614e-01
2.168679810036402422e-01
4.762724091359441525e-01
2.195391362197939289e-01
3.518280594300379205e-01
2.435957121432780204e-01
2.475538221777225101e-01
2.790072622072389263e-01
2.208747563102763101e-01
2.435957121432780204e-01
4.789592171558093581e-01
3.018377374748799635e-01
3.132126541076284409e-01
5.474444251659306149e-01
2.321768223724561264e-01
2.865943396374118768e-01
4.302375937158338659e-01
2.389307676022800198e-01
5.792829560751495688e-01
2.323004745273849758e-01
2.592833973811625170e-01
4.330052989630290283e-01
2.295817624915140465e-01
2.203282230369945638e-01
2.425069901290073104e-01
2.599605364227453030e-01
3.198335709905935631e-01
5.000000000000000000e-01
3.118300891006762221e-01
3.062033826392874247e-01
6.822538424496201737e-01
3.973045865279153377e-01
2.753534650175366028e-01
2.604028313238772041e-01
3.881781986755166725e-01
2.876705963454699866e-01
5.792829560751495688e-01
1.910064753144014305e-01
3.845872611587626833e-01
5.524973171603363431e-01
3.679527388418203926e-01
4.679819494954998715e-01
1.840268325106897973e-01
2.858815394879351546e-01
3.916295602743523063e-01
3.285293850771932034e-01
4.050593164745484587e-01
6.179203464813705082e-01
2.642165968352960248e-01
2.460945004055820617e-01
1.955625922996926946e-01
3.163613339079218156e-01
3.031661549080474360e-01
2.695611935156263517e-01
4.198449291399272143e-01
2.933814092883504920e-01
3.508794972925776690e-01
3.462273884156770731e-01
3.182528947567307420e-01
3.096522866907095994e-01
2.619448252792956344e-01
3.390220401932851346e-01
3.280647828360236939e-01
2.926227223373271680e-01
7.701955092165252426e-01
2.554079696405472388e-01
2.453047895334310446e-01
3.612614505521070107e-01
2.655088164960663355e-01
2.670626522698911764e-01
5.000000000000000000e-01
5.755740589041793420e-01
2.394559994193515007e-01
2.902100797387378028e-01
5.397597957195534590e-01
3.886313201695327235e-01
1.573892716600718833e-01
2.045236664859678144e-01
3.363794733499465006e-01
2.208048586253433532e-01
1.911961258372812944e-01
5.070627730159722457e-01
4.829611041555809114e-01
3.452875855170361996e-01
1.703720790112922268e-01
4.753808116782894944e-01
9.008568411215914784e-01
3.119478895517976968e-01
3.617434661377218474e-01
3.533607910145047937e-01
3.098937833475429726e-01
2.454280412596670236e-01
2.813074750808485236e-01
4.167280727318710132e-01
2.391099708118416822e-01
2.314359572756266026e-01
4.301644969729223056e-01
2.884321566959341387e-01
2.663597597522451288e-01
1.462117719401926363e-01
2.514937454765362457e-01
3.734887651631600969e-01
2.546425074920409259e-01
4.667598597118395309e-01
2.498871376080466500e-01
4.643198176088960127e-01
3.494373945874445497e-01
2.765654522174346708e-01
2.125589296858164390e-01
2.498871376080466500e-01
2.663928805648098086e-01
1.616452321917529467e-01
6.338058037733312888e-01
3.291215610510176970e-01
2.668041803526222666e-01
4.616198829211228816e-01
2.852614443850325920e-01
2.349697016543570993e-01
3.684257510155932724e-01
4.382273180307445504e-01
2.928270885146305180e-01
5.104223102095134523e-01
3.915821707889970971e-01
5.380767009754170438e-01
4.369120647563603521e-01
3.495191952718785244e-01
2.436973818741121067e-01
4.152003352357370725e-01
2.315983837836213810e-01
5.235972980209723238e-01
3.209710180403006485e-01
4.140045950958953780e-01
4.362745591878745555e-01
5.000000000000000000e-01
4.403977198474341437e-01
4.887689968619970959e-01
3.105396378106705657e-01
3.568134782661368520e-01
3.377782668925225495e-01
6.327387860945400400e-01
8.616854451328526121e-01
5.186489886971692442e-01
3.934563357739840894e-01
1.787289659392996277e-01
2.692450598049034305e-01
5.494368479447497844e-01
1.817870870817179796e-01
1.838999247659260927e-01
6.458164056603890035e-01
3.719777745119016710e-01
2.955334465130717292e-01
4.281243903248483917e-01
2.102094558099383836e-01
6.552258304011066015e-01
3.518217131332284087e-01
2.675106700632483570e-01
5.481047345945264659e-01
2.978573031352720335e-01
2.500429907970297960e-01
3.801886709690646682e-01
3.557959449779617978e-01
2.239370170737558507e-01
2.725717274080797781e-01
3.307634735824800387e-01
3.474016945519955990e-01
2.460914636891026464e-01
1.872992483897923943e-01
2.922138943391812682e-01
7.824616031866283850e-01
2.959284028415501977e-01
2.642909122092052532e-01
2.511392335597801839e-01
2.653070685429926856e-01
3.721287860931022928e-01
3.370788618211910115e-01
2.875342429143232792e-01
3.340542099668805109e-01
2.271681163636071477e-01
3.340542099668805109e-01
5.000000000000000000e-01
8.185524260822292231e-01
4.567015101905674834e-01
3.539244359871946966e-01
2.268468527913063970e-01
5.417932536040900304e-01
2.632062067816515194e-01
5.417932536040900304e-01
3.036130045479834005e-01
4.198044409443137392e-01
2.665148262734026718e-01
5.908529680040407461e-01
2.300678877196343786e-01
2.896093129071606875e-01
6.231504263750746730e-01
5.000000000000000000e-01
3.346258550764146800e-01
1.844202139485476566e-01
2.365916876877721120e-01
2.358822486637126015e-01
2.528635099813925646e-01
3.057691320871230856e-01
2.631318812011732566e-01
1.587198852694797768e-01
2.742919250719920155e-01
2.646063088233387428e-01
2.646063088233387428e-01
2.202447847463261665e-01
2.353429132759472797e-01
2.214969456010223992e-01
2.500798831119719345e-01
2.029368923304533667e-01
2.300317197506235589e-01
5.172652187433888216e-01
2.661747220502403422e-01
3.968169242927155338e-01
5.138556950039321336e-01
8.843685445192914774e-01
3.216060349966583520e-01
4.552362121206912637e-01
7.132380460008861389e-01
3.295681103479421448e-01
6.231689321991042974e-01
2.572133619661784443e-01
2.991163838942201836e-01
2.382315552034687256e-01
2.468935806308587000e-01
2.646063088233387428e-01
3.998517132920971773e-01
6.738041354646230330e-01
4.229023622137030869e-01
6.152884300053017563e-01
5.000000000000000000e-01
3.706434941424099350e-01
3.159621729624638165e-01
3.330719841558569261e-01
4.014025151775074129e-01
2.184409845662652061e-01
3.102228338337060243e-01
2.938173780024060378e-01
2.979167867215685161e-01
4.287044238324489998e-01
3.348544343133658674e-01
4.706424642876287368e-01
3.335865007645281155e-01
3.820742763639025652e-01
2.738018002880306945e-01
2.082407063658588131e-01
2.313169742719358435e-01
3.986896290360295581e-01
3.451121881625555110e-01
5.768031012640282285e-01
2.703567838216006658e-01
3.049292136417253163e-01
4.676068821231612604e-01
2.131639676138954165e-01
2.457226050145455420e-01
3.986896290360295581e-01
3.187591750239343047e-01
4.272872663385263725e-01
5.975671165858603695e-01
1.988573940597734013e-01
3.960530124770614835e-01
2.174941843660123664e-01
4.531488026898123911e-01
2.713291905296098538e-01
2.428263007991198763e-01
3.163359884606628536e-01
3.009561454622005083e-01
3.009561454622005083e-01
4.098426104325589847e-01
3.451043514782879962e-01
3.117831060094745088e-01
3.186203229614583687e-01
2.953711237311678617e-01
3.940976852220297033e-01
3.813683275259541205e-01
3.468182366451064702e-01
2.472161849943337042e-01
3.087201182474497152e-01
2.485511574093757226e-01
3.910039110650099237e-01
3.933983372652697375e-01
2.853371138979111099e-01
5.492780417287239647e-01
3.480886923161972124e-01
3.365442326738276591e-01
2.764283590092509457e-01
5.417800466408470017e-01
5.000000000000000000e-01
3.096800146614991367e-01
4.337146327844415006e-01
3.183566309085592572e-01
4.342681035371266929e-01
4.742128133707564919e-01
3.320257149295952059e-01
2.724083326384304504e-01
2.634458980579601484e-01
3.405577817885637737e-01
3.913306611551891079e-01
5.725162383750397321e-01
4.008676573381166341e-01
4.413322716524192835e-01
7.081329047928561771e-01
3.582049782498643586e-01
3.706434941424099350e-01
5.402814783276592703e-01
3.049292136417253163e-01
3.910039110650099237e-01
3.137122864023351720e-01
3.065686599672020618e-01
2.622301572486168686e-01
4.332244337652431110e-01
3.975434440789311075e-01
1.729588674773983870e-01
1.937337464944648424e-01
4.869315870890901787e-01
2.510556192154823063e-01
7.415602225959095906e-01
2.998103548325695145e-01
2.978585249905219001e-01
5.752518567092488322e-01
2.255669660106109087e-01
4.715711591179700957e-01
2.112494950399623761e-01
2.340409967543762293e-01
4.107824052078949961e-01
5.051492317739062488e-01
5.668790515651006556e-01
2.541019108913930569e-01
2.180476254556105720e-01
2.201649292257522317e-01
2.112494950399623761e-01
4.107824052078949961e-01
5.444370131762514831e-01
2.968471963173181516e-01
4.010764271022746463e-01
2.447928279367486137e-01
2.573330455339662981e-01
2.671162597450861265e-01
2.518614131248204102e-01
3.865576939684873814e-01
4.135610009305654700e-01
3.076864691308218158e-01
3.668179430367367599e-01
2.772427179302632827e-01
2.323066425888520303e-01
5.672484350965451005e-01
3.507264194481407027e-01
3.959142078845434565e-01
3.888716204799209097e-01
2.233883550946463847e-01
7.674435470334295406e-01
2.531981114843948610e-01
4.436087544743707034e-01
2.249543539456488328e-01
6.896011840362150647e-01
5.444805113512124484e-01
3.973428803180416025e-01
2.299434543124372066e-01
2.237488396801905477e-01
2.041638522668998701e-01
3.438464752865433849e-01
3.495487744078081271e-01
3.799758170054186035e-01
2.090619702388533119e-01
3.973428803180416025e-01
2.628875942476642802e-01
2.386496163347073263e-01
5.430052689438387148e-01
2.824700924349337616e-01
3.507264194481407027e-01
2.112494950399623761e-01
4.181309561369750960e-01
2.356463514768975531e-01
2.441228386147295260e-01
6.914095027600228871e-01
2.026366052604378909e-01
2.261262887596010296e-01
2.395094358904919785e-01
2.871385312954229940e-01
4.424945946156285670e-01
2.853544065202959223e-01
3.354939983621993416e-01
4.300794052071094109e-01
3.056132352932854901e-01
3.105987948281389022e-01
3.331935535017762628e-01
3.136612666413315931e-01
2.408905067034609326e-01
2.243704892765952530e-01
2.632194111606561693e-01
2.936961470178052203e-01
6.143936034437225135e-01
3.114124062685216243e-01
4.002942678683333866e-01
2.728385535037693432e-01
2.190301237609978691e-01
2.760137629490286293e-01
2.321440860391094374e-01
3.916197815770963153e-01
1.485881633247746469e-01
3.073026105755307658e-01
3.588660164422801113e-01
3.778016503117417324e-01
3.746685953976675587e-01
2.771252517546832217e-01
2.685703314020169707e-01
3.653628865459496722e-01
2.573471886051726942e-01
2.649880899755083230e-01
1.687884563788672465e-01
1.754870279516108078e-01
3.066343291334923671e-01
2.868333372430661443e-01
2.927234705973876250e-01
2.392631658023743890e-01
3.530473597186291612e-01
2.501877193190008009e-01
2.661835728035232274e-01
3.049378450364652604e-01
3.528620102101519551e-01
2.764847727648730435e-01
4.807377396823928062e-01
2.894781912362134335e-01
2.566882814301135185e-01
2.796332832690260894e-01
2.946492275670047900e-01
2.336216378609012045e-01
2.808647347572876818e-01
3.146276371654272985e-01
2.662289773925601288e-01
2.837389029167250443e-01
3.408945631146991784e-01
3.306426188366414776e-01
3.869906151830894703e-01
3.306426188366414776e-01
2.943506587318461265e-01
4.150244880179653206e-01
3.364770561962715512e-01
2.650513768513177992e-01
2.875351377008200093e-01
2.639752572074139936e-01
3.485717811284649859e-01
2.673087387622644084e-01
2.167719566334500025e-01
2.261373858149350879e-01
3.706478144940817399e-01
3.387427423564476348e-01
2.711106859482522169e-01
2.947334358576635949e-01
2.841984694585751314e-01
4.318614730607756025e-01
3.392420560006887964e-01
2.924577362994340568e-01
3.559866475718889700e-01
3.390817057062291973e-01
2.474298355658142712e-01
2.398735804202445365e-01
2.541097147043709370e-01
3.655150894691662211e-01
3.442301587221537895e-01
3.734979127259990261e-01
3.791053258360340128e-01
4.232233801296589881e-01
5.000000000000000000e-01
2.471247615753953408e-01
3.383081778995832845e-01
3.047803061168258276e-01
3.323921383901065063e-01
4.066277628440157499e-01
4.940723236387308259e-01
2.723216439117977505e-01
3.896841104490680885e-01
3.116861001954961408e-01
3.345783525473648989e-01
4.646307692624761509e-01
2.772869954880192167e-01
3.894530368881599092e-01
3.529726238697875607e-01
2.290864412846662923e-01
3.274291719664140232e-01
2.956776685494121315e-01
2.869566350803841592e-01
1.748150059183398164e-01
3.286685160836189112e-01
3.501172336821503639e-01
2.768227500788585371e-01
3.110318120740050429e-01
2.778373836898366811e-01
2.138804847316374824e-01
2.681067002047765047e-01
2.134444853990335456e-01
3.011038157607666133e-01
5.000000000000000000e-01
3.745192480575199045e-01
2.394112883368853528e-01
1.988017117014923008e-01
4.880274290029216755e-01
2.418177959270535748e-01
2.814773738632929678e-01
2.867582954798006956e-01
3.308465690192554098e-01
3.230119237369611929e-01
3.415073975211390112e-01
5.055267207143092634e-01
2.721595471308750902e-01
4.532032419268353096e-01
5.814896201564063727e-01
2.950270308320454005e-01
7.973074718038840603e-01
5.000000000000000000e-01
2.956776685494121315e-01
3.313797979217141254e-01
3.549381010602027375e-01
2.178089452297427842e-01
2.269392005810785817e-01
3.518904691166050980e-01
3.496350445111588434e-01
3.382962138872135371e-01
4.208496724301613590e-01
3.442603150155463809e-01
4.567244417680209057e-01
4.031070540609326680e-01
2.516771517676087977e-01
4.605824881698425965e-01
2.956776685494121315e-01
2.410982507426210064e-01
2.745603360400992732e-01
2.301672164510286944e-01
4.020158956026744779e-01
3.467279813005180178e-01
4.400727045004962923e-01
3.371723399774206875e-01
4.191416305354617733e-01
2.792727155063304822e-01
3.568441255108378840e-01
3.910718783836057422e-01
3.290049554704741475e-01
6.971512730215156939e-01
4.570316933562251771e-01
4.257554020001070305e-01
3.941255552550635977e-01
3.421490084817523925e-01
2.686362997501837158e-01
2.139536970410877426e-01
5.089254968631409248e-01
5.707628394571006014e-01
3.295453471361466380e-01
2.827602667916452872e-01
2.480585685189565237e-01
3.140704299780348596e-01
2.823670017509091190e-01
2.596841314292903657e-01
1.887096426709721497e-01
2.616611667588120138e-01
4.803268466392237035e-01
2.998739038577879490e-01
1.938033660022861482e-01
3.334320452726382555e-01
4.026948452450463400e-01
3.911207303660539369e-01
2.767719002860962174e-01
2.273488989924030423e-01
2.194984340302702785e-01
4.557552419250719966e-01
2.754666257724666667e-01
2.828796796223639332e-01
2.916727424788820855e-01
2.979813323682010684e-01
3.069293820247857574e-01
2.887304565444223647e-01
3.375684871297134348e-01
1.893529629855145169e-01
3.144244353511592149e-01
3.758091293678624267e-01
2.804817067059630631e-01
2.884185582013538141e-01
5.386666040755874185e-01
2.628764271500271255e-01
2.651719409029293928e-01
4.234928900608815328e-01
4.385950902606798874e-01
2.279631539463208845e-01
3.292146455120317228e-01
1.898634568549387447e-01
4.735322357170815843e-01
3.695630352756757442e-01
3.422870491175140639e-01
2.304631021645295597e-01
2.804817067059630631e-01
3.698679983885549416e-01
6.809715236475595290e-01
4.647108724063472307e-01
2.580861787578286881e-01
4.242238221198313952e-01
7.067730866758074049e-01
6.309043200694430809e-01
2.753512605390544543e-01
4.175659252078217643e-01
3.051172154744502540e-01
2.164582773176857711e-01
1.701411657041648207e-01
2.232077216913164186e-01
2.233111946014573190e-01
2.338074327899402893e-01
3.550636978282403766e-01
2.610374057806849613e-01
2.869151249804847703e-01
2.373532782406613806e-01
3.546865079407403587e-01
2.879051962009211985e-01
3.283180612333153059e-01
4.174701307684074436e-01
4.183315711610020582e-01
3.733657812691849043e-01
5.820936491761958820e-01
6.318785570461021850e-01
2.817381814138322782e-01
3.005643077048609779e-01
3.077121970487015079e-01
3.888204816045743306e-01
