2.358547865919018993e-01
2.249857218865667086e-01
2.530153757662208514e-01
2.490988977222532708e-01
2.445711058878639599e-01
6.931735183600611361e-01
3.802734577347639533e-01
2.529786772594318500e-01
2.643135340102298336e-01
3.630479057144919142e-01
3.122802742558337119e-01
5.690731979867194035e-01
6.685916286264849129e-01
3.540745153577487536e-01
1.711358121429028822e-01
3.340722278397853517e-01
6.376626826011631000e-01
1.742943653343040078e-01
2.283949765619625871e-01
6.685916286264849129e-01
4.467291975106936763e-01
4.099840952451654918e-01
2.992474511775948809e-01
2.679923085564269170e-01
2.900088077837787992e-01
5.430294464174261204e-01
4.102267831061511827e-01
3.739194057136913107e-01
2.529786772594318500e-01
2.115562859253860561e-01
2.358547865919018993e-01
2.529786772594318500e-01
4.814076289486918792e-01
2.903643354021230305e-01
5.242570545067644083e-01
2.008164463114717746e-01
4.126769721754663389e-01
2.645598561212983979e-01
2.897485662327904388e-01
3.954922405942723485e-01
3.829225821628678972e-01
5.091771314335453713e-01
2.662274246034655456e-01
4.185976650071294713e-01
2.358547865919018993e-01
2.014471986771519951e-01
3.767247171471579392e-01
2.529786772594318500e-01
2.846680240041256638e-01
1.863005334961996273e-01
6.922390596108811689e-01
4.814076289486918792e-01
5.203965058870334559e-01
4.013986402956248312e-01
3.329614095335636237e-01
4.814076289486918792e-01
2.529786772594318500e-01
3.442871145340620220e-01
2.452666611093968219e-01
2.014471986771519951e-01
3.153220865534668294e-01
4.514993800241621780e-01
2.236945215425993061e-01
2.914893574905955687e-01
2.529786772594318500e-01
2.063161658140895138e-01
1.742943653343040078e-01
3.013760737365483999e-01
2.014471986771519951e-01
4.593458578331481856e-01
2.716307125722067228e-01
2.452666611093968219e-01
2.469117438344842486e-01
5.575221015535739566e-01
4.168944794377275609e-01
5.866360106904557892e-01
3.670679686837506339e-01
2.349785151479353018e-01
2.214412066195587392e-01
2.345793699917477215e-01
4.080681308041139155e-01
2.349785151479353018e-01
2.090661466895142595e-01
6.945333042499870491e-01
2.350300348882791435e-01
2.450515650389746558e-01
4.318164618912431196e-01
2.371739727955038679e-01
4.707086923433355108e-01
2.350300348882791435e-01
2.900738351009239380e-01
4.613354773572600487e-01
1.486407239235067734e-01
4.496441979960624780e-01
5.984683606817380319e-01
3.199270444866982310e-01
4.782177938670900130e-01
7.471562338920617607e-01
2.722251297326122033e-01
4.157086975486746772e-01
2.594860381740535793e-01
2.369168103176049478e-01
2.350300348882791435e-01
2.663515447189668817e-01
2.349785151479353018e-01
2.363485987214529738e-01
6.672605447967940862e-01
5.139841685302649621e-01
2.787340185460764896e-01
1.855154006651683618e-01
2.237383922696018768e-01
2.350238893604016388e-01
5.942408964598767662e-01
3.770504614929832132e-01
7.716166335740365367e-01
5.942408964598767662e-01
6.047744402470595082e-01
2.350057174950200278e-01
2.349785151479353018e-01
3.157260594687028576e-01
3.993137042489959265e-01
2.422656939882829041e-01
2.349785151479353018e-01
2.478842275722725474e-01
3.074542459305910636e-01
2.350300348882791435e-01
7.355400104821170348e-01
2.306964354687618401e-01
3.178273651925586085e-01
1.302943319745320516e-01
2.350057174950200278e-01
2.350300348882791435e-01
4.537566172959899280e-01
3.650081587246856718e-01
2.245525787393864159e-01
2.274524630400780456e-01
6.396738499894966123e-01
2.495225342140467983e-01
6.826549363304390550e-01
2.607762740719798411e-01
2.882322879183396025e-01
3.433454060978594624e-01
1.458507167384321956e-01
2.349160808933034583e-01
3.529068405515700668e-01
4.037102751887112762e-01
3.659583866599806501e-01
7.279323245226233530e-01
1.805831695666988701e-01
5.456539712329028236e-01
5.667245600020592855e-01
5.991758685942867313e-01
2.445130752555097764e-01
2.047537923236475432e-01
4.601719543023145564e-01
2.097318259921190919e-01
2.464135488267442109e-01
2.458247363695292842e-01
2.470136606276757407e-01
2.541146829206282765e-01
2.411170578401880815e-01
2.458247363695292842e-01
4.788502967845182368e-01
6.308121579420705727e-01
2.411170578401880815e-01
5.768483315964769709e-01
2.565381028315476541e-01
2.442496927609109636e-01
2.660463415302638523e-01
2.654511400858690084e-01
5.768483315964769709e-01
1.916595191210856974e-01
2.460473044866351988e-01
3.871754487701377090e-01
2.430263072899731258e-01
6.974651168444724325e-01
1.585059099184333853e-01
2.458247363695292842e-01
2.271488636921992210e-01
2.012685522133636773e-01
4.172560059861852300e-01
5.768483315964769709e-01
2.401002424617418585e-01
2.411170578401880815e-01
4.588366896986680321e-01
5.131545559681077728e-01
2.105440001595696997e-01
2.015423378738137594e-01
2.373611642506708863e-01
2.484106951614069581e-01
5.768483315964769709e-01
2.119899477175262725e-01
5.768483315964769709e-01
5.251790077884881391e-01
5.526032149929775983e-01
6.181451737060680296e-01
2.688051287460133110e-01
2.211019261569869276e-01
2.839563382081179976e-01
6.974651168444724325e-01
4.484676279005880839e-01
2.598488763962746306e-01
2.452661916139073639e-01
2.315377229684532079e-01
1.889794700214114109e-01
2.931678918495001507e-01
2.344658996483751368e-01
2.269206560646546966e-01
2.413028326233651877e-01
2.648448058082697454e-01
2.890710870683272371e-01
3.275809686924559538e-01
3.872637015504160063e-01
3.468665377860747911e-01
3.607777008185716339e-01
5.083964083694335612e-01
6.966109786841835350e-01
2.116378955048307531e-01
2.415194307327173939e-01
6.402991542915031919e-01
4.604602996893805145e-01
2.020829862052956061e-01
6.070498801255472809e-01
2.361718665785780824e-01
3.197817528394301667e-01
2.460634858456582363e-01
2.416239586123878902e-01
3.089248562763606265e-01
2.166684295246900926e-01
2.260159838292576939e-01
5.660387907971744514e-01
5.463514313685985391e-01
2.388218989105307388e-01
2.249214218892098549e-01
6.843718630825130766e-01
4.311212718427260282e-01
2.358407947951502159e-01
4.523659305296512945e-01
2.825448534060078232e-01
2.726105659802791625e-01
2.508548939788783350e-01
2.241955697694418270e-01
2.290077600413754633e-01
2.358735920923401563e-01
2.114496522931879618e-01
6.062746426630817309e-01
2.169512052958234571e-01
2.302276415374752971e-01
2.463985554126434108e-01
2.121607321012896064e-01
2.357889180216462544e-01
2.288661306076774649e-01
5.232071966270163133e-01
2.358126497131483590e-01
3.875932745579316330e-01
3.209696197201851176e-01
2.886207971687447804e-01
2.357926441862896183e-01
2.364056510670815014e-01
1.681572615571245710e-01
2.358126497131483590e-01
2.881690881179262420e-01
2.542824353634318135e-01
2.723099066750814257e-01
6.991881789593089591e-01
2.357889180216462544e-01
2.191466340948118874e-01
3.359004474972430709e-01
2.358049611212715835e-01
2.140488251776309914e-01
2.701967495287070919e-01
6.062746426630817309e-01
2.357889180216462544e-01
3.578151110452723604e-01
6.062746426630817309e-01
6.062746426630817309e-01
5.848892459990723269e-01
3.465965627384731129e-01
4.316353229202092301e-01
3.650405503722818357e-01
2.357926441862896183e-01
3.006704315644397885e-01
4.191698532028024227e-01
3.795119657003357960e-01
6.843718630825130766e-01
3.402863617186143164e-01
6.113766748473644652e-01
3.360232467235929610e-01
5.399080070316160107e-01
2.658070652513200294e-01
5.060547550544033379e-01
6.062746426630817309e-01
2.119948341494993227e-01
2.700069106533558028e-01
5.438474355471950572e-01
2.185699085664798980e-01
2.383363842137857513e-01
2.768247528686140768e-01
7.920842194288940652e-01
5.448275414220218327e-01
1.901992877748848454e-01
2.453775026543070781e-01
3.948696492160902460e-01
2.873482342191657768e-01
2.552884232323816005e-01
1.524560243986454733e-01
3.644640430184474811e-01
2.767737371713780981e-01
2.767737371713780981e-01
1.984704023176759868e-01
2.802519505215554929e-01
2.767921326731960785e-01
2.179141276956257645e-01
2.767819172195987165e-01
7.273069581351815360e-01
2.142707076927507226e-01
1.818539328795450438e-01
5.000000000000000000e-01
2.767898287037488525e-01
1.566315209725954172e-01
2.779718487235430247e-01
5.877802435191760155e-01
3.701130973981459626e-01
2.852529419491607321e-01
2.767819172195987165e-01
2.614864784534597364e-01
2.822398315881440856e-01
2.355402823841076521e-01
4.370518814196202584e-01
7.242686185418495404e-01
5.000000000000000000e-01
4.281975288862938100e-01
3.177902118287462829e-01
5.000000000000000000e-01
2.768247528686140768e-01
5.000000000000000000e-01
2.767889419146472019e-01
4.872422120746323637e-01
2.767737371713780981e-01
5.000000000000000000e-01
2.768200148639334279e-01
2.768211797384270700e-01
5.000000000000000000e-01
3.038583133436880690e-01
8.899607563382289088e-02
1.510915844708840550e-01
3.396653933467183584e-01
3.024409314968267148e-01
2.767912516091227682e-01
2.767737371713780981e-01
1.510915844708840550e-01
2.478886733979439871e-01
2.767737371713780981e-01
2.767737371713780981e-01
4.038605044303884561e-01
9.785435637849555779e-02
2.000847446288625264e-01
6.206698385368761839e-01
3.727071130008313693e-01
1.858237352198350290e-01
3.677800708835752830e-01
3.743930268623105739e-01
4.281975288862938100e-01
5.000000000000000000e-01
5.000000000000000000e-01
5.208499351723486770e-01
2.768483718603783617e-01
4.195077907738725687e-01
3.439168070378519904e-01
2.768247528686140768e-01
4.728223650481256923e-01
2.306435169297133547e-01
3.890977588094444717e-01
5.396283552669673966e-01
2.349325183458291777e-01
2.307322914554408855e-01
5.749751884444025407e-01
2.284579236315052719e-01
3.686107776622802867e-01
5.965383201814684622e-01
2.358760216209557226e-01
3.145092422428286683e-01
4.302172337638293653e-01
2.306775753053411926e-01
3.617929704245568812e-01
7.008388439905409717e-01
2.042167537567153857e-01
5.965383201814684622e-01
5.965383201814684622e-01
4.090246303550475471e-01
2.162082458860013490e-01
4.484729650931830180e-01
2.509679624079500515e-01
1.832807716771380491e-01
2.306261598339227059e-01
5.965383201814684622e-01
5.965383201814684622e-01
6.331271374625855319e-01
2.378720115103362953e-01
2.105919245968507769e-01
2.750996491550511402e-01
1.427473915205847155e-01
1.899538938219104134e-01
5.965383201814684622e-01
2.306775753053411926e-01
4.624673782936991051e-01
4.224718535205850278e-01
2.810704285207690778e-01
5.069271381249219610e-01
2.293236827703469538e-01
7.008388439905409717e-01
2.734637498696124158e-01
2.219834705754995252e-01
3.340727203295388303e-01
2.461056879028134525e-01
5.000000000000000000e-01
2.595765485105903103e-01
2.422533505629210493e-01
7.008388439905409717e-01
4.270382357739381796e-01
2.307177261076523711e-01
5.735800637145005432e-01
2.162082458860013490e-01
3.065547202793331705e-01
2.306918040524205682e-01
6.426306219109574336e-01
2.188381092328107458e-01
2.143811431528508393e-01
2.284579236315052719e-01
5.874518215293655921e-01
2.307177261076523711e-01
5.965383201814684622e-01
2.331569053984948459e-01
2.306918040524205682e-01
2.907411657364478708e-01
2.336589407792965534e-01
1.462124888617948315e-01
1.427473915205847155e-01
2.306287018254339904e-01
6.646090949048132357e-01
5.965383201814684622e-01
2.264517183168126835e-01
2.349325183458291777e-01
2.052613012873702181e-01
2.105919245968507769e-01
6.006712099775961544e-01
5.794460048856271417e-01
3.454624385933720010e-01
2.770485580302798900e-01
2.439311312748447258e-01
2.904193331510738219e-01
2.765008258312345313e-01
3.962924895994363039e-01
5.243881312599874001e-01
2.793305510606208242e-01
2.602166543924735453e-01
2.573440431642837201e-01
2.702045833627720883e-01
6.288107529289587161e-01
3.133602103576575981e-01
4.296811642250440988e-01
3.670240952454938421e-01
2.779120360465079376e-01
2.893806941943138367e-01
2.101172244321619365e-01
2.472245017395714173e-01
4.732599277471784549e-01
3.371007180236428868e-01
6.465582966128697873e-01
2.804184900363058675e-01
3.108292412244226810e-01
2.719039685311010479e-01
2.101172244321619365e-01
4.732599277471784549e-01
4.484444715828706518e-01
2.761767637071665948e-01
2.740659140582556996e-01
2.761767637071665948e-01
2.807315197664381756e-01
2.803861234522092571e-01
2.761767637071665948e-01
5.378125367930968181e-01
4.499326193363623605e-01
3.016524906124761762e-01
3.553739911182219324e-01
2.728234349453926288e-01
3.370950199167160877e-01
5.787788567321392463e-01
4.530271368927265008e-01
6.116436585442553975e-01
2.757239443961074232e-01
3.430456179631391489e-01
2.937009053147583426e-01
4.197673893525427635e-01
3.403162230243318986e-01
2.921051923380492688e-01
4.946980893447634475e-01
4.156258965166981789e-01
2.835064461167399741e-01
2.761309680980142400e-01
2.905077824380284945e-01
3.668831538879355203e-01
2.803861234522092571e-01
2.633852203081776810e-01
4.156258965166981789e-01
2.875148957228918500e-01
2.761309680980142400e-01
4.732599277471784549e-01
3.121862451816505013e-01
2.101172244321619365e-01
4.719058654456948498e-01
2.803861234522092571e-01
2.573440431642837201e-01
3.974786286867726393e-01
2.850513369812747166e-01
2.434362475105327495e-01
3.276267858516809239e-01
4.044303998384924936e-01
4.732599277471784549e-01
2.511547241113724627e-01
3.159707308480203536e-01
2.482870024596409986e-01
4.848541064870623418e-01
3.191158329990120279e-01
1.812736279653444638e-01
1.968258818553507705e-01
4.153166505540651365e-01
2.520634952911123827e-01
3.775359377666177019e-01
2.164332736572703031e-01
5.270440296496723409e-01
3.694809749872859372e-01
2.746761431437100276e-01
7.003108959333234074e-01
2.434398141480997591e-01
4.766179526959070101e-01
2.149583397930774076e-01
3.576792455785470226e-01
6.361386154677891591e-01
6.313884476115130262e-01
5.291184917436937418e-01
2.434580054825885298e-01
2.575783163650573471e-01
5.140984744948932095e-01
2.433971273875773222e-01
2.654625526423652904e-01
2.304561439334983919e-01
2.437182681135207918e-01
3.014831608249279871e-01
2.746761431437100276e-01
2.141590509664311748e-01
1.692308670288752703e-01
2.433261752440310510e-01
2.433479089936416984e-01
2.665591875913419506e-01
2.433261752440310510e-01
4.175712259539233195e-01
2.433479089936416984e-01
6.529899751816024001e-01
2.433261752440310510e-01
2.334838526288096905e-01
2.622149945665053217e-01
2.434161943673790462e-01
2.433479089936416984e-01
2.506618586360836454e-01
3.692350120636572752e-01
1.906609711870395074e-01
3.869706647431949698e-01
2.434054826195963805e-01
2.778926840599419967e-01
2.434054826195963805e-01
1.882915232967033725e-01
3.957623645480190522e-01
3.006837961106733070e-01
2.664259418940956303e-01
2.913086864312458002e-01
2.369782685457577365e-01
2.433479089936416984e-01
2.433261752440310510e-01
2.297238748372461559e-01
2.433519623700649281e-01
2.697462361697472999e-01
5.270440296496723409e-01
2.434054826195963805e-01
3.418724963675217055e-01
2.434318474417548617e-01
2.433004556337667046e-01
2.787611033004855909e-01
6.361386154677891591e-01
6.536471596833410835e-01
2.617858733205486454e-01
2.433261752440310510e-01
2.433261752440310510e-01
2.548322098165717864e-01
2.250847222745685772e-01
1.928558913992488022e-01
2.548398018993195402e-01
2.548105357440126895e-01
2.316821047189800975e-01
3.064714537525644600e-01
2.528528708618083543e-01
1.983065549847439490e-01
2.647734109913599254e-01
1.867606502752392483e-01
6.050093222318955188e-01
2.410006470183422012e-01
3.037385367639199862e-01
2.912363164267405269e-01
4.008986267897712841e-01
2.341904664126739644e-01
2.547473774075783015e-01
2.548439216020273457e-01
2.258132388498925169e-01
4.825976206218526299e-01
1.525465288047665458e-01
2.185855025340268654e-01
2.548439216020273457e-01
2.691267510159129905e-01
3.517186239288154215e-01
2.547406014008462560e-01
2.004142913861237385e-01
2.716397098826943135e-01
1.928558913992488022e-01
2.548439216020273457e-01
5.845354828129335489e-01
4.386362572916936431e-01
2.548439216020273457e-01
1.928558913992488022e-01
6.848710467059360152e-01
2.513545948894208570e-01
2.547406014008462560e-01
2.674937305812643551e-01
2.547473774075783015e-01
5.941933924044424664e-01
2.488701852143337945e-01
4.825976206218526299e-01
4.410736137736094853e-01
2.547825548319980760e-01
6.295568076090548582e-01
2.217669569104615823e-01
2.548439216020273457e-01
2.020738088335958249e-01
5.175965072540043010e-01
2.240826189216008901e-01
3.192560235662375567e-01
2.422515064518016570e-01
2.548398018993195402e-01
1.797919163406991316e-01
3.467873012514499642e-01
6.027955808417566619e-01
5.988227336678443313e-01
3.780741368421096649e-01
2.548439216020273457e-01
2.548105357440126895e-01
2.237767104998111267e-01
2.547804376314066199e-01
2.745705599394503427e-01
3.896441086853058566e-01
7.650210018198415618e-01
2.524237891048560223e-01
6.957073891402181243e-01
3.161693532012567198e-01
4.013655539924343429e-01
4.008986267897712841e-01
9.137039728785526504e-01
4.825976206218526299e-01
2.787787956290883051e-01
2.815712765331525591e-01
2.740310950179199456e-01
2.433426838540453663e-01
6.801090793277797530e-01
5.222022532999537336e-01
2.831335143821476219e-01
2.472570258551170796e-01
1.837842005289743452e-01
2.472839169501993839e-01
2.472508395643098211e-01
4.046158237195485174e-01
1.871416471392316483e-01
2.348140840050187972e-01
2.307591108209000874e-01
6.337537190667036358e-01
2.472260481705117752e-01
1.837842005289743452e-01
5.539926735868001551e-01
6.408241738870537052e-01
2.586634306387154414e-01
2.606828952186350246e-01
2.472301060996402178e-01
2.472301060996402178e-01
2.721338478910763081e-01
2.932848746555394293e-01
2.413313205187420374e-01
3.002661314510741697e-01
3.774610860945392665e-01
1.837842005289743452e-01
4.526140934973662544e-01
2.890838831230904127e-01
2.366932974139025481e-01
3.634875732558636718e-01
6.606990069834338675e-01
2.825521445832822054e-01
2.731110798330454448e-01
4.526140934973662544e-01
2.609239161515904959e-01
4.426050609315081430e-01
1.837842005289743452e-01
5.112044347838547997e-01
4.415685311836157201e-01
2.353656167084558770e-01
2.366932974139025481e-01
4.526140934973662544e-01
6.755842114574353019e-01
6.684557586650234917e-01
2.471900717624961608e-01
6.387131860807946371e-01
5.351294292743420389e-01
4.892127268045280419e-01
2.353656167084558770e-01
6.056604443765888357e-01
1.963549799440312271e-01
2.222064544308546830e-01
1.871416471392316483e-01
3.501251783563666953e-01
2.471436940269149118e-01
2.194888030129443501e-01
3.132547323524652594e-01
2.168718388622631610e-01
2.472839169501993839e-01
2.604116110688340924e-01
4.526140934973662544e-01
5.875702620627569761e-01
3.322865733526306764e-01
4.526140934973662544e-01
4.145000814292963964e-01
3.334924439571319565e-01
5.957579849286022133e-01
5.514625610892767149e-01
2.780603735069893667e-01
2.471762434182885326e-01
4.737524825467848699e-01
