2.944143741880877463e-01
3.644722748060355011e-01
5.000000000000000000e-01
2.839362834163437488e-01
2.373771130012879704e-01
3.712349168826326040e-01
2.604190108162152684e-01
2.603982760786056616e-01
2.575413044085204106e-01
3.293213860085757450e-01
3.527327523146728261e-01
3.788439814457669197e-01
2.870635385109293614e-01
2.603782922422484547e-01
3.974142316356154003e-01
3.972113003786634788e-01
2.285461603517926488e-01
5.511251482475404417e-01
2.393228892685731468e-01
2.738049793699593448e-01
3.392509262699826000e-01
3.169062689343309369e-01
2.603991024403133347e-01
3.140693803924856087e-01
2.603793832634034855e-01
2.673670872840734347e-01
2.483019162307576744e-01
5.511439085161192741e-01
2.603916673271677862e-01
2.104147364559793010e-01
2.633761450981243479e-01
2.604268352914417828e-01
5.000000000000000000e-01
5.511553285964522209e-01
3.447878059488869718e-01
3.467202712758655769e-01
3.735965529744698088e-01
2.855675188640630080e-01
3.835631687324783656e-01
4.489895516665072805e-01
2.838184689498466917e-01
5.469114528128936614e-01
3.432586239464688327e-01
2.903881467807116756e-01
4.366569986440829165e-01
2.138976511839305039e-01
2.603982760786056616e-01
2.604523958443486498e-01
2.604064926772655664e-01
3.906217901964310069e-01
4.455206654807123967e-01
4.917974057290517842e-01
2.604064926772655664e-01
6.077394322276474803e-01
2.945229339643148925e-01
3.835360863396009012e-01
3.398915899036473176e-01
2.689334272719076657e-01
2.604261848175385419e-01
2.604123743118029743e-01
2.285461603517926488e-01
3.696649191488570740e-01
2.603982760786056616e-01
4.002217568173163653e-01
2.603793832634034855e-01
2.641811264427322281e-01
2.603793832634034855e-01
5.127414514506147825e-01
4.253321761011192859e-01
4.526718047620582608e-01
3.665325476064625332e-01
2.851457153177708315e-01
3.401888977813076198e-01
3.908848682961851284e-01
3.507856604987286686e-01
3.754726187790462522e-01
3.421381643591959176e-01
3.107553916400561667e-01
3.033756089030145708e-01
3.458134232481686055e-01
4.619454108975694084e-01
4.122739567703642138e-01
3.345069981954382765e-01
3.119017501907430101e-01
3.119031992570502898e-01
3.118634773116469860e-01
3.087541368196094482e-01
3.118749191596703607e-01
3.119282369350139250e-01
3.118634773116469860e-01
3.094065099780160533e-01
3.060639689973772004e-01
3.401793390545724272e-01
3.305312422034890063e-01
3.119282369350139250e-01
4.409684297828982968e-01
3.609826831031376360e-01
3.079297486922588645e-01
3.480286860661077064e-01
4.467134485201303407e-01
3.061605064237826745e-01
3.067756354102302296e-01
2.990346913170299770e-01
2.718426608826608470e-01
3.744939885197932639e-01
5.313707671954434053e-01
3.110336613541520023e-01
2.909100394800594458e-01
3.294419041060465125e-01
3.141072928750024973e-01
3.184178709863502155e-01
3.401009580684174471e-01
3.277356869234103742e-01
3.877224239533550443e-01
3.538978333272306265e-01
3.328093284929263818e-01
3.461545882675697849e-01
3.181942487235677741e-01
3.772440882443966470e-01
3.538205582978093400e-01
3.417706043114290826e-01
3.025945770011552738e-01
4.409684297828982968e-01
3.570937522233320061e-01
3.086277604162513954e-01
3.407614159271946663e-01
3.477633927923104995e-01
3.305875601390824148e-01
3.407305087886919326e-01
3.119100578315938677e-01
3.896734546660501897e-01
3.737770224948714914e-01
4.518457676426405611e-01
3.605654714747263956e-01
3.081545834964790620e-01
2.995214072293049257e-01
3.011132024310607669e-01
4.168040026011622379e-01
3.802210792723335064e-01
3.840666367128356962e-01
3.179648505201191910e-01
3.062003118383126998e-01
5.236245552516125557e-01
3.169849052826145819e-01
3.136175236897062457e-01
5.359869843216312768e-01
3.098126189179858936e-01
4.597469917199347167e-01
3.118537614018771498e-01
5.662876365233077136e-01
3.144709385461162410e-01
3.145864302712254035e-01
4.186266995949195491e-01
3.130327749058044451e-01
3.912069030394989544e-01
3.145462014846506227e-01
3.048277316506179946e-01
3.139639528393677881e-01
5.000000000000000000e-01
3.235858534792068752e-01
4.098772046983398254e-01
3.520466165596609631e-01
3.633534996286931218e-01
3.189126212491170675e-01
3.169857790240760420e-01
3.038549243046959059e-01
3.141443409852969215e-01
3.026970816665548458e-01
5.662876365233077136e-01
3.523444562459226437e-01
3.189001668645717325e-01
4.319804370406011285e-01
3.145285119731730528e-01
4.442044465552030252e-01
3.065309332958695010e-01
3.527057892614542389e-01
3.890013620579203524e-01
3.358941583211929038e-01
3.530204356061974469e-01
4.865024554079378505e-01
3.120152451886143430e-01
3.501324397699437929e-01
2.671924708876624033e-01
3.707741893968594105e-01
3.865854744997751502e-01
3.299093031316245872e-01
4.541484818274660884e-01
3.800117400666057632e-01
3.179648505201191910e-01
3.146479713066996364e-01
3.284555347192311681e-01
2.917915708753365811e-01
3.128179526000575694e-01
3.048440063148107892e-01
3.884124594103290917e-01
3.135604892179131298e-01
6.762741166951610206e-01
3.114946425807745278e-01
3.221805607905057767e-01
3.182671517047701015e-01
2.857032600339545203e-01
3.585931360159318460e-01
3.379097442179970767e-01
2.915713638252683260e-01
2.595134717955874248e-01
3.493182119617477821e-01
5.384173664779658974e-01
3.595101807840434538e-01
3.463834483285493371e-01
3.782482927733938349e-01
2.944006298760290519e-01
2.985203855173961807e-01
3.014083252985202965e-01
3.323865125297847944e-01
4.301865976318041129e-01
2.904054862849335117e-01
2.943419086121429884e-01
2.677019448465873808e-01
3.279400736202440769e-01
2.944928490773207064e-01
2.796555410179967227e-01
3.487385449297075724e-01
3.053472924386926302e-01
2.944928490773207064e-01
3.399063428039890145e-01
3.544658382765091265e-01
3.476309890862960827e-01
3.207588811545309393e-01
2.669302431361306738e-01
2.944792703742794560e-01
2.817736918433020321e-01
2.921543058112084923e-01
2.944633870445436674e-01
6.849174921224150392e-01
2.838230995609749008e-01
3.830477668910634570e-01
3.395272234120128574e-01
2.801239157515856837e-01
5.766933149579921425e-01
4.562279294218659076e-01
3.379585433816816864e-01
5.742385250595299917e-01
2.943953484328054593e-01
4.681750428787638252e-01
3.071277924968344730e-01
2.897877904050253361e-01
3.504773460438235788e-01
6.818630018959265238e-01
2.863026731847743145e-01
3.659864915599054247e-01
4.086973179733348616e-01
3.156042652292606610e-01
2.769831741724950169e-01
3.378951573419228249e-01
3.802220343038515971e-01
3.356409140662257595e-01
2.775324445289835129e-01
3.356409140662257595e-01
2.848487653570249134e-01
3.730766048035440430e-01
3.090214616645828860e-01
2.944928490773207064e-01
6.722377964716551579e-01
3.325160098193471470e-01
3.329201343824083614e-01
3.666532403283028207e-01
2.862479140634991426e-01
3.919469098703928789e-01
2.343721120548779846e-01
3.108348056481703980e-01
3.373318878002732335e-01
2.875027372251200419e-01
3.847712097767195805e-01
2.966598858206961897e-01
3.556801585254263376e-01
2.450066085805450433e-01
2.979360008259586134e-01
3.223852886734454026e-01
4.912893555247873634e-01
2.797915491907563834e-01
2.707657791207010445e-01
4.833306344691053469e-01
2.797578724109339166e-01
5.072744961404695996e-01
3.916299290633082353e-01
3.146651913986199256e-01
5.167438488940744312e-01
2.343721120548779846e-01
5.167438488940744312e-01
4.943404263748540917e-01
5.654280461132461522e-01
4.702114220787342314e-01
2.999648561040069161e-01
3.942436132086223344e-01
5.695921041329091716e-01
5.000000000000000000e-01
5.695921041329091716e-01
3.820902488571762956e-01
3.530186613119937200e-01
3.225849381808161276e-01
4.709251100858215522e-01
3.945970360177841196e-01
3.450554148704347290e-01
4.715271898816322249e-01
4.168528154489635207e-01
2.801668120310406573e-01
2.450066085805450433e-01
2.797654478483121432e-01
2.782165590668984612e-01
2.870596755620588580e-01
2.790881183126028842e-01
2.296241686410760707e-01
2.828915648259621163e-01
3.524681549418618998e-01
2.798300341399889146e-01
2.736914163851469350e-01
2.798029469223244359e-01
4.037556536756419234e-01
5.195256466835260767e-01
3.379143439204215782e-01
4.524033490073637864e-01
3.148290013673855636e-01
3.994600043872996720e-01
3.180126292982687897e-01
3.576864195171680083e-01
6.344094805458098119e-01
3.315203031090918073e-01
3.485609876193159762e-01
3.043507164084999217e-01
4.114269764314422706e-01
3.682178323515281626e-01
3.227335894856587784e-01
2.665795762047556972e-01
4.828126776242138707e-01
3.615128764463163558e-01
3.933148857894418482e-01
3.180047509410269257e-01
3.622263735888642255e-01
5.902619058641161987e-01
3.611396018471029756e-01
3.619990297834102533e-01
3.619225339983530021e-01
5.901958769833852703e-01
2.384274803103366980e-01
4.173137162095151287e-01
3.615527425032903919e-01
3.566225411518058608e-01
3.927930912733182955e-01
2.919449504354563740e-01
3.533009078567325156e-01
2.384136397129310303e-01
3.835421365299981344e-01
5.244371842964109520e-01
3.787792127605083548e-01
3.536308207847603247e-01
3.573259143391103176e-01
3.522855649187521809e-01
5.902619058641161987e-01
3.546440704482926587e-01
2.659748998260665354e-01
2.864590233237958583e-01
2.864590233237958583e-01
2.864590233237958583e-01
3.666479173542797620e-01
3.205877404748709303e-01
2.384499913824708606e-01
5.901958769833852703e-01
3.316582738141611864e-01
2.383812167959075412e-01
5.901160612157335672e-01
4.923601854479867646e-01
2.383988173368082608e-01
2.383930742051221519e-01
3.539192265351182587e-01
3.180047509410269257e-01
3.223353506331769758e-01
3.735581511047952330e-01
5.902205088715251069e-01
3.916113222767220736e-01
2.620553252793847987e-01
5.902054739507222036e-01
5.160359846747382129e-01
3.402602588865377142e-01
5.901277067174919289e-01
2.384389178496406081e-01
3.564298865920654813e-01
3.619978611896863541e-01
3.933299093170809502e-01
2.384248533013098303e-01
2.166697597857391300e-01
3.893920398900857505e-01
2.526233441181419681e-01
5.902091269401692486e-01
3.072431749868135831e-01
2.384274803103366980e-01
5.902214146962181385e-01
3.539192265351182587e-01
2.384248533013098303e-01
3.713797680965593151e-01
4.092834085838058522e-01
3.213069689086623382e-01
3.098732707950900278e-01
3.530904879655005213e-01
4.580169909155101804e-01
5.058149373212851296e-01
3.303451402503634338e-01
6.165965148335178503e-01
2.993256978017618808e-01
2.913089491022158861e-01
6.322124084974661828e-01
4.300129165350580762e-01
2.794296293470103776e-01
3.275255888243174818e-01
3.200809968973941100e-01
3.512387347001216242e-01
4.872447385120359797e-01
3.965485172809829484e-01
2.794296293470103776e-01
3.200809968973941100e-01
2.619231391678288334e-01
2.978051800082017753e-01
3.979470237927038578e-01
2.692355077218190340e-01
3.334698628410519561e-01
4.643302431875442893e-01
2.931887455951926458e-01
4.209985575185088980e-01
2.418082936380549219e-01
4.020637627921611612e-01
4.092834085838058522e-01
3.577859563577133750e-01
5.000000000000000000e-01
3.608716341275876038e-01
2.867139509051684909e-01
5.099115532050604305e-01
3.417596263795242284e-01
3.032683473462233215e-01
3.776356788866573333e-01
2.693406244679811268e-01
3.337744912897134264e-01
6.629112444803053616e-01
2.723536065748539681e-01
3.032683473462233215e-01
2.424354198163390928e-01
2.706710606261849561e-01
5.078371364032725488e-01
2.794178176848028938e-01
4.092834085838058522e-01
2.794296293470103776e-01
3.991154071172987039e-01
2.914243398549573039e-01
5.415148614938297689e-01
3.035885186121038970e-01
3.695118326863625624e-01
2.793797056769423137e-01
4.873376497450205846e-01
2.865905816561395425e-01
4.092834085838058522e-01
3.510771900799881107e-01
2.794297844540166165e-01
3.290960812790311718e-01
3.694004147891618017e-01
4.672844309848419586e-01
4.629110752281927477e-01
2.794443532744400049e-01
2.783628564650684201e-01
4.804417404723776430e-01
4.078023693973290564e-01
2.970898390417194279e-01
2.610530046128438642e-01
3.570438519843798786e-01
3.195583225466009369e-01
3.380878048800966540e-01
3.033734113847119107e-01
3.619168317145680103e-01
2.959163686223428291e-01
2.986070431617402487e-01
3.062579629141372606e-01
3.233364862241835946e-01
4.666851583581921870e-01
2.747063151689405069e-01
3.925545681199264503e-01
3.033734113847119107e-01
3.937417400752969421e-01
3.006526313274598405e-01
3.034495889321199291e-01
3.471173423860923757e-01
3.571611933686081319e-01
3.061340538264205047e-01
3.034244045042671090e-01
3.130690266291061841e-01
3.660116028527828913e-01
3.368465523823518937e-01
2.864388453727411687e-01
2.886889104067886791e-01
3.118988503377572163e-01
2.895083215242469366e-01
2.979601712656488322e-01
3.482667718299921056e-01
3.065298404889261197e-01
2.783628564650684201e-01
2.866879945164108601e-01
3.355188897519008617e-01
3.355188897519008617e-01
3.379423333491406445e-01
4.111086730410235535e-01
3.053219898538360733e-01
3.228830451295101045e-01
3.618431328311776940e-01
3.562191030736807096e-01
2.928967366374425341e-01
3.062404986684066355e-01
3.024577217476912550e-01
3.101065946435798693e-01
3.632248791418363210e-01
3.043018215112980873e-01
4.407299951502708368e-01
3.311268046931690745e-01
2.581891644236042338e-01
3.049513137894438453e-01
2.783628564650684201e-01
2.779102837351207222e-01
3.605845337821048657e-01
3.063461657192700360e-01
2.753942843745894598e-01
3.217035979977333482e-01
4.130498978004044086e-01
4.545788122182228830e-01
5.418745198376191397e-01
2.887981741565957550e-01
4.351568355055173143e-01
1.739804407675434039e-01
5.815769376264878776e-01
3.881809384982383704e-01
4.072424011098575991e-01
3.187552710974940195e-01
2.496625984357940808e-01
3.231095477891698375e-01
3.519108043327782709e-01
5.939280985242275657e-01
2.442053003220803209e-01
5.977343518603756012e-01
3.214507537206492960e-01
3.506951555811524956e-01
3.858997221128117605e-01
3.944216158636039693e-01
3.731449192855490482e-01
2.442049255765571802e-01
2.442049255765571802e-01
2.442088608088058277e-01
3.612171366666850902e-01
1.956474914888942651e-01
1.581956486496886582e-01
2.441701374047928197e-01
4.050415246370765443e-01
2.622314935637544697e-01
2.442096913443924933e-01
5.939648927146271573e-01
4.047667141162156201e-01
2.905292307097771531e-01
4.617751485637504594e-01
2.070931561840780033e-01
2.507886107622077088e-01
2.442308375397310161e-01
4.327578185139818734e-01
4.368507707419003183e-01
5.939774127855770303e-01
2.441976150163328307e-01
3.797100003609535368e-01
4.406060444580145452e-01
4.758707660966286501e-01
5.895044915387445128e-01
2.441437586408837235e-01
3.698717468859378243e-01
3.883817368845497442e-01
2.564090265635680654e-01
3.099201876128632183e-01
2.992012729807864146e-01
5.207733421914116922e-01
4.329910268368419857e-01
3.641794627726626654e-01
3.797142813452071830e-01
1.814214633724376413e-01
5.287443694495899127e-01
2.441584064067909288e-01
2.292377100352182562e-01
3.944216158636039693e-01
2.442000272009511308e-01
3.184087766828595512e-01
4.007332424169888219e-01
2.441584064067909288e-01
4.020899208277866066e-01
2.441672681865864336e-01
2.420323635532126427e-01
2.401116901855427366e-01
3.304155967264842397e-01
3.709642563047870212e-01
3.892935116773937332e-01
4.290505324639008466e-01
3.787608558809131831e-01
3.766667837492444493e-01
3.910098090436420204e-01
3.829660199444020474e-01
3.798221450071829208e-01
3.762135265326779221e-01
3.722418929985991110e-01
3.831461665678446704e-01
4.172254240315969587e-01
3.826146228101929281e-01
3.788754532864475610e-01
3.767572900849369133e-01
3.674571915279798429e-01
3.661341773560325974e-01
4.278713299044520357e-01
3.863193006593078072e-01
3.794411138296131525e-01
3.754134286515001806e-01
3.794411138296131525e-01
3.725839233891714564e-01
3.907973633566217964e-01
3.803136560817467759e-01
4.012966986693811133e-01
3.745366374367421480e-01
4.052646770283950262e-01
3.703856543352027630e-01
3.761556754283014170e-01
4.292435398990511741e-01
3.981153959635280182e-01
3.744679397284530475e-01
3.794411138296131525e-01
3.803589579683431254e-01
3.715416972701515164e-01
3.975112772935786576e-01
3.888516965000519687e-01
3.696426342020010525e-01
3.794411138296131525e-01
4.186135206625237748e-01
3.970350163017014600e-01
3.907432197906640647e-01
3.818353463304707818e-01
4.461049568562034384e-01
4.114821403977247938e-01
3.756925651480406692e-01
3.794411138296131525e-01
3.768051592209155087e-01
3.724822849786845747e-01
3.801838237270580012e-01
3.720103091867988931e-01
3.731136164681165823e-01
3.935434565611624080e-01
3.824629422027833736e-01
3.926201786179420727e-01
3.857989363081866796e-01
3.882376732565251953e-01
3.780939998557071302e-01
4.049834869811612670e-01
3.875881011735613502e-01
3.841796554287659760e-01
4.210385570664649246e-01
4.154442689289544188e-01
3.837588472410642937e-01
3.974197833715389372e-01
3.910970890240674236e-01
