7.175712818727209008e-01
5.700817086920167975e-01
5.968409087349059172e-01
6.995306438971836682e-01
5.163594292114581652e-01
5.796550681856196263e-01
8.478693398887577892e-01
6.659134265387204321e-01
6.731480356177889091e-01
8.712382087546313159e-01
7.515940240084351132e-01
6.108569655327542591e-01
6.546096317699452438e-01
6.470814777882600843e-01
7.710327752876983132e-01
6.280947638489599028e-01
5.726884841313625296e-01
7.781631558932736725e-01
6.296155838125866433e-01
6.350069304065221187e-01
5.714689306253687429e-01
4.509490801516406466e-01
6.101896812694586059e-01
4.418473755966206840e-01
6.310512667926733155e-01
3.835401486822765382e-01
7.295172517487389374e-01
6.187590883712640322e-01
7.948633717247924890e-01
5.388230338908408523e-01
4.093903187996369986e-01
6.852096184964854286e-01
5.673266208912122188e-01
7.267486422046002259e-01
6.989068926224478728e-01
6.550193037179921074e-01
7.767324398346820979e-01
8.310440974181824147e-01
6.102643396815221610e-01
6.375080307972664784e-01
7.055460899797418861e-01
5.993145234212956529e-01
6.776945645512284511e-01
6.865316416922571108e-01
5.345641513334573602e-01
6.678553182675779354e-01
6.549137456886838793e-01
6.303899544716605741e-01
6.029931257354246288e-01
6.701729684767859796e-01
6.882643040675986423e-01
5.490480356728225653e-01
6.835233676773049272e-01
5.735074713100050126e-01
6.295752382321702090e-01
6.892375295063448704e-01
7.897053937341043106e-01
5.465377952028644959e-01
6.313178624527754357e-01
6.146798917481473001e-01
7.285212142242256661e-01
7.300129425909253067e-01
7.487958946863522147e-01
7.385090198338503109e-01
6.077628099182763588e-01
7.552369271735684952e-01
6.345625122528697482e-01
6.640450279257804622e-01
7.064492495763444735e-01
4.580662647075651739e-01
5.167587747199836601e-01
6.463605044417168877e-01
6.701101419921420277e-01
7.836760942329186186e-01
5.513131626451522882e-01
7.448637355824371253e-01
6.033345829453948816e-01
5.924076482109744690e-01
6.589739809242718405e-01
5.722144280296943553e-01
5.578478040125168791e-01
6.329317998996567551e-01
5.053619960815199930e-01
6.192014227196487308e-01
6.273338039089697560e-01
6.450842936324179266e-01
6.580530601687302195e-01
5.431877142894866450e-01
6.464677206702086343e-01
5.912737501909607341e-01
6.684139945424152351e-01
6.567130131970144724e-01
7.133673646413564162e-01
5.250309265592548735e-01
6.088468729037368465e-01
6.834884292857600352e-01
4.918134712706400680e-01
7.260855475001566361e-01
7.910492269969252588e-01
7.433209913083140830e-01
7.079326435069427381e-01
7.081286883119009001e-01
6.867381353481348816e-01
5.847977358436909912e-01
6.492078802053995457e-01
5.609752059196089213e-01
5.655807307602503942e-01
3.567476917026569105e-01
6.640109230235329285e-01
4.778254496821205954e-01
7.291089292856500759e-01
5.295316040085344955e-01
6.679645377973952858e-01
3.888018125267774794e-01
8.853849184275514039e-01
7.885127961559026399e-01
5.909552282908271392e-01
4.479193456928624584e-01
6.244093313556545732e-01
5.566011000403467968e-01
6.680291721953121042e-01
5.963877480074069037e-01
9.194753859247800643e-01
5.660101728485908978e-01
4.656925638133580514e-01
3.853259280956029542e-01
7.196631439116497608e-01
7.443638808659066575e-01
5.404794375684436325e-01
8.236708544009202493e-01
5.802212236888013575e-01
7.051167512554046279e-01
6.389204876069709549e-01
6.225141125197179992e-01
6.562714016271393724e-01
6.479256430079679552e-01
6.291787651685804006e-01
6.417701596689314725e-01
6.920523729461243168e-01
5.838583271871308211e-01
6.208876906292644104e-01
6.457541584462205275e-01
6.313329806434888614e-01
6.542319048098403922e-01
6.430995678712342345e-01
6.104903730111301829e-01
6.453668676154165063e-01
6.353515193419881912e-01
6.326598245371356510e-01
6.417967891406640701e-01
6.283602845282845184e-01
6.228003274763832531e-01
6.765778761934705399e-01
4.224000953781125167e-01
7.378189112999963273e-01
5.094453877018673138e-01
4.389380714231532199e-01
6.167539183305451589e-01
7.492242074716778388e-01
5.130662995600716592e-01
7.363900601032099535e-01
4.116685956087716147e-01
5.636849028886686819e-01
5.084806477714848283e-01
6.593405156991792859e-01
6.220133308840446462e-01
5.105509790886795241e-01
6.773400208455793159e-01
6.474958128717981376e-01
6.670648611722067578e-01
7.447317783117641810e-01
6.389711861339466559e-01
5.689592092394590850e-01
4.104616177505044927e-01
6.151879157876529725e-01
5.081706764625071315e-01
6.021762811061430742e-01
6.468385333477795207e-01
5.257671733751729803e-01
8.259551341525392942e-01
6.637853029921054748e-01
6.157413171380728967e-01
4.449458776830625406e-01
6.919147072537540355e-01
5.000000000000000000e-01
5.865254126937398116e-01
6.051535364245532733e-01
6.616790462038311116e-01
8.140875846891690859e-01
6.160400981174959378e-01
