6.012282852628461072e-01
5.355811436536596082e-01
6.113520138039314489e-01
7.919973948735669067e-01
6.934338624439072563e-01
7.863336832763192508e-01
8.706119431605016112e-01
6.989279717010848936e-01
5.763108731133513851e-01
6.464383400032124305e-01
6.910457488395432835e-01
7.608553265790379827e-01
5.766977276857657708e-01
4.768826000853128577e-01
8.446957858829160504e-01
7.052674797173826837e-01
6.402863792365398599e-01
5.537839108534026167e-01
6.305266900561056209e-01
7.099060107204735459e-01
6.785998755592015375e-01
5.869367238984819490e-01
7.013003345297555979e-01
7.012475610979842511e-01
6.377994882783084574e-01
6.823089318384842894e-01
7.949473548762076014e-01
7.115837874447820122e-01
6.497049776103388519e-01
5.172802290673544912e-01
4.901616769115192951e-01
7.017448664172337702e-01
6.447088882118769959e-01
6.679453010354937659e-01
8.039076891866997476e-01
6.451256070817458221e-01
7.688724050879272021e-01
7.587681566439540282e-01
6.110735519171037744e-01
6.683232416769969708e-01
7.873504820748434829e-01
4.807597913170026938e-01
5.762681518248151669e-01
6.515329118264889807e-01
4.848504167927186748e-01
5.868790991310625094e-01
6.622227069535424615e-01
6.078803824011594914e-01
6.007200333863174091e-01
6.941716096065545516e-01
7.337729001616840607e-01
5.418659716951294003e-01
7.107036563498451143e-01
5.655208782648176724e-01
6.335259878509307274e-01
7.199473869097989809e-01
8.274126412719623458e-01
5.841870419953222315e-01
5.133860921023679635e-01
6.796443962450618992e-01
7.104063570466836453e-01
8.619617720355389201e-01
8.234872788513916131e-01
6.689015268854450191e-01
6.592393288844721200e-01
7.826539445833095021e-01
6.159117216963918562e-01
6.237914687302961170e-01
8.340105395494051832e-01
5.081997979854384617e-01
8.215529312618102820e-01
6.994968315493660382e-01
7.016888195425423635e-01
7.355523689783436403e-01
5.703135729682951016e-01
6.864651258409170120e-01
4.408829873185671211e-01
5.831801337412209074e-01
5.348869339520221367e-01
4.069435655485887371e-01
6.680861748410558132e-01
7.508813322394487511e-01
6.552159361722152964e-01
7.294719486722354151e-01
5.648870112387132103e-01
6.672407496073171629e-01
6.731859916960879486e-01
5.973442687994320321e-01
7.165308583811786924e-01
5.760037422199575374e-01
6.317567567503161730e-01
8.679297996597115095e-01
6.513037268528936163e-01
5.785056528936006748e-01
3.221103266568581813e-01
5.713202887051287426e-01
5.400656073091137932e-01
7.783321678119419218e-01
7.390405368911896478e-01
7.536317535491428021e-01
7.728994578900292289e-01
6.035951947201053658e-01
4.668618967400545716e-01
5.452848356027951704e-01
5.169133449957491466e-01
6.491940987929124551e-01
6.197816930292420201e-01
4.784396109111708761e-01
6.264554484758343422e-01
5.851785794477675218e-01
8.312172140628029116e-01
6.119728460957226668e-01
6.149836308721811085e-01
5.579121045012231939e-01
7.074465447099738125e-01
8.460201957133892670e-01
6.267471748815621746e-01
5.216725625765967767e-01
4.388305290186044205e-01
5.050360212522641001e-01
7.336164876437895055e-01
6.243632336330598998e-01
8.823014200123896478e-01
6.314981666463452825e-01
5.835569365994565105e-01
4.709672026956120416e-01
7.381864705634468837e-01
4.882261222794873068e-01
7.633647044635699652e-01
7.994763872462802290e-01
5.119729370593499862e-01
6.851798526719142801e-01
7.648520388672742643e-01
6.202147935184431082e-01
5.564897839444462591e-01
6.606785926352093385e-01
6.113980172667788926e-01
5.105062944170001282e-01
5.701889867915116428e-01
7.650189224190541148e-01
6.470598784743430976e-01
6.967530371310746151e-01
6.039512451897135481e-01
5.502215055523237419e-01
5.973277410783904839e-01
6.443015363159648734e-01
6.719316869374117873e-01
5.837641414770391446e-01
6.638379107432710313e-01
5.870358756489266749e-01
6.546059480200965286e-01
6.056670587542694051e-01
6.612166121336845448e-01
4.416900205786180589e-01
7.280877692225797837e-01
5.976699186652275619e-01
5.722648063557411735e-01
6.912762290659224540e-01
6.935544360332632774e-01
5.470016729557491963e-01
7.525480109095946668e-01
6.115931534717775619e-01
6.317640029689665093e-01
6.056673678956820961e-01
6.365424335100700048e-01
7.015352207362377523e-01
5.749515688331222618e-01
6.500041753984722170e-01
7.409883225574128707e-01
5.966495796418899156e-01
6.863898998821922337e-01
7.842403846455117122e-01
5.367595786108525502e-01
5.070454970081997859e-01
6.319948783424139682e-01
5.915571905991883206e-01
5.776230169025785566e-01
5.721025184354460169e-01
5.388623718237274263e-01
7.298065242513217532e-01
6.216865984585722149e-01
6.236836035741657458e-01
4.463842813705690138e-01
8.112513380058591350e-01
5.080126645869597057e-01
7.075035604060563310e-01
6.192321082176135416e-01
7.336537723843146175e-01
8.678511081691007156e-01
7.972177994097741083e-01
