6.649181790387200808e-01
5.979484254355429407e-01
5.702003038149079384e-01
6.348569352299305857e-01
5.503503799368724136e-01
6.315379750771569212e-01
6.525962376807472598e-01
6.394284205999668513e-01
6.949573132982225232e-01
7.611323498138665711e-01
8.087454495036615620e-01
6.604871284001684328e-01
6.098217651559597607e-01
6.090422262976372680e-01
6.842536527996588847e-01
5.000000000000000000e-01
5.189941197670184803e-01
6.768095254822436013e-01
6.264719465341023197e-01
5.981051125294698512e-01
4.515973198552304946e-01
4.588052832831619465e-01
6.934960421900706606e-01
4.352596155446759041e-01
5.413315076862313946e-01
6.212115754573889204e-01
8.225125910026769294e-01
8.597441067738836873e-01
6.345125232284161143e-01
4.039414791918402581e-01
4.259080089674929792e-01
7.548075183527849230e-01
4.538896563988521482e-01
6.660087188395060753e-01
7.534567775240795795e-01
6.357950543751523798e-01
7.545078869956686196e-01
8.390999252193088731e-01
5.843338538257860648e-01
6.423608689222386481e-01
6.462786220355610789e-01
6.653671336537734238e-01
6.204141540212138040e-01
7.098731391580268557e-01
4.482390476364500609e-01
5.189200106218674335e-01
7.018255167828203467e-01
5.828956644774913043e-01
5.284905107971058502e-01
7.400677254891382395e-01
7.771469821768413055e-01
5.000000000000000000e-01
7.462066051814884027e-01
5.229713257827476314e-01
6.308508111477082458e-01
7.455895293772067944e-01
8.656872882365029831e-01
5.403942723921537628e-01
6.459293749782857308e-01
7.337644441108898130e-01
8.519419762991050638e-01
6.321317264352088738e-01
8.001287253231088581e-01
7.076441983476319253e-01
4.914747946367002407e-01
5.335279966839302501e-01
6.860188211683081461e-01
5.465209362431107110e-01
7.514482244328349880e-01
1.572622665234988115e-01
5.077568613343124149e-01
7.273990938256448269e-01
7.222214737764420800e-01
6.314042035906979322e-01
3.989897114748348073e-01
7.735552954376452295e-01
5.738223992742885748e-01
4.903013258395135243e-01
7.513418694736516690e-01
4.619053065645917222e-01
5.978850802922102137e-01
7.482619899311157008e-01
5.483705082258932828e-01
7.035078707780777485e-01
5.943912951884090523e-01
6.930567762572847901e-01
5.411761566334314377e-01
4.314431350552076494e-01
7.567079619680555647e-01
4.691538951059388562e-01
7.241563379583830784e-01
8.545508723430780273e-01
5.519561401603755302e-01
6.238282060691894282e-01
4.108960967830455058e-01
5.926772531514247211e-01
5.738752040814021349e-01
6.385783479958822006e-01
7.187332445699050609e-01
6.910290010634858593e-01
6.714118373678686913e-01
6.024081636276550356e-01
6.700411220533184498e-01
6.561310325810778554e-01
6.260546357658770544e-01
5.748283628146952928e-01
6.482590808040065156e-01
4.502461240016735755e-01
6.366247358837835435e-01
4.683147184464115376e-01
6.137565135021365581e-01
5.661903145344189259e-01
6.583129095539262954e-01
4.510473528504572727e-01
7.225146176301051604e-01
6.862888119306138623e-01
6.583844946351002925e-01
5.499519440354668776e-01
6.113231323259251671e-01
5.967800856121961983e-01
6.397054139151591157e-01
6.950313916780992418e-01
7.395667147784330542e-01
6.253078967252250209e-01
6.122668355347710145e-01
5.600745640945146153e-01
6.895448882986286998e-01
6.373702326575972910e-01
6.296435179246243630e-01
6.423765146656704728e-01
6.475414518797946162e-01
6.455380473249746620e-01
6.217290894597621298e-01
6.258470124838669824e-01
6.494558115216428895e-01
6.443245063997852240e-01
6.336707679242865598e-01
6.323124518432629015e-01
6.645754277744146954e-01
5.841429970437074237e-01
6.352019556075125806e-01
6.379810290757363944e-01
6.472975752040284192e-01
6.583269931872542946e-01
6.317841910074056822e-01
6.149746887358766845e-01
6.359903003965260426e-01
6.396545268515897442e-01
6.218900969366962794e-01
6.336251690247132196e-01
6.277794934695443141e-01
6.228694645369754479e-01
7.336907078522767467e-01
5.653415995616205558e-01
5.726180984467751367e-01
7.457126228361399267e-01
4.312531143201249195e-01
5.598964091009942523e-01
7.188622097606924832e-01
6.823489935455989697e-01
7.385821681624628043e-01
4.684963916016471330e-01
4.939285414668276308e-01
4.929416726132191950e-01
6.408035730416582476e-01
4.727217945618037986e-01
4.300246094606909875e-01
6.941159196345355609e-01
5.344161839359259369e-01
6.033302230155765944e-01
5.698074385522049479e-01
6.857897924762121900e-01
6.022299300183269199e-01
4.813032212892249251e-01
6.517537774301356279e-01
5.778854429297451967e-01
6.806471017012442060e-01
6.380518271297708210e-01
5.686390613586252973e-01
7.379934252210631485e-01
6.640299751402395367e-01
6.026041974742694096e-01
4.679061183514650613e-01
6.735396706275127432e-01
5.264674725091661456e-01
5.871551567639340385e-01
6.292862488732190451e-01
6.458301615289113728e-01
7.775090468071294003e-01
7.275928196191482344e-01
