6.512947327562771394e-01
6.286396231575404059e-01
5.620489382367261921e-01
6.937359191602308073e-01
4.529427227084910634e-01
6.716721163411503159e-01
6.531655250371849464e-01
6.373812457397883824e-01
6.025946003792888028e-01
6.454938521194740764e-01
6.331723146873406982e-01
5.916245358856584424e-01
6.236288566063904470e-01
5.398673484729475947e-01
6.483535359676977361e-01
6.326111010171983073e-01
5.481635969608068537e-01
6.817365776555184276e-01
5.725424776130666471e-01
6.901080553835168274e-01
7.332224645472087410e-01
5.000000000000000000e-01
7.541909262268622349e-01
7.883023462057791031e-01
4.783197293957572871e-01
6.724841925336373372e-01
8.887312287705293468e-01
6.505300921750944987e-01
6.515486561356157447e-01
3.747847332426944567e-01
5.743270199460004388e-01
7.769127417963088700e-01
7.359194774460030564e-01
6.685470425066387667e-01
7.933089694278969706e-01
7.213783036777121627e-01
8.707921330902980150e-01
7.797202313717046529e-01
6.044299879174372947e-01
6.694710283535018069e-01
7.953662146286760715e-01
7.166649624007597197e-01
5.170869654359669942e-01
6.915722786965254887e-01
3.827428813546193687e-01
6.182451039623149125e-01
6.788113074243473655e-01
6.448762975666445518e-01
6.310812530462203140e-01
6.899559030254214242e-01
6.970735391505754608e-01
5.432246719881987929e-01
7.102869781655434256e-01
5.716896846981468494e-01
6.265681926347493880e-01
7.174977895834987462e-01
8.088045460748686244e-01
5.910100193732198415e-01
6.087344780617235385e-01
5.000000000000000000e-01
7.349423315422057845e-01
6.524951308903810254e-01
8.494909450021332908e-01
7.469982403302375396e-01
7.701050471685105814e-01
6.348439515909142239e-01
6.908922546979493484e-01
6.510974788646614053e-01
8.563409675033162305e-01
3.229044628045387721e-01
6.195222773063910893e-01
8.394073678454839760e-01
3.527632180395371964e-01
8.958519234944033460e-01
2.719615076648811969e-01
8.457238527311201626e-01
4.716799761609004604e-01
6.561310312656948307e-01
7.224568947973213362e-01
4.590623656625755777e-01
6.750562005657533282e-01
7.409422503305493901e-01
6.461560666323817870e-01
5.620533519781920617e-01
6.090463110025566840e-01
7.434837598238631662e-01
5.399190144300383132e-01
6.440468360599727049e-01
7.038120643465859416e-01
6.232389574611126859e-01
6.857227645984015352e-01
8.373355294886727362e-01
6.462008739981954797e-01
5.742529923093909749e-01
1.828001306522132607e-01
6.449579224718630099e-01
6.008055120570475749e-01
6.115071126915061495e-01
6.312472982637946650e-01
6.493633901411243192e-01
6.705074420572284533e-01
7.216812924702745713e-01
6.251263749291807725e-01
8.503128781371949163e-01
6.039800162078758916e-01
6.504319349978984199e-01
7.197191378362330916e-01
4.505012494465251982e-01
5.352219645239917334e-01
5.207526283320254024e-01
5.783962589776225904e-01
7.079869005627937861e-01
7.449300014262848491e-01
5.977856923295945535e-01
6.778057856798521685e-01
7.060858248174766150e-01
6.557776937975983156e-01
6.118324579769266469e-01
6.122043037814728361e-01
6.176837336076239637e-01
6.255853425442597926e-01
6.680329146287374842e-01
6.764694223877216750e-01
6.093875339439370764e-01
6.377025154439180943e-01
6.172000077687697095e-01
6.751754462007834023e-01
6.286186281722884184e-01
6.537247770673108027e-01
6.477330007430951442e-01
6.284113111005453778e-01
6.474778507152721962e-01
6.407452627839165249e-01
6.287616144278195263e-01
6.326001108556661423e-01
6.438959256856656710e-01
6.322628826296219362e-01
6.402262988155157375e-01
6.594836187088081170e-01
6.080729116865974948e-01
6.259472163070380901e-01
6.375543324609015405e-01
6.470846479938135998e-01
6.523551982150750383e-01
6.271304356564831872e-01
6.328976380607066465e-01
6.316098140571961839e-01
6.244990626374824494e-01
6.195380454845724749e-01
6.482489004747385986e-01
6.267768740164462171e-01
6.282928573652929449e-01
6.486631795145619828e-01
6.051602293914163377e-01
6.321221420580721562e-01
6.291061481517011833e-01
5.756281118689642318e-01
6.426189551392756938e-01
6.498754443959057214e-01
6.302002786411119439e-01
6.526231034934385500e-01
6.390369413590438752e-01
6.668959383926296169e-01
6.490337318212762163e-01
6.327196619755783846e-01
6.540075386327655060e-01
6.583568365599723471e-01
6.639692725748180813e-01
5.827120505071241574e-01
5.733071927162511905e-01
6.568523845904493674e-01
7.749443808119643728e-01
5.149354061391079318e-01
5.330426736835105483e-01
7.095462976726025772e-01
5.161318685720959198e-01
6.103483396298007291e-01
6.694023653499241444e-01
5.737732157940871325e-01
6.936663872232660122e-01
6.744974495409893356e-01
6.166424306870227356e-01
4.680243806556098063e-01
7.574248110006015500e-01
5.554767032754449607e-01
6.953339302780371378e-01
6.312137414498835142e-01
7.040140365821720980e-01
7.701958144200076184e-01
7.405513073390053158e-01
