8.056267590910908272e-01
6.355700142562363819e-01
7.169783940110888709e-01
8.508464421213773887e-01
6.102322426349703344e-01
7.242128271371923720e-01
7.702701994633548432e-01
7.439680211284983580e-01
5.187005716845444203e-01
7.643306876745504796e-01
6.426619634761701061e-01
6.760880507067256184e-01
7.174513507240105614e-01
6.801018620017164062e-01
8.612176678644262173e-01
5.000000000000000000e-01
4.568199502019189562e-01
7.788193613969935925e-01
6.991745061487142365e-01
6.231355974180670110e-01
5.207799616677672994e-01
4.822989892084121322e-01
4.824298531743019258e-01
5.384033672566433948e-01
6.221279242915608299e-01
7.245670505479265833e-01
6.925740503026582839e-01
5.323856190792659593e-01
3.337316574085760212e-01
5.399399717594025594e-01
6.694351920441565795e-01
6.749844416050317930e-01
5.596849939703298915e-01
7.982808184104333016e-01
6.761691755081830069e-01
7.700726146742709055e-01
6.102073390010155363e-01
8.249819215476965617e-01
6.847129870076751335e-01
5.829792594147131801e-01
6.290498776941355619e-01
4.527900193279947305e-01
7.011178125391330784e-01
5.776284469858370407e-01
4.631130853146878112e-01
5.426874454702439454e-01
5.606278394960392264e-01
5.335263931651628155e-01
7.611487535321360687e-01
8.041474798104865096e-01
8.556374470010418287e-01
5.000000000000000000e-01
5.398437565285699735e-01
6.516492172901855451e-01
3.783511706491415327e-01
5.434837485352953523e-01
7.428547134564849053e-01
7.432493382904222790e-01
3.645105196079682641e-01
7.351469357278974659e-01
8.343318318236485620e-01
2.201643137433967612e-01
7.224481060905686425e-01
8.560729126174224657e-01
9.134638240555175148e-01
6.937627519995476222e-01
5.837607975164663676e-01
6.623480624911403103e-01
5.483315708339042693e-01
5.645652746182523440e-01
5.479893120679144580e-01
7.470698613646735708e-01
9.887274883846672857e-01
5.000000000000000000e-01
7.157103042251472536e-01
6.766929199105238268e-01
5.514343841631895726e-01
7.188668637631459024e-01
5.664445087981783145e-01
5.656110352455189227e-01
8.451368636747055296e-01
6.379451046944359938e-01
5.848085978157929743e-01
6.855527664047761371e-01
6.152860181244856896e-01
6.293583940699737367e-01
7.502600998394416409e-01
6.822819130125822307e-01
6.331187459653115912e-01
8.543690364077424215e-01
7.515876951034834441e-01
7.709052334742373391e-01
4.810934645075534699e-01
3.997163434507884916e-01
6.226342983766121053e-01
8.094127576027698723e-01
6.997868751471988391e-01
9.136137955997531979e-01
8.516515510096026587e-01
9.071390599322828319e-01
3.628931391870195422e-01
7.294535314012271510e-01
7.314657775416686381e-01
2.932677990113986555e-01
8.602189533602481175e-01
2.239753476765948548e-01
3.281832892972239568e-01
6.101724339822071075e-01
2.502154024282552403e-01
8.825514784428377668e-01
4.696666718864593859e-01
4.746187482699984472e-01
5.630562664862717170e-01
8.876649673662112550e-01
6.834644643250278317e-01
4.440705039543926258e-01
5.670151965708661868e-01
5.639549395883062255e-01
6.389851008299749502e-01
5.315046747987262066e-01
6.416986049629243016e-01
6.871026257365026035e-01
6.253489721305266480e-01
6.622413718033526298e-01
6.215576036413951178e-01
7.401908956897855774e-01
7.226757318217884585e-01
6.539888640531211772e-01
7.508563187707361086e-01
5.414627929136436313e-01
6.831337015941151281e-01
6.430063551814776401e-01
6.662893696688232392e-01
6.571525539607436794e-01
5.608273518284477843e-01
5.920185472512118352e-01
7.869080932461833822e-01
4.092984279391848057e-01
7.885067021197854631e-01
6.023874421061448103e-01
7.998143473596145414e-01
7.077534922633056391e-01
5.563672486960317132e-01
3.075237968675463840e-01
7.129480905165750393e-01
7.083162155237974211e-01
6.329854120998341660e-01
6.353832446798030054e-01
8.027397116579620961e-01
8.780380551436871572e-01
8.157514454763693523e-01
6.442319858018189516e-01
6.069185197349049599e-01
6.632926786697951327e-01
4.483012316783260842e-01
3.600446584163537467e-01
6.505471726018816625e-01
6.274319682073991045e-01
3.716824181085699452e-01
6.805054425747476543e-01
6.951621797721488916e-01
4.333095110109361214e-01
4.617584464390896981e-01
7.582957554565640246e-01
7.205892106977065392e-01
5.498353944619835953e-01
4.187779606111813879e-01
6.877444290746934641e-01
5.478801617524525769e-01
6.330772580392047821e-01
6.844191530414772684e-01
6.909892712205697451e-01
2.672500429976951697e-01
6.084027024443293685e-01
5.690619230811982954e-01
6.180959666516880890e-01
7.973988539269931675e-01
5.504993284538545195e-01
7.579923022741992256e-01
7.262053598100711715e-01
7.920338218907216898e-01
3.709788595593192517e-01
6.755958190281670106e-01
5.208952289752601938e-01
6.295196797237796460e-01
5.111037134108940005e-01
8.013749845676265693e-01
7.099195265080461281e-01
6.610549804941431296e-01
