6.944929266339354701e-01
6.363122478207138277e-01
5.376313173032594150e-01
6.429450730738102138e-01
5.073919592003351964e-01
6.199567442611888524e-01
8.035770458070872202e-01
5.840557625890908655e-01
4.839477099126986426e-01
6.378278341016727637e-01
5.587174951425980529e-01
6.471538296841073956e-01
5.537353922472961765e-01
6.439012112623694328e-01
7.153549382779653687e-01
5.927018478490619913e-01
6.132612486586307421e-01
5.849197180958182196e-01
5.681408938570436939e-01
6.816104959647489858e-01
6.525929113382546998e-01
5.314976400762261299e-01
3.167744801610546390e-01
5.630752146492241650e-01
6.973769146909375438e-01
7.674837301708908877e-01
7.486353750796118645e-01
5.944436940909662015e-01
6.525929113382546998e-01
7.316674774716376284e-01
5.630935616811149069e-01
5.455594027294183856e-01
5.121963435997598513e-01
7.232717201817847608e-01
4.859350010754500127e-01
8.613983156456628265e-01
6.689975342280790604e-01
4.606738511804259750e-01
8.113884132703857999e-01
5.833720896395111488e-01
4.223393964207826090e-01
7.883246426865451184e-01
7.868755109855232188e-01
7.751034456681732410e-01
5.512778418717479978e-01
5.952338988937391218e-01
7.460804040403161697e-01
5.096023984729985967e-01
3.124251290217258115e-01
5.743335999094278943e-01
5.134531732265501525e-01
7.780231434070730145e-01
7.759641514118205130e-01
9.062018342621612765e-01
6.143703640998229298e-01
5.000000000000000000e-01
6.702854484164837423e-01
4.558587042828652902e-01
5.544521469601884078e-01
6.342776024910740107e-01
4.711884248531016395e-01
6.911832166422541279e-01
7.181060767929399180e-01
6.524815510927389761e-01
5.905234474162847080e-01
6.576097216232981157e-01
6.776922621060953444e-01
7.393203439202101768e-01
6.829839624870464032e-01
6.078017531596950906e-01
6.251107141950685842e-01
6.453431793841409858e-01
5.761152198899390786e-01
5.950527931252647118e-01
3.664633290573327540e-01
6.348101457734856012e-01
5.950527931252647118e-01
1.305461518838692270e-01
8.260987471120041503e-01
7.360737280738995914e-01
8.290593051452388451e-01
7.730958062716049017e-01
5.000000000000000000e-01
7.360737280738995914e-01
9.013736956943139145e-01
2.999365876097689898e-01
9.313666052557927344e-01
2.642903151278718221e-01
8.377065895011145402e-01
9.536876838022074754e-01
4.086735942437477176e-01
5.633270080546683989e-01
7.079606906035179614e-01
5.719922124753124004e-01
8.815512874605129223e-01
7.898169955081160154e-01
5.751679393886098834e-01
7.666522918447438162e-01
4.627267288644763554e-01
2.170000143345279242e-01
8.120770854422215690e-01
5.072541102943243230e-01
6.117290892364478649e-01
7.179715202637552141e-01
6.872687783079031165e-01
7.367758949853316919e-01
7.304721530986994782e-02
4.715401716586643532e-01
5.495936400319808568e-01
6.364354585377600682e-01
6.562514054598449498e-01
6.253265166168148204e-01
6.834261003364121567e-01
4.771067851367559176e-01
5.564685925284135193e-01
6.478751405005990227e-01
6.804349050032513224e-01
6.715753251051972406e-01
7.570075096970203532e-01
6.945865821550546437e-01
6.353016129531915412e-01
6.551205641139679070e-01
6.661512052123667038e-01
5.885563355302411148e-01
6.925864096892075938e-01
7.089513496278921911e-01
6.606161364554284932e-01
6.100695272767716615e-01
3.645091014937511531e-01
4.024987946904982072e-01
7.023234317714959207e-01
5.000000000000000000e-01
6.797334854196476206e-01
5.733233343899285517e-01
6.491598390511372774e-01
8.691692086176400212e-01
6.433052200530520182e-01
4.849774562198939099e-01
6.065043369022243835e-01
7.000433971365033203e-01
8.222416597837112207e-01
7.993850885883441171e-01
7.785715892652446124e-01
7.186041802573016612e-01
6.586088854812326421e-01
6.365912326254944409e-01
4.263508694225982554e-01
7.197859137953068753e-01
4.068970458727933504e-01
6.167648661325065840e-01
8.284214632633235542e-01
3.803627487324405809e-01
7.765722220760844507e-01
4.633375717341370326e-01
4.066098026725160630e-01
7.353077435038951615e-01
6.320887244820299067e-01
5.384470172198632110e-01
3.569262561966345393e-01
8.808365851848934946e-01
6.481593197072316181e-01
7.197859137953068753e-01
8.199781516118137548e-01
6.289071928781762022e-01
2.492650665026289736e-01
5.370686101482673447e-01
3.946599301281500383e-01
6.423082833404047953e-01
3.716739214041223649e-01
5.575900896763853476e-01
7.837831523631452191e-01
4.940001289209098312e-01
7.498701395279850912e-01
7.190252072325924448e-01
5.085854764121428007e-01
1.436565810738043014e-01
5.689660114878003494e-01
7.837831523631452191e-01
7.822081793794749549e-01
8.655016619697708524e-01
