8.253376035263370047e-01
5.000000000000000000e-01
6.091344172268987611e-01
8.550401919413102014e-01
6.437485562869643685e-01
6.720765936715191735e-01
7.139752796551389613e-01
6.613044814725032028e-01
7.741897717962077374e-01
6.568089656754459993e-01
6.093218425026269980e-01
6.819210000949582628e-01
5.589652238771062320e-01
6.213552523211487433e-01
7.473461506055553150e-01
4.883325130317637264e-01
3.865447498954213690e-01
7.570878346845962836e-01
8.172174968163262720e-01
7.097455156219202310e-01
5.605395839116483758e-01
5.115960350751901364e-01
7.347170897522505850e-01
2.033974085643536767e-01
7.573410232288916299e-01
7.500005741319440977e-01
7.694344977194315094e-01
4.197594591409280484e-01
7.758046864656636954e-01
6.645340164378116254e-01
6.808695449663897392e-01
6.327130882945350976e-01
2.272337509667837763e-01
6.657719495916757380e-01
7.681630821551264088e-01
7.791392106330752299e-01
7.674446683223693499e-01
7.926815798884858655e-01
6.799752717693077209e-01
6.186557409552670972e-01
6.227435952833020316e-01
6.600525953546723112e-01
5.974150279202075087e-01
3.548972412989770953e-01
5.318577984531773772e-01
6.706710111248858075e-01
7.006210848029419402e-01
7.197672036509145110e-01
7.464402494991260184e-01
6.210560439001957533e-01
7.275398886303933166e-01
7.145199253590636124e-01
7.091078079811204971e-01
2.453387388770553457e-01
7.149547776499535212e-01
6.734628026195759176e-01
7.357813910937786028e-01
2.160140335999233274e-01
7.764037957044414018e-01
7.047565770182417921e-01
8.839500744258073084e-01
7.926129008433654421e-01
8.570317604464320338e-01
7.535922207224614588e-01
3.451892651038636628e-01
7.689480875773333501e-01
4.505687998077086975e-01
5.934787019438864109e-01
7.926129008433654421e-01
8.552477032845050564e-01
6.695712469806499589e-01
4.914728082673295861e-01
7.045744361668816458e-01
8.046847714300275900e-01
5.740664466680672762e-01
5.984611572005293922e-01
5.472389221917116631e-01
3.992489626880258990e-01
5.213846347006794169e-01
4.627096939291836519e-01
6.593733662082599256e-01
6.916294726122139691e-01
6.470653635069667509e-01
5.699361771307791535e-01
7.092496992030049574e-01
5.366870925187382513e-01
7.362973808554242883e-01
5.411493826284223818e-01
7.163699819443889449e-01
7.062414281893467649e-01
5.357885696010493692e-01
6.703735876986472997e-01
6.464655779819563630e-01
4.185657778908405402e-01
3.990944225762690367e-01
7.648903782768363691e-01
7.578102648482966108e-01
5.478233830057070985e-01
5.975676888060573733e-01
6.160929231113836391e-01
7.613734925413876420e-01
6.054342061209184722e-01
7.423389547132195343e-01
7.848989118947041765e-01
3.064802476491045868e-01
5.924970152830839609e-01
6.873414133202857546e-01
2.906138756523140576e-01
5.897067994846958428e-01
7.944300595723624570e-01
6.479902727871255097e-01
6.699488911569385641e-01
6.446514836258174785e-01
4.899307277496209867e-01
6.952963306191481951e-01
6.472661042659132447e-01
6.466150698917847439e-01
6.450846792664948204e-01
6.469428578667684171e-01
7.052975208109472094e-01
6.927094589261899582e-01
6.588989827754135886e-01
7.325256988878371400e-01
6.579447384641896601e-01
6.567868579281969099e-01
6.999144850250091920e-01
7.259757354007735364e-01
6.874248062527383851e-01
6.605643863567608465e-01
6.240032392658683147e-01
6.984322636353116343e-01
7.177304194789840830e-01
6.703834353461718409e-01
5.548969734220652317e-01
6.881023100201816289e-01
7.016699562621724340e-01
4.384657542292106358e-01
6.551989384353100743e-01
6.682585498117019629e-01
7.126471968409401336e-01
6.569346998232944435e-01
6.856748165760138125e-01
7.053141021517044251e-01
7.183725536008346291e-01
5.851544862054489649e-01
5.540603513984883044e-01
6.144110309881511967e-01
6.653884194216557191e-01
6.642366776825207042e-01
6.670100382116256332e-01
6.172902036985054020e-01
6.383590034502238941e-01
6.641941497883675494e-01
6.259006653057747060e-01
6.615068236095466014e-01
6.640254044115212473e-01
6.277458393953101456e-01
6.493953463584460906e-01
6.697475970051091076e-01
6.727255783635396336e-01
6.453630905269733820e-01
6.494771289673793024e-01
6.070374250722250231e-01
6.690786950667846344e-01
5.875655347609229917e-01
6.319846556321280229e-01
7.597517933692660153e-01
4.554423703556247927e-01
4.941096832473018674e-01
6.618882667678558374e-01
5.070087636745395088e-01
7.849120116747406728e-01
6.797262070336173023e-01
6.819148517024946621e-01
3.305914627958355667e-01
7.783407773456798573e-01
6.859416511270828298e-01
7.446952163861357832e-01
5.969434020010404573e-01
7.781398742781736599e-01
7.288542649207344626e-01
4.516056764002122081e-01
