5.677965289970360319e-01
6.172302643747828998e-01
9.336567663091092095e-01
5.519446642064566033e-01
7.604025088236789909e-01
7.303359678341990735e-01
3.337436948905990741e-01
4.545211097741896911e-01
7.346841772476518928e-01
2.357494824524469512e-01
8.452977430050340191e-01
6.102244682296082967e-01
6.944682568525860633e-01
3.448446686888014812e-01
9.668256419778508137e-01
5.461344231442808450e-01
8.716376365061559994e-01
7.312670657122946061e-01
7.621220451939699769e-01
7.366527600067045434e-01
8.822072371740820040e-01
7.532491591482570747e-01
7.232597855968717626e-01
9.272197498923220316e-01
8.754903494130781283e-01
6.857952594546420366e-01
5.000000000000000000e-01
8.537575041318578029e-01
6.302287401865616090e-01
6.569744344334162989e-01
8.119767696639546006e-01
5.885729378004541656e-01
6.185539965971944554e-01
6.527903306581960274e-01
7.149409768241190566e-01
7.643247308302526521e-01
4.743185942669172483e-01
6.212716709272803062e-01
6.352420172471252569e-01
5.315856843796363806e-01
6.422678678785851414e-01
7.979543230413085331e-01
4.294830145411936417e-01
8.309763696820825496e-01
7.234403582921777875e-01
7.370443106986924731e-01
7.607913870009239687e-01
5.561179105766368425e-01
6.028752260483773995e-01
6.432907479498404246e-01
7.442981760801540281e-01
7.425978097264878119e-01
8.224539810213651325e-01
8.329373330273897036e-01
7.240551572608694419e-01
7.022713850739147334e-01
7.064692208201951429e-01
7.781350152179169477e-01
3.184328159349718579e-01
8.880068733241500700e-01
8.187579151712893744e-01
7.534655230622521183e-01
7.679953559743324387e-01
8.037227568095184349e-01
6.244068595468519334e-01
6.169758062177527203e-01
5.897205792914319566e-01
5.742301406394043628e-01
5.852715431713025884e-01
5.742176746541964860e-01
5.909024272101887076e-01
5.861476134997953835e-01
6.423690325142731306e-01
6.448339749327575143e-01
5.897934383635481392e-01
6.599248675161186739e-01
5.478801934804442553e-01
6.268118710473886690e-01
7.552152755437980813e-01
9.065649042675704150e-01
1.823399495479214871e-01
5.433641302005537410e-01
7.246247026828551707e-01
5.406843296214510763e-01
5.641124694599994882e-01
4.183173968005586274e-01
6.368462039642543981e-01
6.071914273155324393e-01
4.770572633066533785e-01
8.541292448203312571e-01
9.268908341007650042e-01
6.004580197176085932e-01
6.040251552275914815e-01
8.376168567725601477e-01
1.534296683074944379e-01
5.443977838135967140e-01
6.968872716957456026e-01
9.829652097743714068e-01
8.029355619105859043e-01
5.060793149066118435e-01
5.287974804759308922e-01
7.764357395679500895e-01
5.209621144241161073e-01
5.436022700427475263e-01
7.957915265266598537e-01
6.640714831102848548e-01
7.072461826629726778e-01
6.460576225779587345e-01
8.194110427458553003e-01
7.091609792052062655e-01
8.605816586040850868e-01
8.097708850028424443e-01
7.524710093455792004e-01
8.320466860153963307e-01
8.416411221919728458e-01
8.512856826043173619e-01
8.433403040166944642e-01
6.753565558410816738e-01
6.694709017271850415e-01
6.463305139056678694e-01
5.933650707515173428e-01
6.870742853904530101e-01
6.888078356545341840e-01
6.794765268189117968e-01
6.547862673041680015e-01
6.480312413140506544e-01
7.051564004072627956e-01
7.079073036167828903e-01
6.066942600221151283e-01
6.913528237210955218e-01
