6.215141939597302878e-01
6.840763413720706287e-01
8.819372555885189868e-01
5.251863028422952828e-01
7.909080214109810436e-01
7.582162766813438370e-01
5.000000000000000000e-01
6.062700686847762865e-01
7.665414429357555459e-01
4.253089767665583221e-01
7.859304127204728152e-01
7.365291812907035496e-01
9.074421274004484950e-01
4.919895053056645984e-01
5.811319277184151533e-01
5.480522566561220055e-01
8.430553324736862475e-01
6.519732561823456951e-01
7.904716763422502401e-01
6.604581336647084022e-01
7.700802974351846908e-01
7.322109450914439099e-01
7.030069915276125903e-01
8.272843243074752273e-01
6.961082280011490209e-01
6.059213636631082256e-01
6.688460076388467179e-01
7.586208154779463531e-01
7.166813928352226970e-01
7.156238825293925743e-01
7.364777962995422422e-01
5.873631579480620424e-01
6.142460856529227131e-01
4.295752015176085847e-01
6.792540293771364146e-01
6.551044555130732805e-01
7.617281335778522955e-01
5.913907688828856646e-01
5.140197790429189562e-01
6.731939703885738702e-01
5.434485868927544372e-01
7.664155765711399004e-01
3.537429064729051831e-01
8.120660551654050874e-01
7.392316994675631747e-01
6.809167009557136607e-01
7.592248396190169890e-01
6.942393633153620680e-01
5.181236947446578034e-01
5.000000000000000000e-01
6.106376640486946838e-01
7.650089695853691252e-01
6.858561090852502984e-01
7.146482330430463659e-01
6.849458115666390290e-01
6.581613002250416011e-01
7.844679009832744576e-01
6.901626067263757491e-01
4.913485069729235932e-01
8.193539580802281508e-01
7.831776090689409608e-01
7.694780220742142296e-01
7.114011740321974919e-01
8.194353202632461697e-01
5.796307113133480904e-01
7.249895226844931262e-01
7.384145406879174534e-01
7.552466350139002138e-01
7.058412336867078141e-01
8.545358807628374853e-01
6.258172176683267640e-01
6.571943845303213072e-01
5.239806279619995122e-01
5.766308618016570131e-01
5.705280102264898012e-01
3.391952404003807930e-01
7.673308053075477142e-01
5.918967382989749337e-01
5.063524588592426268e-01
8.944736183311532418e-01
4.232181164650701821e-01
8.139731565057160001e-01
6.614995613941977437e-01
7.346157804550745851e-01
7.710069156596112139e-01
5.427563028137701862e-01
7.927562947430609741e-01
5.474161910472747916e-01
5.303237596701717571e-01
9.331739544934473107e-01
8.853567659038011906e-01
7.001865773408377791e-01
6.220783536784967316e-01
7.994584482197054642e-01
1.509756068585508815e-01
6.701862957273823085e-01
5.774027293267880445e-01
9.425660669450827145e-01
8.005173334157421605e-01
5.663264590082880412e-01
6.349123979763797720e-01
6.718566369720814224e-01
6.430445473276689139e-01
5.486418917946279672e-01
6.477191245068733005e-01
7.317047008083492621e-01
4.621426307385503307e-01
7.145377716648624311e-01
6.049679122059865577e-01
4.204528364071954405e-01
9.255181197117351433e-01
5.213125644949717641e-01
5.262744251926907424e-01
6.887666392136599924e-01
7.314877052473652830e-01
6.460289679450837985e-01
6.930319364634955903e-01
5.234963588895901188e-01
5.870454655812832323e-01
5.515207351568476302e-01
2.396611113742355970e-01
6.671865358530888468e-01
6.772401882601504219e-01
5.919914523768270431e-01
5.569407638485893708e-01
5.642953803710148986e-01
7.494397839986650656e-01
6.837095768992932365e-01
5.695631704534824813e-01
6.821109922203477671e-01
