5.764161658332780380e-01
7.395797547864477739e-01
9.872202249170481947e-01
5.599489897883204170e-01
7.517612031688175600e-01
7.530178333891144327e-01
2.277874080930790968e-01
4.602569302920363481e-01
3.278120882526479041e-01
5.623421306108874335e-02
8.529320159150554082e-01
6.376857203224745030e-01
5.000000000000000000e-01
3.815686356856821115e-01
5.306115584776267546e-01
5.347878043495329914e-01
9.136678724366807947e-01
6.879095589299956126e-01
8.714709299847807067e-01
6.505707748167501858e-01
8.874925572970157051e-01
8.068792788550956940e-01
7.586734959024323821e-01
9.878846516033837899e-01
5.857523500874497469e-01
6.913222162196669407e-01
6.177128190543647035e-01
5.779320543613770678e-01
5.530993229645455589e-01
4.176139467431566610e-01
7.448268825102751789e-01
6.617411607420012887e-01
9.257812892512297109e-01
5.343462779438472587e-01
6.703135064029658308e-01
5.085186412765090314e-01
1.800133743049714963e-01
4.593156518965821888e-01
3.029258151064660454e-01
6.574591193482054452e-01
5.761975624519816153e-01
9.222745190072572097e-01
1.766392592609337120e-01
9.380456121577832596e-01
7.458170625279485488e-01
7.178870211230471421e-01
7.970245031144268522e-01
5.806722858285465749e-01
7.032982918549711693e-01
5.911666696399033860e-01
6.895135250053094911e-01
7.672778026510401750e-01
5.987735439640166080e-01
9.178960691099918856e-01
8.401873886017329207e-01
3.645075965769468684e-01
5.966822894271609501e-01
8.368449145022583968e-01
5.898520323752890482e-01
9.561399363214900804e-01
8.329939125863218274e-01
6.189337855502993202e-01
6.515198506860724326e-01
8.523527312228944552e-01
7.574525276323894607e-01
7.395660532105998719e-01
6.698252732596997605e-01
8.921185956313122389e-01
7.897455444062310148e-01
8.833800631240001922e-01
7.123926625464630513e-01
5.839069348567873519e-01
5.000000000000000000e-01
6.817523091562368576e-01
3.523208046515904357e-01
3.143205391121818848e-01
7.763333835770191982e-01
6.854662634619745898e-01
9.174865383031121091e-01
8.618094622196894594e-01
5.546332936443596484e-01
6.567148329412221264e-01
7.756646813375012162e-01
6.955748280729791011e-01
4.416296162874476794e-01
4.931220982093917349e-01
5.497326166031992756e-01
7.601529663009262139e-01
5.850085341405401040e-01
7.854912097519336500e-01
9.635397757601976698e-01
5.553959166467258290e-01
5.202017240972485190e-01
9.355842464825887550e-01
1.645067291089586659e-01
7.382969816529939555e-01
8.591228289957174580e-01
9.359211570167619287e-01
8.583828417180715542e-01
6.316625726377362859e-01
4.168783691002323488e-01
9.258413742341438102e-01
6.480522155252678163e-01
6.671651906880760041e-01
5.373291693039626837e-01
5.524026847070828694e-01
4.924897736494075473e-01
5.000000000000000000e-01
7.348791493241577655e-01
3.058785024896621407e-01
8.797578247292072717e-01
6.404059394047725284e-01
6.402100291488548311e-01
6.453840908584070890e-01
6.347169781086272611e-01
7.147494918317384149e-01
6.867380831094490601e-01
5.581281733519096733e-01
6.128124048856106176e-01
7.575968257982093057e-01
4.181294117057517412e-01
6.904259458554540263e-01
7.069285512772940372e-01
6.536494008732735006e-01
5.956954629794689593e-01
4.533699977758441357e-01
7.794037555229064163e-01
8.731397755812706496e-01
5.535582625391127776e-01
7.558565469301498085e-01
