6.950673979694516058e-01
6.819025798354456658e-01
8.918392512048151088e-01
6.135435066949297411e-01
7.953639074694623945e-01
7.784586996157422112e-01
5.339667341447952298e-01
6.446122060472253557e-01
6.448510460877693307e-01
2.809698373232700219e-01
7.417413019510531447e-01
7.522000554428571739e-01
9.091229061887398100e-01
5.983467730203260171e-01
8.064512405522924476e-01
5.451135747678466092e-01
8.737190282119076112e-01
6.177606992289158550e-01
6.658707095157374578e-01
6.891658576450858664e-01
7.746736063361013835e-01
6.690252068972674104e-01
7.278347955443836836e-01
8.160520947848015627e-01
9.040484759172344731e-01
6.958501957667146964e-01
6.563146316778111222e-01
7.045478381728502715e-01
6.859364091968436217e-01
6.668801210304911020e-01
6.953698882224517153e-01
6.122750590843631935e-01
6.535818888517933578e-01
6.891567887133309700e-01
6.452911744888352175e-01
6.574183920421559080e-01
6.901227416396307213e-01
6.392620277417326857e-01
5.594229625608536649e-01
4.650672463922231881e-01
6.290866645480779340e-01
5.946070790611104329e-01
4.948812387522142364e-01
8.642412462363174841e-01
7.244758083971069018e-01
6.672159195974033397e-01
7.809246387442065895e-01
6.492602236615833133e-01
6.098148241269735204e-01
6.116841106375524584e-01
7.774337434856504192e-01
6.629640258076174852e-01
8.189397307652397373e-01
8.442502398835863842e-01
5.349244960438822583e-01
8.339662834009541337e-01
8.015885127127305720e-01
7.885855978412740219e-01
2.051275285862810827e-01
8.932408762792793944e-01
8.786501603642722369e-01
7.529009002637285786e-01
6.791859436178605547e-01
8.514260891297321665e-01
5.195445731999409622e-01
6.347902696147889046e-01
7.264994952832947162e-01
6.511491845174555149e-01
6.994966646305399438e-01
7.670761813350843727e-01
5.602033609092832434e-01
5.362454342677901442e-01
5.874386391339451174e-01
5.829577517915075502e-01
5.714473883320839720e-01
4.533296389663156734e-01
7.099286947056261399e-01
4.898206911852103218e-01
7.415604701193608816e-01
8.300690060680101512e-01
3.868429357201466079e-01
4.875507114589098245e-01
7.760061493639301977e-01
5.265997458852622604e-01
6.331709263177728308e-01
6.716605541950649849e-01
6.533034729883636649e-01
3.314489408749037302e-01
4.524264974544344176e-01
8.235009690321780651e-01
8.023114128082228236e-01
7.811513434305307202e-01
6.753187095738564238e-01
9.386123907532754052e-01
3.577900898591501178e-01
7.632251378515778617e-01
8.518171566861604260e-01
9.773662109197389647e-01
7.546785290831807824e-01
6.275358136870922143e-01
4.180151473355968594e-01
8.254280513582805678e-01
6.746397304397345751e-01
6.579179661163894188e-01
7.350236615781057248e-01
6.634629054880116783e-01
6.608665610658051026e-01
6.634629056254914836e-01
7.375850127747366480e-01
6.634852061697443792e-01
6.732829105933705316e-01
2.922440575356240466e-01
6.635008498608537808e-01
5.496341335196515132e-01
6.310051004025465371e-01
6.932701473700061401e-01
6.298374614906592228e-01
6.298758191127133976e-01
6.479646955584895673e-01
6.213959888613156402e-01
5.916630070889096205e-01
6.793908083347098836e-01
6.636143833670397063e-01
6.570940565769185504e-01
6.219278611062434292e-01
6.432603814500592598e-01
6.590578051132022219e-01
6.620146063364272804e-01
5.962336252275631798e-01
6.619078876570072545e-01
