6.557233018638127797e-01
6.130663846378470172e-01
5.990390265155119964e-01
6.584512719959991767e-01
6.286331215538535355e-01
6.937657381099704423e-01
7.041410709169707571e-01
5.616873241114177517e-01
6.707006951540698259e-01
6.524738157519515136e-01
7.480695620506846444e-01
6.462983391128951371e-01
6.492803337249193341e-01
6.520277041984856581e-01
6.689767946274668420e-01
6.891578175679823337e-01
6.762236018840922513e-01
6.786269498132383449e-01
7.601218116384514945e-01
6.226550178523996282e-01
7.189662984617857244e-01
7.331307330457793592e-01
7.240382692934107522e-01
7.185397708015056617e-01
6.266452832144941976e-01
6.653030111511909483e-01
7.547463281768695964e-01
7.582342640850239235e-01
7.033917276509560335e-01
6.759126256340622918e-01
7.138811627881700428e-01
6.293939666214878326e-01
6.075678746957242637e-01
4.312711822240578030e-01
6.802225198722607891e-01
6.982656751166919085e-01
6.911357994705383812e-01
6.144703208305378750e-01
5.142679208454642437e-01
4.148769162260704246e-01
7.583997512479759839e-01
5.736210287104587247e-01
6.417600470432914816e-01
7.653690364242866639e-01
6.887610232381670139e-01
5.795238885368302340e-01
7.168525469155831997e-01
6.445670017083703351e-01
5.101454066579874658e-01
6.488911869256454024e-01
6.798533907399864074e-01
5.661859204334672713e-01
6.847284114670970645e-01
6.062986574412663199e-01
6.676421554120043345e-01
6.892670226003393408e-01
7.853894226160282876e-01
6.446841855443995462e-01
5.587966480099824107e-01
6.683459006741794273e-01
6.454224146845830568e-01
7.272957137753879309e-01
6.832571795309057006e-01
7.435844189093027135e-01
6.455622631332933459e-01
6.517475592337853563e-01
6.523273555198617624e-01
6.580290488998788989e-01
6.570353005432815197e-01
6.750889497523751004e-01
6.585856724177777677e-01
6.458189261730958863e-01
6.463634689745013651e-01
6.474437962377942446e-01
6.543099445386524327e-01
6.508850054010137942e-01
6.614910223705554593e-01
6.467670989238880619e-01
7.013986225490396187e-01
7.124467019602042095e-01
5.835401674305829012e-01
6.446051299450992200e-01
6.717570765424835111e-01
6.876794501349603461e-01
6.621595876488445276e-01
6.888491430383141267e-01
7.362884904221673743e-01
7.187319356738308684e-01
6.508941331801276764e-01
7.736779752257084697e-01
7.261400243179151337e-01
6.192751973812568034e-01
6.293668577632016703e-01
6.488571894173983390e-01
6.018351919766091740e-01
6.845389219290255456e-01
6.405940165338608328e-01
6.208996900753187553e-01
6.123276782551609898e-01
6.213978256398609012e-01
6.378037650964696326e-01
6.229410639798355076e-01
6.247593251670764403e-01
6.377501846390259965e-01
5.998160702096774211e-01
6.398204330023928854e-01
7.139040266061413842e-01
7.063586456308217354e-01
6.280297447847449366e-01
3.958003087977027268e-01
7.591238366100081514e-01
5.451879634524051665e-01
6.658262566138292149e-01
6.959858844381248133e-01
6.888318377858555497e-01
7.398958582855504895e-01
7.477208125681782391e-01
6.095060201439262970e-01
6.305724914664491143e-01
6.728698644852620925e-01
4.036654550076965164e-01
7.118131637055851169e-01
7.112093854032498497e-01
6.764163862295398122e-01
5.622745643366802160e-01
6.776289415202854105e-01
6.368411757116865246e-01
6.747924293566288645e-01
6.087297107921855188e-01
7.053165690199616478e-01
