6.655979897203434525e-01
6.111900276591459846e-01
5.654515023140910257e-01
6.788483758079066899e-01
6.304733702106981585e-01
6.855364212734126328e-01
6.732477241109660060e-01
5.511500995464974073e-01
6.730028214166690059e-01
6.585117572450391865e-01
7.085747973417251266e-01
6.521398037108468992e-01
5.243137072704259216e-01
6.861947372242453991e-01
6.002825970460698990e-01
7.382969342320632178e-01
7.322581062106268135e-01
6.904318819378204575e-01
6.989083121100048146e-01
6.941096135005867529e-01
6.865021658238168456e-01
7.051179973788793687e-01
6.775519150277776737e-01
7.193174866431990555e-01
5.576868080559024277e-01
6.544690177273789766e-01
6.544273435847950404e-01
6.751239609412593712e-01
6.649632463054336862e-01
6.500394468828055716e-01
6.632830405582805788e-01
6.554276389374130707e-01
6.528118475266186937e-01
6.460995157234016295e-01
6.587293569851880859e-01
6.683212770100555034e-01
6.630595552234683776e-01
6.459206177889137424e-01
6.331685694964924727e-01
6.712609674995700937e-01
6.492146523647820411e-01
6.480698438948172546e-01
6.502841319838371659e-01
6.493580443438231597e-01
6.491786291590366798e-01
6.495444178509934829e-01
6.498298864043475787e-01
6.528258508110489355e-01
6.669502512851530618e-01
6.558001277224265735e-01
6.502789483434556761e-01
6.525681046508793326e-01
7.473902702686634481e-01
6.896121276523395904e-01
7.444216799995585498e-01
7.717343541093580894e-01
7.651050012084265051e-01
7.552957930524261121e-01
6.465963436813564336e-01
7.233511983214274688e-01
7.593257463209974745e-01
7.515795605201014418e-01
7.630467557984988991e-01
7.316435787873388774e-01
7.045836854615334932e-01
6.519461397932652114e-01
7.029805294125446302e-01
7.034738531336762746e-01
6.571454298872351218e-01
6.226807511184259125e-01
7.697074364094758092e-01
6.166426234924414773e-01
3.860047933329855963e-01
6.992722492690204295e-01
6.786715834086192167e-01
7.198917588884019558e-01
6.815141697280134858e-01
5.952033592875896062e-01
6.255810730650506191e-01
6.460382468818849366e-01
6.524067264983776093e-01
6.354307011014885820e-01
6.214761099015048140e-01
6.183876311208087451e-01
6.261949680210160407e-01
6.127771529211630819e-01
6.278625418689913751e-01
6.467651803546508038e-01
6.241297000198666733e-01
6.241040388249298188e-01
6.170633630955587590e-01
7.142159435501828080e-01
7.159348122939059866e-01
6.488900226629198409e-01
6.589649277636260294e-01
6.956846581565341303e-01
7.445793180862745331e-01
5.705514721121008881e-01
6.494046968299425071e-01
6.503773581684255678e-01
6.778515928182087258e-01
6.630986147071519232e-01
6.252267921707840292e-01
7.010163814333467691e-01
6.297488126212542614e-01
6.482100742280065830e-01
8.927666286798369155e-01
6.774779035307618713e-01
6.336052505447226091e-01
6.673416754025883746e-01
6.476211114734899965e-01
6.457122538526253175e-01
5.664736455249608227e-01
7.384912274930131026e-01
6.157767405390187632e-01
6.681172305326386063e-01
6.315898495649050481e-01
6.575523015171107488e-01
6.519592267187980239e-01
6.782514182601402375e-01
6.496456641692403000e-01
6.534998303509674811e-01
6.532475927973642182e-01
6.638738339758132323e-01
6.588050007851334877e-01
6.556548806696668175e-01
6.578413963244288398e-01
6.657583418538360887e-01
6.516255438102653841e-01
