6.313256874566194332e-01
6.477224946045001541e-01
6.468184892661553720e-01
6.428254821345666947e-01
6.446759934151335969e-01
6.195260774844811857e-01
6.235068813125590470e-01
6.512335891466803917e-01
6.135178430537785443e-01
6.530555119751531024e-01
6.294782160104146485e-01
6.596599209855517065e-01
6.464702842508912584e-01
6.366760058855315263e-01
6.533357396121427518e-01
6.724684186573801625e-01
6.568251025400575482e-01
7.647262553707743216e-01
7.701491528967924216e-01
5.480664111843263075e-01
7.495610557688826558e-01
7.493076303655539228e-01
7.539737017324946722e-01
7.304776127785282958e-01
6.210933021133047127e-01
7.536207652681879976e-01
6.852325166554275038e-01
7.530340811352904673e-01
6.363602632868606834e-01
7.099189509088595917e-01
6.731849201414165096e-01
5.764102925058440796e-01
5.401538850356512045e-01
7.017054318572792937e-01
5.262591286365141396e-01
6.669723086341741158e-01
6.457270194097232130e-01
6.589228865063352369e-01
5.924923428933155378e-01
3.841932039818205524e-01
7.793693808140913504e-01
5.522423475099986767e-01
6.991506152265484220e-01
7.438015717159957019e-01
6.447787422350401698e-01
5.772296866812606231e-01
6.907737932226900579e-01
5.174101364356998856e-01
5.469630823149219667e-01
5.893835733918149078e-01
6.963771104449829608e-01
5.508842535279101504e-01
6.578870526823932252e-01
6.567737467053373912e-01
6.467129581325218313e-01
6.672007069193650608e-01
6.728531870389562464e-01
6.535680877497150876e-01
6.374908718786097550e-01
6.660110978888232891e-01
6.644060814363754730e-01
6.543881553053845224e-01
6.751516024989548947e-01
6.540146405913430661e-01
6.217987183372566395e-01
6.876438506486051150e-01
7.124277005007257912e-01
6.766021585321412291e-01
6.902121073927830475e-01
6.680934333061436803e-01
6.311130754267169074e-01
6.999535304319453033e-01
7.255893346551269829e-01
7.186698634564637755e-01
7.217816479598394563e-01
6.945805370981771310e-01
7.078178601967599626e-01
6.816160834040075889e-01
6.740228033953309383e-01
6.644641120694737557e-01
6.572787182110726434e-01
6.518756148565989506e-01
6.484656943003125340e-01
6.446782682180245416e-01
6.475880078104352400e-01
6.530923580509303550e-01
6.562493439727822286e-01
6.652651257869021117e-01
6.503137634113078658e-01
6.432584857934893208e-01
6.778840276812513332e-01
6.864875256928811842e-01
6.451838871374314666e-01
6.914504469146484089e-01
6.260838469396954320e-01
6.637026195593707101e-01
6.842584446399136988e-01
6.560522096140147807e-01
6.723674501215071153e-01
6.688616125301017901e-01
6.749480343696340201e-01
6.760659245857135735e-01
6.664046048637765063e-01
6.636040252478727641e-01
6.487118618918535917e-01
6.585731349529418965e-01
6.572412968442247205e-01
6.731538062116407817e-01
6.516938203327844459e-01
6.425529303288664007e-01
6.797223486187389252e-01
6.522884512185570527e-01
6.656580914548618777e-01
6.586627052485947154e-01
6.366362877042786028e-01
6.554834922553791632e-01
6.545562549086911819e-01
6.001221606445730217e-01
6.480758423135010160e-01
4.566631078093543739e-01
6.611296001287956248e-01
6.854618272922869959e-01
7.222804677481902136e-01
5.404284972010241495e-01
6.029720638207755057e-01
6.059394624054742495e-01
6.584781147308159666e-01
5.697067217899323133e-01
7.023636554340006999e-01
