5.361017033479658495e-02
8.086519872382558205e-02
5.172495845152855209e-02
3.018981433103863354e-01
1.282378480403260079e-01
7.377757226937850521e-02
7.932130493541451888e-02
1.894498460716565469e-01
1.259671513173191149e-01
6.772671817052794419e-02
1.361273404152097410e-01
3.989509062846087750e-01
3.901030153585056254e-02
5.793111751546968502e-02
1.306353393265958507e-01
7.529407018339626112e-02
6.014000817803981380e-02
7.565256948756111932e-02
1.188992481712427968e-01
5.172495845152855209e-02
9.698672440159422647e-02
7.050724653696914535e-02
8.951042762925451313e-02
2.152763208146359630e-01
8.494351572795813543e-02
1.003467706101260626e-01
1.374650417570049410e-01
7.780878946968153298e-02
5.403566065159004506e-02
3.400926989259357436e-01
9.453652784954374999e-02
1.512343403994577951e-01
6.574288900472993746e-02
9.230950626389515523e-02
1.184200660232473667e-01
6.516219262010387869e-02
1.778372017720936116e-01
1.090866179801148611e-01
3.348993707410609089e-01
9.171654187809370751e-02
3.727845412213133258e-01
1.642576165589752224e-01
1.241759427053390624e-01
9.440723534628696345e-02
3.976012175570031726e-02
4.458821575464239073e-02
1.466469755208873842e-02
5.940452628480838437e-02
8.927414908387262815e-02
3.211678791173088604e-02
1.137541190610070752e-01
5.380774925776104362e-02
8.133837452488039410e-02
1.845061553039898106e-01
1.061093587883088218e-01
6.128834998709897786e-02
6.013393203710792889e-02
9.869576536246953136e-02
4.458821575464239073e-02
9.439908532640627070e-02
8.043378800868174194e-02
9.437367382638886526e-02
1.173461639814413759e-01
8.725285027608943589e-02
2.328822285056378338e-02
5.035424252027743963e-02
3.860906101604250074e-02
4.886136815371695807e-02
4.458821575464239073e-02
1.317351589896823549e-01
2.843476403208066161e-01
2.011272304528264332e-01
3.727845412213133258e-01
9.401771744687743848e-02
6.031639526331892265e-01
4.422293818216471162e-01
4.641019811714369725e-02
1.246472212691242948e-01
9.212953479644761523e-02
6.855329039923223344e-02
6.544767847310560549e-02
3.509881316721852884e-01
6.320032101663936031e-02
7.113683967314542167e-02
3.105980369943271424e-01
1.196616570860037504e-01
9.066693570030387450e-02
8.737507933214087863e-02
1.169589540341252204e-01
1.160904850711463460e-01
1.468859511308181209e-01
5.516278238700612208e-02
1.514749231828589338e-01
1.275153198679785382e-01
7.113683967314542167e-02
1.422510787418252709e-01
7.999898688693742044e-02
1.041882628360141227e-01
8.067690504989916134e-02
2.219961131160182177e-01
1.223533871373280180e-01
6.248804919206971814e-02
7.999898688693742044e-02
1.064138379035021592e-01
8.153174523919745620e-02
7.113683967314542167e-02
5.308524363246520245e-02
8.630940016493066080e-02
1.089001013263898865e-01
8.734474403460679159e-02
7.113683967314542167e-02
1.455113473609418173e-01
7.113683967314542167e-02
1.492779705760776954e-01
1.532894241715805628e-01
1.406149740273508753e-01
1.041895223477668081e-01
1.041882628360141227e-01
2.024930396825124213e-01
1.860169998016486248e-01
5.864224678524901369e-02
7.934222184151673574e-02
1.692230858977162300e-01
7.765378782949081127e-02
7.933325609289024194e-02
5.972372202285602949e-01
1.826348447283590026e-01
7.933520890043661844e-02
1.277639222181494172e-01
7.040933710398086798e-02
7.040933710398086798e-02
1.777638696570896237e-02
4.834530717678987566e-01
2.450982700128191694e-01
5.837109713124312427e-02
1.787257343371010665e-01
4.811902174553821937e-02
8.914135685049690005e-02
3.845534747563549710e-02
1.042518896094737219e-01
6.314537204809178572e-02
5.222063166085307850e-01
4.472448833757229625e-02
3.734349518783229849e-01
7.705196275977441167e-02
7.937697074771399297e-02
6.381954894114022503e-02
7.930234079189810159e-02
2.542793470317425975e-01
5.702031821298472053e-02
9.397653533326774666e-02
3.119059440117017967e-01
1.122017382059441737e-01
1.378404964196323634e-01
5.416209521439310087e-02
1.149060758825567741e-01
5.127643962533093985e-02
2.816995557286650631e-01
3.445199216542967069e-02
2.039288595730633924e-01
9.719317991245542132e-02
1.430200527333446159e-01
1.021881522289789235e-01
1.140388697304697135e-01
1.094167362601072141e-01
1.147292086103950254e-01
1.132406318455726896e-01
1.228998349409401447e-01
1.140388697304697135e-01
1.256449255031280854e-01
1.750774346121551084e-01
1.262983720228882112e-01
1.268872110486021776e-01
1.140741926489541314e-01
1.455006966002619362e-01
9.361104258932533007e-02
1.126985753962804204e-01
1.224287816134662504e-01
1.107134857178597165e-01
1.168770050153851714e-01
1.140388697304697135e-01
1.031920921754252013e-01
1.479004994443752496e-01
1.088568010075736670e-01
1.004054984767786818e-01
1.069198966644400312e-01
1.570150185256853348e-01
1.126814281564525733e-01
1.156884277275846140e-01
1.003327511959799245e-01
1.351224545948268851e-01
1.179914730952301288e-01
1.241174133149972741e-01
1.179914730952301288e-01
1.185390994170613804e-01
1.317018620627558034e-01
1.373644654567613144e-01
1.438957564458645255e-01
1.137312131077395233e-01
1.177189339586824646e-01
1.167221210953561378e-01
7.135134899445183532e-02
1.062964306812709536e-01
3.526871511062710240e-01
1.216472136666058856e-01
1.829004125595639629e-01
6.703551275651611907e-02
8.447587969733325042e-02
1.040865213616384566e-01
4.428695264331568987e-02
1.579393617017179619e-01
7.702367849316918424e-02
4.573166625176737499e-02
1.263104245857894214e-01
4.110878111937454199e-02
1.601710838269353177e-01
8.915985774366989858e-02
1.353453844727788569e-01
3.491714824671898060e-02
9.192979463515016381e-02
9.098458553363471257e-02
9.098458553363471257e-02
1.230605264780371688e-01
9.100032687892248284e-02
2.825138173505960526e-01
1.051608402953529836e-01
9.428425860174198536e-02
6.461640148668255923e-02
9.802236884790316296e-02
1.352011896530903312e-01
4.006861555469313357e-02
5.332989741850611976e-02
5.283814638444427753e-02
1.030267282585300564e-01
5.683727083082789483e-02
1.468388467806450992e-01
3.935510798914231001e-02
3.909325971585537740e-01
4.615492280600302227e-02
9.480104262301282392e-02
1.366902929731388938e-01
3.562108687069161228e-02
4.146404439371965261e-02
2.354683111646864446e-01
1.030469463088943133e-01
1.401820434058652642e-01
2.048641395686611466e-01
5.715931557151955611e-02
5.546833681383860765e-02
1.309373627757753622e-01
7.048331772229206316e-02
4.139375966568500931e-02
7.471085151014822401e-02
8.528203596621355964e-02
1.029940902907238061e-02
7.303689803126055258e-02
1.759103316087329838e-01
3.024125297205105256e-01
2.687571086961391131e-01
3.123380108282299283e-01
1.343135272969409044e-01
7.048331772229206316e-02
1.023605580160800305e-01
1.324780598813958266e-01
5.065474651718301913e-02
1.521092100926757784e-01
9.337559139807154185e-03
1.448558575353251290e-02
2.068995196124310751e-02
1.681585628262131094e-01
1.686882035378219347e-01
1.342102040436386479e-01
1.368235381053166388e-01
7.048331772229206316e-02
4.170147520889992410e-01
3.374624673057313728e-01
1.611653414100161774e-01
8.830158976113935965e-02
2.092995993463409032e-01
2.922686551797590987e-02
1.005628622450041032e-01
1.511199574560925796e-01
1.103960387209020066e-01
1.189561411161607352e-01
1.155390844748057089e-01
1.825421661353512359e-01
1.004443422703876071e-01
1.130952807758736495e-01
9.107703358618635114e-02
1.828462972842244127e-01
9.316066347566077932e-02
8.432719600586663367e-02
1.209615806495377421e-01
1.851251580249569373e-01
1.092449701802704065e-01
8.320212161139688145e-02
1.398473119353221272e-01
1.003091926728414546e-01
2.503338156552974980e-01
1.113363042136658182e-01
1.020921373122913589e-01
1.189986820452066940e-01
9.744579729123224732e-02
1.115290192608500430e-01
1.654118652393375688e-01
1.238336282714821157e-01
1.726304417146858616e-01
1.834210964076594674e-01
1.003091926728414546e-01
1.428438293628963018e-01
1.010952855520715482e-01
1.341952370534129635e-01
1.046548249301061800e-01
1.206642866570684369e-01
9.967681924674813565e-02
8.464152760386674246e-02
9.723653626588239784e-02
1.056299087042777973e-01
8.864964941321237801e-02
1.188460777405576652e-01
1.020310915639763977e-01
1.640694439653364034e-01
1.389542781680531414e-01
7.014663699950875186e-02
9.526034151796389238e-02
7.082155798788143664e-02
1.651251649369995800e-01
1.632837304693745828e-01
6.213414052481577854e-02
1.219879248570616137e-01
1.162895791768640275e-01
7.649582429052162458e-02
1.265448016670754072e-01
1.238999107861089993e-01
6.937803283137472521e-02
2.366206643998114145e-01
5.474433076257075037e-02
1.619631940783422264e-01
8.944158218963901841e-02
9.150379736845791478e-02
3.009216727888023440e-02
9.364308563839844612e-02
4.806769797860602905e-02
3.862907886199955509e-01
1.219811035330382182e-01
8.910137871858196668e-02
8.902586829320828510e-02
2.268844560221190965e-01
1.162895791768640275e-01
7.807101165692993672e-02
1.162895791768640275e-01
1.554222370763433114e-01
1.225476100235167315e-01
7.101938534048463092e-02
2.036522774943061997e-01
1.291748080973824653e-01
2.069618715247617535e-01
1.275030507989582118e-01
1.039202829757397140e-01
2.155073567256840517e-01
5.629199152337154705e-02
1.468496833165125748e-01
1.133495186473135324e-01
1.183180623899432737e-01
9.083702676743357629e-02
3.378714657512515984e-01
5.964459882173797634e-02
3.674393789137893329e-02
1.762048057816579041e-02
4.900386670435598335e-02
1.040496398200551065e-01
9.579050585359717707e-02
3.714414469878161151e-01
6.444914657455710905e-02
8.346549680109906222e-02
1.302611462277110110e-01
5.333045589844373491e-02
4.840830933272732145e-02
2.053452061657097885e-02
1.669921716549287449e-01
2.039618559451138180e-01
8.001224971799508756e-02
5.539048974043717100e-02
6.576337212888390404e-02
2.520347980593609649e-01
2.681661165437675409e-01
1.452710013477381823e-01
1.859868443320324416e-01
2.860381002595505789e-02
1.171825254368140251e-01
5.255117099508027634e-02
1.809712840678393830e-01
8.959024860707434645e-02
1.468701224239602754e-01
6.409586264984316883e-02
1.780161316203379696e-01
1.302611462277110110e-01
3.453834324027697106e-02
