6.766867939242471319e-02
1.097830805274687682e-01
5.068998107321417979e-02
1.676259270075524388e-01
9.989522885167134714e-02
1.206786238999232735e-01
2.268872501821837251e-01
3.306014453462738367e-01
9.629659559123876500e-02
4.081380660679177069e-02
7.647176976716044128e-02
3.840048330956676303e-01
7.533129712218523955e-02
8.228221241792819940e-02
5.891843434171142868e-02
1.180127713739159423e-01
7.627249353115143904e-02
6.899395007733970242e-02
1.531132685646745262e-01
5.612182024736039887e-02
5.961836227804367949e-02
8.519764644532085152e-02
6.805686447476426426e-02
1.820986807683931397e-01
5.788689627751707201e-02
1.039583494531561292e-01
9.968220510577391336e-02
4.759900848608850793e-02
4.804472900278616149e-02
2.078376118013515184e-01
7.590303396092649979e-02
2.088513484631194517e-01
3.680127741575622141e-02
1.026936419175514259e-01
1.693440461012513942e-01
9.237402799794652841e-02
4.577140412798251790e-01
9.884830986371805073e-02
3.146537321089554196e-01
2.465801880885019615e-01
1.374047840785007357e-01
9.849613456474079487e-02
1.003139145000629950e-01
9.483430910363029043e-02
9.848253437282215861e-02
5.354896945678745690e-02
8.736061578278683792e-02
9.676256086394462164e-02
9.850205990406363243e-02
9.578313530957607846e-02
7.745424984377075051e-02
9.836232905230446466e-02
9.615307073504211766e-02
9.779711286151916705e-02
9.849697954962478852e-02
7.516062721833965954e-02
5.948490662981113092e-02
8.422654443717093875e-02
5.354896945678745690e-02
5.063590435141408080e-02
8.685513211497379593e-02
9.848342760446036903e-02
9.848528440599477185e-02
8.602707293971645353e-02
9.837643293242281928e-02
7.862570837162308202e-02
6.849993398240206144e-02
9.124100814752837685e-02
6.285961817530566487e-02
9.719366395168886619e-02
1.122832160807256674e-01
1.116867166744799217e-01
1.498602682344594150e-01
8.850015584195349005e-02
2.640994690452568849e-01
1.163924704959050094e-01
8.812494520238794982e-02
9.740876157962280457e-02
9.852202931785568329e-02
8.419145037654120201e-02
1.081231932145583635e-01
1.302343653074047036e-01
1.296201496265384223e-01
9.185521555567878471e-02
1.419312287252274818e-01
1.283961918576126404e-01
9.667674132620267258e-02
1.300197007218691914e-01
1.301388790542414853e-01
1.100874267254472183e-01
1.300722757191382084e-01
1.209253246882759647e-01
1.273771050242783198e-01
1.300755330391304143e-01
9.185521555567878471e-02
1.244829750382256961e-01
6.456907205586974452e-02
1.247727145694734613e-01
1.313081424630789806e-01
1.300811867633724084e-01
1.300610013512574492e-01
1.300169426090198588e-01
6.456907205586974452e-02
1.279901673581872457e-01
1.286771652942857724e-01
9.185521555567878471e-02
1.300569479681094043e-01
1.300291894455690711e-01
1.299451601428703862e-01
1.147967077710478762e-01
9.409042173959453192e-02
1.307226270988622874e-01
1.097077994646528248e-01
1.300722655413005802e-01
1.256346605546322936e-01
1.300722624823099083e-01
1.299543879603602958e-01
1.272343876734024215e-01
1.302757492996201860e-01
1.295716793941082134e-01
7.389510721941805471e-02
1.228788498152513370e-01
1.446519944226519749e-01
1.180659220006584492e-01
1.151340174018890550e-01
1.240005778731925468e-01
1.044005281499324617e-01
1.101379200609856196e-01
7.975983432122485395e-02
1.049826829310097631e-01
1.272953665992675454e-01
1.138789226477039673e-01
1.413809465165950241e-01
1.397423308343476722e-01
1.133344869104062763e-01
1.543273179864536049e-01
8.320984645011163250e-02
9.023448314477074128e-02
9.498777016425033470e-02
1.451937430896305670e-01
1.097753532608844035e-01
1.121529779797951626e-01
1.079531277699318920e-01
1.317045044587734359e-01
9.036343629061793781e-02
1.212203941109820660e-01
1.004397197084239968e-01
1.251150758008738317e-01
9.135434271403623796e-02
8.861706027400978458e-02
1.004399207240977143e-01
1.295915694958326148e-01
1.092579047171321205e-01
1.148558793250226279e-01
1.132577728221180885e-01
1.643301035049554715e-01
8.512720358854286573e-02
1.279267948709913449e-01
7.672861116166952711e-02
1.505297812121298429e-01
9.623335415711591068e-02
1.789049135259244694e-01
5.341494212290844035e-02
2.946631262735847218e-02
1.938025919174041767e-01
1.098043646742113133e-01
5.963250078894589273e-02
7.368438781910445490e-02
2.946631262735847218e-02
2.048571337640709700e-01
2.177089502493634310e-01
1.501276736844386339e-01
1.029494260177541837e-01
1.835844172949937236e-01
8.318726869620578224e-02
8.858892833555855051e-02
5.461034237528743923e-02
1.548604151540915463e-01
1.166099911050649252e-01
7.436117970372345398e-02
2.946631262735847218e-02
9.547097733417704568e-02
2.604960053677405907e-01
4.763536220922427039e-02
9.633811553833225572e-02
6.498182249969966517e-02
2.015615239884144538e-01
2.093014874371847134e-01
1.224004320178719019e-01
6.646460837228156115e-02
1.017353059499068874e-01
5.207426452451959648e-02
3.032469318569078753e-01
5.207426452451959648e-02
6.585645419597674355e-02
2.736053974626437291e-01
1.433465886236337528e-01
1.614949621222074583e-01
6.692004273583536389e-02
7.224717025972708651e-02
6.176813158455685820e-02
1.048906016743659936e-01
8.508677150760461660e-02
5.026548556951740410e-02
4.785983911754979059e-02
5.711778573228348116e-02
9.124797443044266321e-02
5.368022254319387843e-02
5.328972330993179268e-02
2.993920809956638826e-02
1.908559249239854261e-01
5.857186161024179050e-02
6.718391132185209946e-02
4.883315159521797733e-02
8.574444909383380220e-02
1.475085082246438695e-01
6.075369910161797227e-02
1.807369463642022611e-01
1.105252636678954598e-01
5.661014925092955341e-02
7.606547749832992533e-02
7.050852683577395197e-02
1.406532585260682200e-01
6.501295572904751408e-02
1.110728840138674456e-01
3.271369121475104641e-02
1.079601694850328558e-01
6.058287206488421200e-02
1.811810772217783139e-01
1.236837778400384502e-01
6.272529809367843878e-02
6.017986799448842017e-02
6.406537118627933514e-02
8.295429108457307021e-02
5.049848369952645438e-02
1.127827675898076809e-01
5.538159568723588499e-02
7.361609190561367588e-02
3.941429222919951014e-02
7.926616042208645130e-02
1.115638667687863655e-01
1.305720357764383055e-01
5.939146319156179965e-02
2.097733475985985863e-01
6.956359501477628327e-02
6.667442223945443946e-02
2.945645732501727676e-01
6.656363532289928664e-02
8.289256539835061777e-02
5.456430869758657071e-02
7.381304021946943905e-02
5.490758492457670226e-02
8.588442031759976891e-02
5.654845299099214850e-02
1.505125414051673438e-01
9.781156637930689401e-02
1.825070400992099551e-01
4.414059778598717343e-01
3.406370736285625478e-01
2.380614255279621116e-01
1.529638171139133529e-01
7.379481857382640120e-02
1.197157906598165789e-01
9.392199303500259333e-02
7.355491027398872173e-02
8.094844930590769372e-02
8.804393369445594197e-02
4.525937721789011908e-02
7.075220527691709893e-02
8.760765958882558990e-02
1.224573826389483838e-01
1.615896096186368591e-01
1.265705853643946943e-01
7.379481857382640120e-02
3.674272213833099099e-01
3.780962874072863467e-01
1.863634329820972324e-01
1.498703895740123582e-01
1.239488054201109135e-01
5.533774640024989588e-02
9.797980733692800148e-02
1.759314544093983357e-01
1.369375011773033279e-01
9.926685434373908046e-02
1.158986643885213247e-01
1.748852097639115311e-01
1.357357493364892698e-01
6.631218558500000249e-02
9.820290101689878315e-02
1.939953441241985821e-01
7.337424354558677586e-02
7.346234229980816433e-02
1.051756510535396816e-01
1.523177231014802846e-01
9.927868217139890206e-02
5.777245295592595142e-02
1.453259879155324730e-01
6.605518071963539795e-02
1.409603219869643986e-01
1.177189069300629554e-01
8.355340939506397668e-02
1.070816937856266943e-01
7.297985029609764529e-02
7.575299758588890930e-02
1.247864100291660727e-01
8.741128084462547465e-02
1.265996604089970612e-01
3.481127491879392744e-01
6.605518071963539795e-02
1.489613985704079102e-01
8.376797231236919605e-02
1.148229199252819577e-01
1.117076871346238814e-01
1.328957281103179677e-01
1.161818278473831789e-01
9.700693075984261060e-02
9.910582233802678331e-02
8.971841268942859493e-02
1.096213063772237539e-01
1.029022775708204746e-01
1.500301782528028482e-01
1.400520832454476006e-01
1.566683471414570816e-01
1.271874345048951693e-01
8.620016592568241487e-02
6.369249868925955238e-02
1.745700122549292133e-01
1.514593052249847971e-01
1.200924545988447667e-01
1.510408386052405905e-01
8.159006068896861030e-02
1.170040218358057021e-01
9.831626608601702622e-02
1.705453943193306621e-01
1.312136589634916306e-01
2.025392081235773412e-01
1.792191506244348587e-01
2.008631287755745787e-01
2.372963040210425423e-01
9.003233804187812939e-02
1.435415459960452389e-01
1.135257640075172797e-01
1.918342691429130997e-01
3.860242258929251769e-01
9.367877637034234539e-02
1.056400264755257001e-01
1.200969589329896198e-01
3.315862627843667587e-01
1.467447440764583222e-01
9.270415739411634604e-02
9.661009097531157719e-02
1.188984049548686278e-01
1.487634710047589515e-01
1.940679647472836056e-01
1.604464879299482005e-01
2.569526414864549135e-01
1.273876803856200390e-01
1.389873574644369669e-01
1.640238996544099992e-01
1.050891856750569148e-01
8.773139130148314979e-02
1.368095798384674489e-01
9.875638828806991565e-02
9.190042582128811477e-02
9.918853808406234707e-02
2.212014584118073557e-01
1.061341844204215235e-01
9.175659303999565697e-02
9.050728908768611303e-02
1.057460182043197944e-01
8.071892578089874537e-02
8.615341342074817055e-02
2.397108956759764764e-01
1.080537758864338338e-01
1.109297179358442603e-01
8.212842487543749181e-02
9.523157069100990357e-02
1.278740967801805239e-01
5.940514356256480777e-02
1.235299108698625636e-01
7.934181832725667460e-02
8.128228853262982334e-02
6.318837762003239045e-02
1.219404699145551635e-01
1.291622911801947049e-01
1.657808264150253119e-01
1.042975488840230114e-01
9.491245606212662944e-02
4.793820668728558665e-02
1.417626388594200870e-01
5.959706570475496734e-02
1.064329149515916700e-01
7.087046985080912298e-02
1.004417304384428999e-01
8.788376295942372518e-02
1.224558627086957396e-01
9.801937505978876308e-02
7.177849880541553595e-02
