6.325269443199176000e-02
1.293681146992699815e-01
1.192674546957848553e-01
1.113196670043964526e-01
1.273835478601892668e-01
1.293855816393799374e-01
1.293683480729099222e-01
1.293238260688396035e-01
1.243210859169085192e-01
4.562420605736782625e-02
9.644671509998804793e-02
1.425696552340106615e-01
1.334753693492207460e-01
1.415464667565417278e-01
1.173250797996847339e-01
1.164211175719560148e-01
1.133011800712064449e-01
1.218560453380416603e-01
1.293683367227114744e-01
1.029386236394192189e-01
6.072484366804357242e-02
1.285530340600581911e-01
3.723819124849608257e-03
1.293683385713186584e-01
6.662400693250987438e-02
1.287504208833357700e-01
1.275055551561146971e-01
1.227955183809856521e-01
2.225462061631784672e-02
1.180394760599988990e-01
4.152595324343470620e-04
1.433068725275704891e-01
1.257008546290979724e-02
1.284712801499618418e-01
9.944131163813318963e-02
6.152056286786108247e-02
1.436272041606826422e-01
8.389674864080091943e-02
1.296089240439835533e-01
1.304741137346063229e-01
6.777015965002591846e-01
1.543447971098897697e-01
5.420823648785516591e-02
2.060049488272054641e-02
1.310564397593452501e-01
6.787415278056673808e-03
2.357367218169107576e-02
1.037114910227452114e-01
1.535938384248575483e-01
1.176020017093136749e-01
5.925008455206971086e-02
1.506969668788128713e-01
1.293932654272264282e-01
1.535694858581964917e-01
1.547871491808719413e-01
1.434213965567552873e-01
1.150460503916660299e-01
1.014323369260711344e-01
5.213415472621411514e-03
2.848946349740682366e-02
1.297309361706205921e-01
6.022309702607946819e-02
1.548244757824382145e-01
1.219783875442441712e-01
1.489928084769716332e-01
1.043209567138580207e-01
3.202377364700589174e-02
1.294729006524796833e-01
8.950091335497525891e-03
1.720771603532668392e-01
5.860984307485086475e-01
2.884930080356784554e-01
7.549395679509003365e-01
1.249816314426222402e-01
2.052475307097688662e-01
2.135228300588961625e-01
1.546251832860556508e-01
1.475211239061483826e-01
7.061827996333791546e-02
9.751408614694946630e-02
5.244924415519207350e-02
1.210464873737606001e-01
1.026781720769946310e-01
3.219030806726412564e-02
6.531216440437697113e-01
1.075593160909795037e-01
2.400092148955265681e-02
1.417934889286731892e-01
1.739495203894179109e-01
8.058825274765690772e-02
1.465371826150965173e-01
6.570109717805056038e-02
8.689279852430531470e-02
1.542056849039291355e-01
3.336332738465160735e-02
1.234509903174439149e-01
5.796672473959470218e-02
1.055673500847983115e-01
1.930616390915541603e-01
1.658317757648346824e-01
1.265471043956750419e-01
4.938837734703615395e-02
5.796672473959470218e-02
2.794400943107394064e-01
1.619821456718562036e-01
3.336332738465160735e-02
7.402074082687035150e-02
1.148806174151641712e-01
9.196465123311345358e-02
8.513127652315856386e-02
3.368979107608841006e-02
1.908441966658176725e-01
4.047514978517649520e-02
1.501530734004004330e-01
1.224414946052921616e-01
1.539994032894625997e-01
1.242916423828786393e-01
6.018387243964847672e-02
4.038591632067084491e-01
2.033589795566426439e-01
3.767668900959114664e-02
7.221248595070318965e-02
2.003238366483029997e-01
2.114699237291993161e-01
7.330439500982105505e-02
6.387241289785722254e-02
1.491878972569027073e-01
3.500083920293466100e-02
1.473762780989726351e-01
3.394484481933176395e-02
9.222724496466998267e-02
5.666208656437074498e-02
1.844032717661964471e-01
1.989080773162417437e-01
7.538235847864478700e-02
1.592049898852746503e-01
2.122325916266094847e-02
1.244546445366300075e-01
1.217131740477207930e-01
1.379785796622866600e-01
1.453843486791217277e-01
8.462401985283116712e-01
1.016177104963500583e-01
2.756051219021328214e-01
8.179093024235065124e-02
9.633265150489693507e-02
5.996718938940604621e-02
8.760691715805881685e-01
1.572143769249567669e-01
1.308917097459434409e-01
1.828165096908423992e-01
1.896540734730880196e-01
3.784378024351869180e-02
3.950462692215354621e-01
3.095980260668771203e-02
2.091109178930204981e-01
3.415121335100441274e-02
1.839813454783942037e-01
3.209504741928580901e-02
1.720525864991328258e-01
1.026382939908762060e-01
3.320146976711551567e-01
3.628198316508132737e-02
2.473341835107422879e-02
1.683866965449563602e-01
1.539095062056741181e-01
5.876475854321507736e-02
8.007250129454479559e-02
2.473341835107422879e-02
1.574326853752683886e-01
1.731097266913035615e-01
1.527257892098910497e-01
1.668467710715542118e-01
1.619282192461872494e-01
1.289395462517249624e-01
7.570801088379193466e-02
1.117059383059507555e-01
8.333193057137283644e-02
1.228542457663660131e-01
9.988546441320605984e-02
2.333419794839476299e-02
8.358495634886886627e-02
4.778452117396403409e-01
3.274407426167489504e-02
5.998729948190308081e-02
5.749502405682552914e-02
1.674126283230276402e-01
1.643319919606567869e-01
1.171074766955473301e-01
6.835383510572565213e-02
1.186493487392916157e-01
3.404048256921465149e-02
7.787363884369289391e-01
3.404048256921465149e-02
1.224867447750448007e-01
5.588513609476356558e-01
8.325706813149759411e-02
1.063666694917466682e-01
2.008419293801578520e-01
4.241023207465190875e-02
1.187811860544206594e-01
5.633843708710430803e-02
1.122910506556642485e-01
1.255962100601034082e-01
2.805460335510427394e-01
1.328612433952425578e-02
3.777011802757321984e-02
1.164773681379857456e-01
7.403800974678338698e-02
1.138406841541538955e-01
1.264492895603754885e-01
1.149424181591137406e-01
1.241421737517188761e-01
3.942158407013752336e-02
1.182135987834053853e-01
1.264541115520878278e-01
3.068319828750067785e-02
1.264485546290748663e-01
1.264848331127198244e-01
1.263009610371114422e-01
5.693532388480130463e-02
4.540035307982070306e-02
1.264485160667777330e-01
4.205488490002887506e-03
1.409832108681016716e-01
1.188657764390244898e-01
9.101069339719826748e-03
1.157057508081644169e-02
1.037291647465806432e-01
1.145156250056023894e-01
1.270641760969843659e-01
1.268079853158951831e-01
7.536438376182787169e-02
1.217126085925583356e-01
1.264377051177312805e-01
5.498130797445961726e-02
2.452861147625494745e-02
1.961049604245755917e-01
1.139635137815951937e-01
8.469494221070421672e-03
1.292573119267101667e-01
1.311136106145676938e-01
1.056179956702660641e-02
1.027093823458420374e-01
8.605357448068511050e-02
5.898646450861549234e-02
1.313810084341073270e-01
1.297983742372550708e-01
7.315586099628645922e-02
1.230007248284901017e-01
1.235873050401786327e-01
1.034231721378205404e-01
1.267446265286336360e-01
9.933311684657918084e-02
1.313770515836595043e-01
9.034273457677126362e-02
1.243095592442840375e-01
1.313773581418418712e-01
1.355068280026809624e-01
1.338057607450325870e-01
1.313773545609016047e-01
1.137035531820408951e-01
1.275382768024327096e-01
1.257011272741150876e-01
1.083000778580276158e-01
1.147106493978504449e-01
1.290134609943559552e-01
1.291786958857925327e-01
1.153987942201006034e-01
1.446049731857922127e-01
2.620462369642403283e-02
1.313773545395209574e-01
1.313955931627543983e-01
1.137035531820408951e-01
1.313749182917574865e-01
1.340526308929829991e-01
1.313784039601961218e-01
1.312339080074113318e-01
6.940534874980036628e-02
1.162324909296031661e-01
8.439852768920606818e-02
1.663057844633870352e-01
9.061739606530362645e-02
8.492495801690348733e-02
9.801386860180150151e-02
1.704489556041683118e-01
1.556862837532967947e-01
5.469886380535217418e-02
9.637946097587170302e-02
1.866281139460543581e-01
6.863217730139464789e-02
6.845046148344201276e-02
1.039486587558770686e-01
1.974688249126165529e-01
7.359730451560536624e-02
6.572957721911656948e-02
8.179907596117265423e-02
4.670605400622734188e-02
1.854313291703944266e-01
8.399954296373640661e-02
6.625009251423499834e-02
7.007781256303433071e-02
7.361581374083191187e-02
4.608516809636917927e-02
6.163570552482023485e-02
6.906104827629201692e-02
1.747012026182113431e-01
3.300713169081205822e-01
3.895695618839954688e-02
1.593378035506335388e-01
6.200029586353374839e-02
1.699451045670534455e-01
9.412466993518762981e-02
1.369811965654316732e-01
1.310805980039361496e-01
8.435836990301850968e-02
6.324966517849076042e-02
9.749290873775157129e-02
5.735766145452988324e-02
5.342504960112394452e-02
6.339696054098011013e-02
1.603325599371741850e-01
8.623823262842784942e-02
5.356171679658861678e-02
2.614187619599554410e-02
6.150170002258532193e-02
1.941739155201122058e-01
8.154533217574085058e-02
2.954439126539420285e-02
6.055213507113566679e-02
8.094504752526751612e-02
5.740980114094348247e-02
1.676310338998343030e-01
4.979940010249266774e-02
7.449470774105390602e-02
9.221333037236632835e-02
8.840994451100443741e-02
1.737992592469147501e-01
1.458374131580049138e-01
1.389048621509765546e-01
5.992784848237338313e-02
1.277179789784428643e-01
1.461591831785953866e-01
4.238983409010831371e-01
6.565740595793430334e-02
7.377353391379731784e-02
7.367581776362201740e-02
1.451721395816344129e-01
1.137985062676791781e-01
5.824873629590614915e-02
2.646521706513766531e-02
1.297801487971403933e-01
9.357842190169411711e-02
6.033981860328201108e-02
1.353941985561633032e-01
2.665863813710449004e-01
1.450726598881875995e-01
3.280079894962791009e-02
1.140028044222367309e-01
2.026010798720336015e-01
1.083297808349008989e-01
8.535932543219589830e-01
1.354617801691963275e-01
3.818416697074899363e-02
1.202004115125080291e-01
2.588335127106092259e-01
1.414462326636561906e-01
5.979448966098847851e-02
1.580484414306319862e-01
1.368297690302242298e-01
3.047416878643967666e-02
5.534079140633637456e-02
1.651935870701381204e-01
5.943220035223226866e-02
1.503904614605049150e-01
2.034309377390656690e-02
1.415292689743385679e-01
1.585214017085123106e-01
5.925706551984856463e-02
2.232438956938524732e-01
6.922450308934280372e-02
5.899858730831528814e-02
2.819023258584084715e-02
1.073531194894361274e-01
1.237307776571912044e-01
2.005244293857694482e-01
4.686747805787477156e-02
1.389496066829234988e-01
6.980809387741433725e-02
1.420999867793634741e-01
4.472748307784334132e-02
5.073403945769190682e-02
3.199164611572808542e-02
7.015195513369046343e-02
1.115662914293655134e-01
1.295551658117133909e-01
2.920171846685120504e-02
1.044473374283008960e-01
