1.035888629678874268e-01
1.501879390011861271e-01
8.724651729298578406e-02
1.553839779852057013e-01
1.477771054157174246e-01
1.500413973808140955e-01
1.503784201521083108e-01
1.505400983251428404e-01
1.423367661188587596e-01
3.348365525463139342e-02
4.867412189759291741e-02
1.565842124749851905e-01
1.507773546930007702e-01
1.229591777089476812e-01
1.264619982920526242e-01
1.142930784938393507e-01
9.168457010806151108e-02
3.345839368085706811e-02
1.503750024283189712e-01
8.724651729298578406e-02
7.158421007241021206e-02
1.475369732072705220e-01
5.195668039083770756e-02
1.503784275350496802e-01
7.504418791908266939e-02
1.486616151869774027e-01
1.493385822467855339e-01
5.439176157890207586e-02
1.059708027099389022e-01
1.879388992610808995e-01
3.345370315487835450e-02
1.137976661427557712e-01
2.439206054955551234e-02
1.481895698958022589e-01
1.132388773923836828e-01
3.342185522423863492e-02
1.583336876347962163e-01
1.004390728447861619e-01
1.508354573804520371e-01
1.510421164759605528e-01
1.517126764052919019e-01
7.669435065809826479e-02
4.094762290689037826e-02
6.307119907213162846e-02
7.370970210752582352e-02
5.041511880824467440e-02
7.053122906412725990e-02
7.606107691315817931e-02
7.670695909851349414e-02
7.389825870217947568e-02
5.921303095175909498e-02
7.570032381166633129e-02
6.339698739263316396e-02
7.542564683256651470e-02
7.665381832595292988e-02
6.346607072578379360e-02
7.011454030746736010e-02
5.952257345998739069e-02
4.780480923750077271e-02
7.340228728620888654e-02
7.381204124041608472e-02
7.618146259890114236e-02
7.670759761933328147e-02
1.764318234470187499e-02
7.610433877837061156e-02
3.888740709877194779e-02
6.005633237674391084e-02
7.590009512791084934e-02
4.780480923750077271e-02
7.655424705738395064e-02
7.101542981145905764e-02
6.323072674109463109e-02
2.240874537391648047e-01
5.142787987345626144e-02
6.818900299871875903e-02
8.652026653120960253e-02
7.670130491238585924e-02
7.550540050084440791e-02
7.516642814667728878e-02
7.119623699753516166e-02
3.890043686687656016e-02
1.481100395715793938e-01
1.271514455299194990e-01
3.420055230668499202e-02
2.796370944608938536e-01
9.976523815331653222e-02
7.232247217213229329e-02
1.467127329926146417e-01
1.484423299594032353e-01
9.611182760870042030e-02
1.485145627878920460e-01
1.073007408945754887e-01
1.179550195895242293e-01
1.485723207251182509e-01
4.123292845405743257e-02
1.471380361508855816e-01
4.167898826420151498e-02
6.018821701543730640e-02
1.104943299766458081e-01
1.485724268753522426e-01
1.456937115414946859e-01
4.164710690795175169e-02
4.167898826420151498e-02
1.452426340389860737e-01
1.458106778212125698e-01
4.123292845405743257e-02
8.076230747624522921e-02
1.511568015446646540e-01
1.404733483572578046e-01
1.203709176251279989e-01
4.123292845405743257e-02
1.353067010147467331e-01
3.929569125197359541e-02
1.485723106877585575e-01
1.261935304128055102e-01
1.485715376397523657e-01
4.005474596387582908e-02
4.168060653537670329e-02
1.558886466098809709e-01
2.692149700798668888e-01
4.434026015919986102e-02
5.231924353357044616e-02
1.818702862408717036e-01
1.673957051583279121e-01
5.608752490854469752e-02
9.979315736848917706e-02
1.924023318579150821e-01
5.211162347753887231e-02
1.850680589650949559e-01
5.233458821350158580e-02
5.233458821350158580e-02
5.010108361427693252e-02
1.300482166579688126e-01
6.931219803480072328e-02
3.757135160151057335e-02
1.953912995448235657e-01
4.977270008488991759e-02
1.441028221347543936e-01
1.109411694793456249e-01
1.803082359741280949e-01
8.277507987737173223e-02
7.514737998361425975e-01
6.945358894797507010e-02
4.716693892258234100e-01
7.987283928192034921e-02
4.491615343099132629e-02
7.093741700836259101e-02
8.417543984549910041e-01
3.033469161889186805e-01
1.190309872477865738e-01
1.747954001171857785e-01
1.712931050164602786e-01
4.721998815063081778e-02
7.086438593809551989e-01
1.480194319125346589e-02
2.854462248199867713e-01
4.788620711593453289e-02
2.831049769901366475e-01
5.916214773994712961e-02
2.082446871209428785e-01
1.030945153207283305e-01
1.131129975857113334e-01
8.171924121378974781e-02
7.554605968467772992e-02
1.082722996346830446e-01
1.057567741626375124e-01
9.281094162483315146e-02
8.013186470977805287e-02
7.554605968467772992e-02
1.019794275464230293e-01
1.080044574878775421e-01
8.818606673718375200e-02
9.553301432130824333e-02
1.090588598039679280e-01
1.048941172390473464e-01
9.364212362600068951e-02
8.186904852825450940e-02
1.011744537683877121e-01
1.033117185694120838e-01
6.674429258816251542e-02
7.372545542493813553e-02
1.008837536815108821e-01
1.258742769321283539e-01
8.058145225877992590e-02
7.721819822398760802e-02
8.736193883606466204e-02
1.092547474752456477e-01
1.032658041129629750e-01
1.032850413328345734e-01
1.010874433616714974e-01
1.010562189295889507e-01
6.667372650819031188e-02
1.268854835464576503e-01
6.667372650819031188e-02
6.896254372977674019e-02
1.206692196808728246e-01
9.690331770965225633e-02
8.742081489398197125e-02
9.086255488148665960e-02
7.508679827695903530e-02
2.888004553389429407e-01
2.409867909561829238e-02
6.327448005485228344e-02
8.189015471945265690e-02
5.872422403385477718e-01
5.442408005860778497e-02
5.239123167978772949e-02
6.134182319505863262e-02
2.280821026481670566e-02
4.105792810981007124e-02
1.442840025142888838e-01
5.417430757108395584e-02
5.718270332499072323e-02
3.866344970571101297e-02
9.722284968446981424e-02
8.788937629479125213e-02
3.388983060181972873e-02
1.437873206404260140e-01
3.961927163353652637e-02
5.625120350549959319e-02
2.466924257181245944e-02
2.466924257181245944e-02
1.214363829291500024e-01
4.121026926849559457e-02
2.562445604268023258e-01
7.876223134214171973e-02
2.273789808657819544e-02
2.663589253699736800e-02
1.162989282813963188e-01
1.585331091352440991e-01
9.477474624165323214e-02
7.628797943461394782e-02
5.855429533202741871e-02
1.190414925047895423e-01
4.990287148684400403e-02
9.643477320303804612e-02
2.611585523103230819e-02
8.605063600045774752e-01
6.885846968667709567e-02
5.811355294734293214e-02
1.200309849100274079e-01
1.461900572253723163e-01
4.976712784506597681e-02
2.195225918000394960e-01
4.066547871146660581e-02
2.423518873370222870e-02
1.683762283666640491e-01
8.502753908696575325e-02
1.509845391974543316e-01
2.943237403603713997e-01
6.626156197402371939e-02
3.889874105676647403e-02
1.069389224508569131e-01
4.955462083285551433e-02
1.118980961609952196e-01
8.706248544950534463e-02
1.776566311420101907e-01
1.631954610574283815e-01
3.519289218176462897e-01
1.274640478704143765e-01
1.650662752463326610e-01
6.626156197402371939e-02
1.154271797316104714e-01
9.924260147053373671e-02
1.159066345093094780e-01
3.051059820938347156e-01
7.023015254862237378e-02
6.697709949529453977e-02
6.363871573253668257e-02
2.078222330989011324e-01
2.196196791891651817e-02
1.655155269401482054e-01
9.954805004877495533e-02
6.626156197402371939e-02
1.569122002927507975e-01
1.917495115078214352e-01
3.598621244869242286e-01
1.541434528284728600e-01
4.113081220203829158e-02
4.335891984331653737e-02
1.540433272177398893e-01
1.975965724719991878e-01
1.209304543047575314e-01
3.166571487549387776e-01
1.002804650534853681e-01
1.492767559783416409e-01
1.064043825793220405e-01
7.351635567775974267e-02
9.280962209449129807e-02
1.606142498018561238e-01
4.066442311044799612e-02
6.662528915958083886e-02
1.231433811124396788e-01
1.314987280176508899e-01
8.332605518024147062e-02
3.783652316601011922e-02
4.780985247530434301e-01
4.034048127257041511e-02
1.629773874678111523e-01
7.670425115129955729e-02
6.141993515055677033e-02
6.910072805441402899e-02
3.899797819343964189e-02
2.813929114729377470e-02
1.282118065202769996e-01
8.108510719007264167e-02
1.910810421659964731e-01
3.405384664502177916e-01
4.207374026495055985e-02
1.350562850673827642e-01
5.973154613608121916e-02
1.463148572906037836e-01
1.359782376404390369e-01
1.430694627379297812e-01
1.219211489179992114e-01
8.337640026189090114e-02
1.231292309907186938e-01
7.819722519355458423e-02
3.473984291026481486e-02
5.343321075656120439e-02
6.126900830186322866e-02
9.587570866359675092e-02
9.125148322983375748e-02
6.401682186791898821e-02
3.221748315337596286e-02
3.193097357552582283e-02
8.378395798547004503e-02
5.483810614330180550e-02
2.353468529926901198e-02
4.433768021374030061e-02
1.438661813854018312e-01
4.653248607346825022e-02
1.763394836517966913e-01
4.544762790076705555e-02
3.194440350589599492e-02
1.076227107886334605e-01
5.478609051277974484e-02
1.701375653410514555e-01
1.989737280528678376e-01
2.299880681617896550e-01
2.163829849741973413e-02
1.427073969700327905e-01
1.621919926071118123e-01
2.374105246224880172e-01
2.562108458368994035e-01
1.170279568656776847e-01
3.616504481678068511e-02
1.817710453529601533e-01
4.418365712116777838e-02
7.572860316100080147e-02
4.418365712116777838e-02
4.357632176062814500e-02
9.172423498891076055e-02
3.873443093525784364e-02
1.837494653904504782e-01
1.520452272000464844e-01
1.709646097769463025e-01
4.111951746338915470e-02
1.235378148338007187e-01
2.335900297393469216e-01
2.074057182121081047e-02
5.862127491195565643e-01
9.090218980784381397e-02
6.311673072362163073e-02
2.223832889977353511e-02
4.160693720658207861e-01
5.048328178193269011e-02
2.896970309909653249e-02
4.941480441668585216e-03
3.456064035352173630e-02
8.410547515259308993e-02
1.019525232392291120e-01
7.429150588650010878e-01
2.386835140679876080e-02
2.403370347121104866e-01
1.019132634899529849e-01
5.664292801198147348e-02
3.808912291036599396e-02
2.040591590566456087e-02
1.461076082760399408e-01
6.500125678079067548e-02
4.171196089742497393e-02
5.212299494712098642e-03
2.961172814915339485e-02
8.106686780069105591e-02
1.297623815661496371e-01
4.350409725799786465e-02
8.125054975059602114e-02
8.628790711018348436e-02
4.764413300478986257e-01
2.640725888239142411e-03
9.773305001457689711e-02
1.019390037200830074e-01
1.235419410904809445e-01
5.652528352236366876e-02
1.844940084335691677e-02
1.019132634899529849e-01
5.737501398427440752e-02
