1.402243572097872648e-01
1.244272023535613475e-01
1.167122163822504333e-01
1.302017730518382765e-01
1.391528081651163262e-01
1.302017730518382765e-01
1.343342973519927042e-01
9.705651953940552801e-02
1.291355493501185336e-01
1.125978573712668046e-01
9.003778913083337887e-02
1.190761052325864378e-01
1.402243572097872648e-01
1.316685551108263130e-01
1.291665455331056922e-01
1.343342973519927042e-01
1.363331471063266020e-01
1.302001886705415612e-01
1.320575861698180808e-01
1.125978573712668046e-01
1.302010671228427674e-01
1.302017730518382765e-01
1.258842026708390516e-01
1.210816821333687565e-01
1.271997951805439453e-01
1.223961905142774698e-01
1.389702099696371596e-01
1.166574030613534291e-01
1.292795348045679138e-01
1.302010671228427674e-01
1.302010671228427674e-01
1.273232377683604921e-01
1.168281982406828290e-01
1.231354993515894197e-01
1.284926489981889630e-01
1.226970581619462736e-01
1.349044915418669832e-01
1.319643484764880803e-01
1.212066676015855216e-01
1.302017730518382765e-01
1.305861858669576936e-01
1.283601559385099677e-01
1.352521641065471125e-01
1.350937356824440938e-01
7.432181351303691896e-02
1.215883792195117663e-01
1.348558548910955834e-01
1.349865599141026884e-01
1.352135060259281873e-01
1.199989671199388624e-01
1.349838829810639240e-01
1.353480539603530153e-01
1.351706180632882559e-01
7.982701325872067211e-02
1.172901114947567380e-01
1.665256652172896479e-01
1.349865599141026884e-01
1.349838829810639240e-01
1.215883792195117663e-01
1.182019182038950289e-01
1.350807216977590874e-01
1.495160428417090237e-01
1.410715909674423452e-01
1.293144664895904405e-01
7.976411313794821989e-02
1.351306643254812367e-01
1.148527208784789061e-01
1.350369336317597813e-01
1.217567288154129401e-01
1.350807216977590874e-01
1.495064584833522559e-01
1.351395128222767639e-01
1.156658056922723610e-01
1.325726924427454989e-01
1.351706180632882559e-01
1.493902807761567364e-01
1.351706180632882559e-01
1.807233540847858755e-01
1.307117522229519491e-01
1.265273635118316087e-01
1.256166445734751280e-01
1.275591790014721782e-01
1.210560353248880255e-01
1.256166445734751280e-01
1.212291448927305670e-01
1.211304985075699892e-01
1.212356918689400515e-01
1.403674436261288516e-01
1.210538305777092982e-01
1.255733681497724075e-01
1.406675081776141978e-01
1.195008677212282822e-01
1.244536295219165339e-01
1.218085507374909449e-01
1.256166445734751280e-01
1.217851290361226940e-01
1.233035844888985683e-01
1.178797332521387270e-01
1.208992395979621715e-01
1.177183599117158502e-01
1.210904891686575696e-01
1.240597376279167774e-01
1.233035844888985683e-01
1.212192000869672243e-01
1.209151174176619353e-01
1.256166445734751280e-01
1.463214744141553281e-01
1.338452603745582115e-01
1.226163961089301035e-01
1.212693199716645687e-01
1.250602616328414241e-01
1.215035547093848284e-01
1.220333323001988324e-01
1.222862078399154090e-01
1.215793960246302902e-01
1.256158332554768442e-01
1.477906139985181722e-01
1.191881161280937546e-01
1.146645662372938190e-01
1.216119583814986582e-01
1.226145172797899890e-01
1.259403907727175975e-01
1.272944961495116878e-01
1.353969396820247362e-01
1.295355764474944160e-01
1.341891224853306308e-01
1.323810822193565440e-01
1.215992277717216630e-01
1.333274090970305026e-01
1.270593957905098159e-01
1.289012535173872376e-01
1.214722605977665293e-01
1.212677383610056420e-01
1.483825388528812461e-01
1.231583940050746118e-01
1.281302948023408383e-01
1.226145172797899890e-01
1.100025160167449195e-01
1.183622970433928084e-01
1.244955273867778267e-01
1.273823951571665669e-01
1.231933367884857355e-01
1.259403907727175975e-01
1.273823951571665669e-01
1.330444008166394299e-01
1.236156842511311749e-01
1.220015006516802503e-01
1.273823951571665669e-01
1.168159779051369668e-01
9.854860467167679550e-02
1.162357624882489615e-01
1.392888459942608070e-01
1.274239877465440929e-01
1.261655203642295942e-01
1.273823951571665669e-01
1.262202814292177344e-01
1.248554142856020122e-01
1.242583306473156041e-01
1.226145172797899890e-01
1.232225027456147481e-01
1.087689739207080980e-01
1.189939665530060503e-01
8.209927339838893334e-02
8.209927339838893334e-02
1.247017896618431571e-01
1.272741731839177604e-01
8.209927339838893334e-02
1.320660548074761020e-01
8.209927339838893334e-02
1.790384275122483271e-01
2.705454270007616735e-01
1.628856351040965378e-01
1.110651685492847623e-01
1.756088019987573356e-01
9.177081485313755282e-02
1.113352246515942195e-01
1.320553753871473446e-01
9.543794689662121744e-02
9.962696421558879523e-02
1.373394672050692045e-01
8.209927339838893334e-02
1.318471259757628966e-01
1.289334138875297964e-01
8.209927339838893334e-02
1.920448557099704023e-01
8.209927339838893334e-02
8.525378083989292033e-02
7.217046676703221808e-02
1.528967191821488936e-01
7.871940464264733095e-02
9.804788598975172631e-02
1.320372034675060535e-01
1.758519015292708543e-01
1.320372034675060535e-01
1.535940918669151112e-01
2.254586774295098683e-01
1.817390190962435426e-01
1.360462927693281143e-01
1.233625338762960322e-01
1.197593836165906367e-01
1.007497392742144338e-01
9.573741519498711605e-02
9.631926672185542326e-02
1.786066993253257740e-01
1.301810107417946116e-01
1.301810107417946116e-01
8.957241031080646898e-02
1.157579803199388357e-01
2.032863754053220728e-01
1.183223613077303421e-01
1.359999089097962688e-01
1.327736757642554999e-01
8.957241031080646898e-02
1.157579803199388357e-01
8.957241031080646898e-02
1.303934360251644553e-01
1.009563879375485335e-01
1.328036724360260878e-01
1.245806200310684841e-01
1.744231162089188991e-01
1.183729616307985372e-01
1.464688799151475651e-01
1.759283981490839255e-01
9.978383196637323482e-02
9.047831764382011088e-02
1.224760200941688859e-01
7.645978929611049746e-02
7.645978929611049746e-02
8.957241031080646898e-02
1.066907453077484691e-01
8.756909423325344444e-02
9.673573210076792661e-02
7.162649475175567049e-02
1.796747408486723263e-01
1.110549155305522173e-01
1.311738995186803869e-01
1.079502642370698817e-01
1.100714629077170770e-01
1.324016350914369033e-01
8.957241031080646898e-02
8.995667737295716393e-02
1.618459889062264789e-01
1.465109399791125200e-01
1.442139014768619165e-01
1.280119310637330976e-01
1.442139014768619165e-01
1.509770822213819530e-01
1.447338432994411950e-01
1.443496624573065157e-01
1.404623487218062960e-01
1.270566804426155882e-01
1.133536929269801513e-01
1.436130187643878953e-01
1.163249166384975747e-01
5.734201706797247000e-02
1.417273607836911919e-01
1.446791318671970250e-01
9.575365938187026249e-02
1.346321645489955421e-01
1.301556396198839949e-01
1.414542168200871031e-01
1.282418581419620396e-01
1.402827421079689274e-01
6.478360931898895225e-02
1.407397209416902384e-01
1.407397209416902384e-01
1.220602626361509541e-01
9.468173668475030058e-02
1.443239948444219600e-01
1.258418286967627753e-01
1.456894225549790478e-01
5.110307878091224082e-02
6.486399831398365068e-02
1.282418581419620396e-01
1.436130187643878953e-01
1.384430911331534231e-01
1.994037558998900950e-01
1.404623487218062960e-01
1.440259216835239331e-01
1.150006567995530971e-01
1.354772961095357942e-01
1.489043395434676564e-01
1.354798390676060504e-01
1.354772961095357942e-01
1.355252383649891978e-01
1.354772961095357942e-01
1.354203510123127563e-01
1.354772961095357942e-01
1.355761336741545253e-01
5.494229568439891465e-02
1.125358153931720340e-01
1.126392955601945300e-01
1.390370101283824877e-01
1.235702386783654044e-01
1.173315380971782090e-01
1.053028365521398585e-01
1.356349348927780862e-01
1.125812277595029942e-01
6.051909826228785150e-02
1.353480019225505593e-01
1.125812277595029942e-01
1.356134463357919206e-01
1.321665712238034862e-01
1.377480515694489982e-01
1.354772961095357942e-01
1.267222525160162649e-01
2.865296856104338277e-02
1.355252383649891978e-01
1.125812277595029942e-01
1.358155753964061241e-01
1.149820427276998930e-01
1.354723864216517415e-01
1.390370101283824877e-01
1.279532609722414671e-01
1.354900462423660468e-01
1.354929099239929047e-01
1.354929099239929047e-01
1.356134463357919206e-01
1.391271301282375750e-01
1.198226073188805169e-01
1.321624909346789112e-01
1.288609964389180185e-01
1.278765287339556633e-01
1.276829461846593072e-01
1.287053854598489422e-01
1.212692081900342000e-01
1.283294399600166391e-01
1.246381223752488360e-01
1.279838809096476848e-01
1.282859269845102179e-01
1.224181114824126754e-01
1.272688217009656786e-01
1.292346102668114893e-01
1.240738308219785646e-01
1.238817620863671420e-01
1.244300077495719137e-01
1.246381223752488360e-01
1.276873146073603804e-01
1.254605699484772907e-01
1.294811493608647723e-01
1.260247544633733285e-01
1.237268569814518049e-01
1.241031353622842615e-01
1.251101179332611835e-01
1.268838990971096758e-01
1.258675880356676102e-01
1.219935409090464606e-01
1.177738013411041285e-01
1.290847797284378207e-01
1.281205308557360756e-01
1.300439903822202536e-01
1.241863924073872416e-01
1.246381223752488360e-01
1.283294399600166391e-01
1.233496797203006839e-01
1.226852762779360589e-01
1.239603597167348858e-01
1.260449189858509622e-01
1.283294399600166391e-01
1.377318251288967010e-01
8.912892688066889613e-02
1.377573607457095450e-01
1.164767986045111975e-01
1.377278801745682180e-01
4.745187847565317252e-02
2.885552574371420542e-01
6.504887747858577318e-02
1.377596388320257714e-01
7.924210813062278203e-02
1.377596388320257714e-01
1.142107782400301197e-01
3.179291053188534194e-02
1.780468649499170608e-01
1.377318251288967010e-01
5.998214944606618942e-02
8.057989218907163353e-02
1.473532146312309943e-01
5.873840283450455779e-02
5.643014757065864528e-02
1.839780845092957029e-01
4.868727456834862771e-02
1.164767986045111975e-01
1.893193900936481211e-01
1.377573607457095450e-01
4.051895359499362026e-02
1.003326972572017167e-01
1.377490899678347480e-01
2.110538619519802261e-01
6.418677503708226928e-02
1.007352009748180288e-01
1.451053020475310817e-01
1.377490899678347480e-01
5.098005836230568022e-02
2.090778101210064299e-01
1.479325751051271398e-01
1.221285942977755473e-01
1.547056007282393841e-01
1.126733140269453176e-01
