1.381697235702580850e-01
1.540603023443015696e-01
6.110563774575695356e-02
1.262623168314242483e-01
9.708426728133939809e-02
1.585747138854085858e-01
3.567895134996763584e-01
1.248892041088497246e-01
1.133701945166819131e-01
7.266809290976850022e-02
9.711490070803954766e-02
2.143173273147568891e-01
1.469028633762647362e-01
1.593625805712893806e-01
6.163969500160237924e-02
1.269535940148895092e-01
1.001533655177786336e-01
8.789576336812465751e-02
1.452145320192179401e-01
6.867441415851341380e-02
9.211235852754792730e-02
1.697471304382281165e-01
1.185453744604422627e-01
1.322890495621127926e-01
1.305153305806946162e-01
1.475690063505709082e-01
9.445892710444578344e-02
5.586006438750921316e-02
1.169047465624018650e-01
1.303262566108830678e-01
1.303262566108830678e-01
1.742285760953278806e-01
1.187338325949853224e-01
1.009998727318310863e-01
1.682899511334925435e-01
1.583365818823319060e-01
1.046483832459720320e-01
8.846335378745819045e-02
2.342480105934083012e-01
1.195967574454515903e-01
2.672013794764558914e-01
8.697857886458926213e-02
7.697594659266566997e-02
8.762685765771487112e-02
9.935206799029985825e-02
9.086425945279520688e-02
7.043767513763730947e-02
2.317770092423090400e-01
1.342919955359496431e-01
1.113743872830325748e-01
1.074716737128516564e-01
1.151574641401798133e-01
1.114678862330456821e-01
1.531640792535049200e-01
1.203524849534254731e-01
1.435390981907436747e-01
9.700432321715203587e-02
1.016210696804846908e-01
8.612141691765574925e-02
1.085999408107985037e-01
1.091285303630050441e-01
1.553686678675502975e-01
1.105246787397831804e-01
1.459196834165044365e-01
8.108928981802636382e-02
2.194202117005636110e-01
7.795878545054306386e-02
8.249154520536117197e-02
7.115169350884524568e-02
1.563357451021346878e-01
2.022564656827538498e-01
1.853444822711324269e-01
2.862983146539607726e-01
5.901737595099001282e-02
1.907526041564624741e-01
1.848128743939357332e-01
1.281747333372382780e-01
1.023331248830291890e-01
1.112533294876503209e-01
1.201685970052370767e-01
7.281555429815704528e-02
1.270037330792923025e-01
1.715699816131146249e-01
8.835520515249828399e-02
4.827586593652035685e-01
7.621761147273746484e-02
9.767508166185227825e-02
1.260958240302510192e-01
2.517425019856154300e-01
1.053125092600859930e-01
9.897102736409527091e-02
1.246538409462027291e-01
1.687627391165626156e-01
1.456482758761460661e-01
7.281555429815704528e-02
1.411802473901453692e-01
8.955562574345912741e-02
2.343174822504806298e-01
1.010719033120282412e-01
1.431241870358015700e-01
1.093079463117793831e-01
9.353504513445867752e-02
8.955562574345912741e-02
2.073488021877943066e-01
1.576562405627774111e-01
7.281555429815704528e-02
9.407496399808612519e-02
1.072094823846166667e-01
8.608553390561379803e-02
1.169856522301601504e-01
7.062067144094363869e-02
1.424196137229806758e-01
1.010623510375794204e-01
7.824601908122420790e-02
9.701702199103486024e-02
1.306308967379848918e-01
1.126523255891632158e-01
8.601019953661842576e-02
3.635306900673460628e-01
1.827071303980460359e-01
6.832645035131391931e-02
1.020020154946808949e-01
1.090415409368085536e-01
9.150743467540080334e-02
1.562716811965438046e-01
1.049815295461930531e-01
1.053503091648881479e-01
1.227853211222147412e-01
8.662715604903931110e-02
1.075092913946786716e-01
1.456801371085367225e-01
9.935986567886866128e-02
1.522989476546828813e-01
1.493402465955865066e-01
9.530169460817439209e-02
9.426805859426998224e-02
8.991952404240073637e-02
1.717376150881679275e-01
1.510087848306406466e-01
1.154595547674649308e-01
7.896479308449240453e-02
8.056959445264605391e-02
2.185301991763465290e-01
1.227448687504115732e-01
8.339385923905545672e-02
1.224683773679282606e-01
8.465118989975617403e-02
1.960407566628954434e-01
1.527794038606436755e-01
6.581605924308876754e-02
7.023109083200028413e-02
1.593871231979323289e-01
9.618194130310880885e-02
4.260297563125359233e-01
1.213179112857420694e-01
1.652902726289711133e-01
1.046386789554197699e-01
4.839846822027408790e-01
8.991952404240073637e-02
1.505347103912715034e-01
9.230510688625535864e-02
1.406758972758003212e-01
7.719643189789207605e-02
8.098065270221027623e-02
1.839631404237880574e-01
8.266515421754815074e-02
7.719643189789207605e-02
1.408508855732105158e-01
8.098065270221027623e-02
1.343466799500087627e-01
2.633538776248953717e-01
1.083913715531778926e-01
8.806426855327863235e-02
1.273245943028021299e-01
7.368907315715388096e-02
8.470950779217334414e-02
1.087284292909639211e-01
1.088040919720386218e-01
1.221416099616886436e-01
1.396123298832685211e-01
7.719643189789207605e-02
1.685799938114077301e-01
2.098091286134042277e-01
7.719643189789207605e-02
1.119403107619613424e-01
8.004486450713745038e-02
1.887979210734523072e-01
1.678561371304841676e-01
1.371848860914502144e-01
1.130575148964110543e-01
1.266924555090719051e-01
9.594961873912304096e-02
1.300638911552900179e-01
9.594961873912304096e-02
9.997386908786817794e-02
1.833828739355823634e-01
1.555339158655994480e-01
1.202207042540037879e-01
1.578834876274304022e-01
1.441555661287447221e-01
8.825954227380175543e-02
6.966881530506269238e-02
7.328055340489342262e-02
8.528590324465055994e-02
3.996820209788222722e-01
7.339943236511252411e-02
1.312506135501748383e-01
6.752886229899289494e-02
6.264408990578912428e-02
6.075687073530533500e-02
7.704799280638709169e-02
3.523517160980699225e-02
5.889764436884065146e-02
2.511411321921617201e-01
2.296426526250851807e-01
9.687218087932344956e-02
3.183236846152598387e-02
8.448594599962851170e-02
1.651833369668899709e-01
1.905236063452380724e-01
1.625896808120144976e-01
8.373888114786054437e-02
6.454676254959645920e-02
1.154860967205459527e-01
1.249912175530457081e-01
5.236505404619908044e-02
1.138077018208201729e-01
8.354166062020604300e-02
1.799483844034781010e-01
4.899078308763027412e-02
8.898793209693946216e-02
1.296825059791034962e-01
7.504844165581045501e-02
2.242560541578004218e-01
3.903619075843001163e-02
6.114121992717683196e-02
4.835174307960844742e-02
2.231817973721357262e-01
1.512819629276577760e-01
1.359223432094725237e-01
8.553424966408641750e-02
1.088060645040017094e-01
1.351851912380899468e-01
1.127404372155817319e-01
1.629138836655240341e-01
9.950893069112896894e-02
1.551844206674301840e-01
1.231413475306203376e-01
1.283184831611079435e-01
1.344439969428838921e-01
1.041545533075980134e-01
8.893831992705165945e-02
7.511387711309262805e-02
8.896262909909732897e-02
1.034647408694179122e-01
8.193895837858344855e-02
1.472585136503520020e-01
1.336782945682411239e-01
1.609461385387519206e-01
1.108629097045543827e-01
1.461372032642796470e-01
9.682230734061129940e-02
1.603363478180067359e-01
8.785101561373719059e-02
9.326668138565566424e-02
1.021744243339422764e-01
9.140130583102416828e-02
9.725952597675913136e-02
1.086812623694535379e-01
8.552013000993460845e-02
1.257480428136769079e-01
1.115962445856800017e-01
1.195195798955076688e-01
9.682230734061129940e-02
1.598007743096821198e-01
1.456345314818376091e-01
1.155310684802674237e-01
8.670535746303591196e-02
1.051425809106667497e-01
8.873911139233073286e-02
7.545843126169383963e-02
1.438990090373173936e-01
1.312180241915838763e-01
6.916346240151578784e-02
8.739142221737389304e-02
2.474963834833069920e-01
1.504364703739862197e-01
6.347210569469008412e-02
8.745425246562721355e-02
1.389063501733993622e-01
1.016509229258222013e-01
1.514264959281509393e-01
1.423189898689651844e-01
1.140746550588156716e-01
1.513672369753531477e-01
8.682223367652369683e-02
1.629197128122414628e-01
9.444581833843525287e-02
1.177186277324480806e-01
8.523761695867854149e-02
8.398883872187330735e-02
1.535311281650834636e-01
1.320200056276447376e-01
6.988361985087422623e-02
9.576881186064230278e-02
7.686408886964719855e-02
1.208978894244704394e-01
1.645511877208052642e-01
8.005929250096437133e-02
1.687749803883684396e-01
9.183872968122905323e-02
6.172952164234443012e-02
2.246274933014275887e-01
6.854249326076501669e-02
1.066396363548657855e-01
9.864848513848215039e-02
1.967501288341464705e-01
1.286072090246568878e-01
8.055524223359190883e-02
5.475943329082260530e-02
9.744700042293576170e-02
2.382140386089210971e-01
1.152823139318501361e-01
7.031820587185108606e-02
6.828704119088488400e-02
1.365273075585904938e-01
1.964950809475755344e-01
1.115171619699178301e-01
6.266536293424518345e-02
6.639131038768548987e-02
1.421964740409102090e-01
8.165247241871141648e-02
2.570566841770877131e-01
7.875384261240679640e-02
1.297600346098586876e-01
1.216886601892656211e-01
1.155957612391030759e-01
1.686286299580705417e-01
1.265799615084084451e-01
1.450342263422385036e-01
1.020577087090109719e-01
1.418214906926580920e-01
1.363947769108272146e-01
2.179636256216423706e-01
1.168112541508076335e-01
9.482557004498162745e-02
1.024421229363619151e-01
1.574804938756298178e-01
1.482893689037641238e-01
1.356440286419793306e-01
5.818606643750696972e-02
1.267072996909807403e-01
6.177742941890170675e-02
2.538446450204964733e-01
2.180910648538958441e-01
2.041451266209734217e-01
9.442190706057142224e-02
7.935069421689328051e-02
3.220552509009679265e-01
8.882440453309946304e-02
2.182336351259075991e-01
6.069144211476760198e-01
1.049777202159352246e-01
7.022466058189205662e-02
9.669763070745601707e-02
1.529846156402143997e-01
1.439154190457417049e-01
4.093905069839134936e-02
1.271615323722665447e-01
3.818664884056634234e-02
3.839540421722763969e-02
6.958183834497790043e-02
2.326132222975481056e-01
5.465942077595521004e-02
1.127220523056998297e-01
9.120245963647168053e-02
6.799316249782885735e-02
1.261848351956099124e-01
9.505140048580558443e-02
2.525918878433535686e-01
5.001783491165943257e-02
8.952617883571160895e-02
1.001671948353498459e-01
1.626259168879553296e-01
8.232784898324982392e-02
2.818874841518841934e-01
6.365315172657004528e-02
1.031436485487869231e-01
1.038482948239420334e-01
1.296436554818913289e-01
7.821519085737449473e-02
5.518443301866490791e-02
5.940372610843263484e-02
1.259424149306283269e-01
1.187339913676764697e-01
1.272787124582286933e-01
1.270463219844599478e-01
1.217080158540191914e-01
