1.165889812005996562e-01
1.165889812005996562e-01
1.165864820804914381e-01
1.165889812005996562e-01
1.165885627106683781e-01
1.165889812005996562e-01
1.165889812005996562e-01
1.164374952039701760e-01
1.165889812005996562e-01
1.159447712195984248e-01
8.563210359644594927e-02
1.165889813176460288e-01
1.165863619216980923e-01
1.165886651609310126e-01
1.165720300834437312e-01
1.165893368407801556e-01
1.141512575442701627e-01
9.895894472799771080e-01
1.165864820804914381e-01
1.165885627106683781e-01
1.165888827697634245e-01
1.165840838393698703e-01
1.165889814877592301e-01
1.165787758748415143e-01
8.702564929184235243e-02
1.165885627106683781e-01
1.165883948662866376e-01
1.118825259683682988e-01
1.165840838393698703e-01
1.165840838393698703e-01
1.165889812275779785e-01
1.165840838393698703e-01
1.165885627106683781e-01
1.164541845923466740e-01
4.907308571748244218e-03
1.164374952039701760e-01
1.124823502306713241e-01
1.165889968042115171e-01
1.165889812007402243e-01
1.165890315315925574e-01
2.659780935748618305e-02
1.026964774397588764e-01
1.277252947892571766e-01
3.450096953581009707e-02
7.586503134090148703e-02
7.334950280148901103e-02
5.488882699229545858e-01
9.759543616309475367e-02
8.036702848485596795e-02
1.156350525362085241e-01
2.957344621857677450e-02
8.977178506039272532e-02
1.503540896067590560e-01
9.719496794756919689e-02
2.292638699903064570e-01
2.280308032231790349e-01
6.423036116356301006e-02
6.002239323146044830e-02
3.832152231604283449e-02
1.538908554911465887e-01
1.399769610415279308e-01
1.014096527240467005e-01
8.834513945913033406e-02
3.239016505796659534e-02
2.959954126677982189e-01
6.672926994972654124e-02
3.993825841348785932e-02
6.002239323146044830e-02
7.562307127282838493e-02
7.772187561093649166e-02
1.833727411272242369e-01
6.135359157034018240e-01
6.300863228380353120e-02
1.251445381154975833e-01
2.585724755053614432e-01
4.850288246018815558e-02
8.179102461787700340e-02
2.659780935748618305e-02
8.466790100525958818e-02
5.756040338976149695e-02
1.233952922979979216e-01
8.821544174450185460e-02
8.336829203551310297e-02
6.713018691166716678e-01
2.010960322565905345e-01
8.429799475389782026e-02
1.233991298098084666e-01
1.288352750566552074e-01
9.886452154191027741e-02
1.182461702247806223e-01
1.162362056063277888e-01
1.213531545162428033e-01
1.245914115323300958e-01
8.337659573228768661e-02
1.327978972104125188e-01
8.337659573228768661e-02
8.337064950687407550e-02
8.333990546464091487e-02
1.246148743279328203e-01
1.157461138441475690e-01
8.337659573228768661e-02
8.337659573228768661e-02
1.157803652255510601e-01
9.467440389827651293e-02
8.337659573228768661e-02
8.334666123505481139e-02
9.929038579486766658e-02
1.207537165681814573e-01
1.000807338571181038e-01
8.337659573228768661e-02
1.241260354088078721e-01
8.339364797024742537e-02
8.340548820425626453e-02
8.341635922334680875e-02
1.246099319550015988e-01
2.073623929847453751e-01
8.333990546464091487e-02
8.338171025602215958e-02
1.228934705550537854e-01
2.260957723494030347e-01
1.276693147431126885e-01
1.335034794655940715e-01
1.180260724013720841e-01
1.269670009505174946e-01
9.237214700265987399e-02
1.124733821216374885e-01
1.163747559163517409e-01
1.203005389905663358e-01
1.163747559163517409e-01
1.163747559163517409e-01
8.372009086107047582e-02
1.163747559163517409e-01
1.258803681520476447e-01
1.229805159477343340e-01
1.280203994537365553e-01
1.089686895788115756e-01
1.280209320027121955e-01
1.280239326158273405e-01
1.280202946481455717e-01
1.280046336121742623e-01
1.035526968234817685e-01
1.280188105143807709e-01
1.292877756442025183e-01
1.236513466836082903e-01
1.178981497991488797e-01
1.250202660328679494e-01
3.733873963646606176e-01
1.275619894178504909e-01
1.118550337342780199e-01
1.278200246065695767e-01
1.163747559163517409e-01
1.116522887516041840e-01
2.098165606138206740e-01
1.236513466836082903e-01
1.163747559163517409e-01
1.089686895788115756e-01
1.281452861190326975e-01
1.089686895788115756e-01
1.284446912259249174e-01
1.386048672818309402e-01
1.280048715510556379e-01
1.280001451464564954e-01
1.280048277271341461e-01
1.280055498766941025e-01
1.280055364569059051e-01
1.280001451464564954e-01
1.280027890438958371e-01
1.280048277271341461e-01
1.207967640814753135e-01
1.280055440956403001e-01
1.280055542858568596e-01
1.782354119119642644e-01
1.280055498766941025e-01
1.280055498766941025e-01
1.280036307800662965e-01
1.280107838320974356e-01
1.280055497282238108e-01
1.280055498766941025e-01
1.280052346855599099e-01
1.280001451464564954e-01
1.280055498783945200e-01
1.280055561187929958e-01
1.280001451464564954e-01
1.280055132922140737e-01
1.279952822323994488e-01
1.280055498766941025e-01
1.280055498766941025e-01
1.280055498766941025e-01
1.280055498766941025e-01
1.279990701118167706e-01
1.280027890438958371e-01
1.278529859290928328e-01
1.280027890438958371e-01
1.280027890438958371e-01
1.280038826351912185e-01
1.237907052489606863e-01
1.280008536137712816e-01
1.280047600887588288e-01
1.360349410981826213e-01
1.280047911801631688e-01
1.292256064227459977e-01
7.606925538876649351e-02
1.296114051075129558e-01
7.522907595697726491e-01
7.611088644933017289e-02
7.611852253841144833e-02
1.374616947069150774e-01
1.196213940741863158e-01
1.219804974797120689e-01
1.290677772069534490e-01
7.611336167615732895e-02
1.275058766531776688e-01
1.035556665626844869e-01
1.294123361335114408e-01
9.780568274318798827e-02
1.188025424312001005e-01
1.296637485918904209e-01
7.606925538876649351e-02
1.242054030783861507e-01
7.606925538876649351e-02
7.606925538876649351e-02
9.213364826305489586e-02
7.606925538876649351e-02
7.606925538876649351e-02
7.613027181928992693e-02
9.311652738410439167e-02
1.296636948555930369e-01
1.302073345894337875e-01
1.296556458886657659e-01
1.271917377737623311e-01
1.382894583131579203e-01
7.610797502364884115e-02
1.058748327096794423e-01
8.161142011068477364e-01
7.613273963685908419e-02
1.854412675569361568e-01
1.296408099012122395e-01
7.606925538876649351e-02
1.137957141477412143e-01
1.260533054916887774e-01
1.018628233210061990e-01
8.832196661479652100e-02
9.163112956334908132e-02
1.083389473134415970e-01
1.277560895910459793e-01
1.275249395605038139e-01
8.831453224054192086e-02
1.136980183079429191e-01
8.829987327585894774e-02
8.825258541764958997e-02
1.285740402214020084e-01
8.825258541764958997e-02
1.068885737707400696e-01
1.262384171799826316e-01
1.270136116228758050e-01
1.278272154790662807e-01
1.173288374945950507e-01
8.832196661479652100e-02
1.189850970738984548e-01
8.829987327585894774e-02
1.278374626688351667e-01
1.197853427345892258e-01
1.356392344074925926e-01
1.279322833783433644e-01
8.832255466104642350e-02
8.828807300301562411e-02
1.162527277684808069e-01
1.264905968707406569e-01
1.261467660263362323e-01
1.278844594273433888e-01
1.178875234399492655e-01
8.829987327585894774e-02
1.278271515383443413e-01
1.267372061712446207e-01
1.267707882604352521e-01
1.213812427013935408e-01
1.034227945449353175e-01
8.830286723008956562e-02
1.507582135778459398e-01
9.524165352986416200e-02
1.511153898572178689e-01
1.647585073981120696e-01
1.451764561385403274e-01
2.197969993553829382e-01
1.681313197331263387e-01
1.572065313574423362e-01
1.078593079440353097e-01
2.123536194578310166e-01
1.110498052433148697e-01
1.290049061563259547e-01
1.456021658111628925e-01
1.629541482504745509e-01
1.181859890724885204e-01
1.088052140996382255e-01
2.892893646000866958e-01
7.358909664804913486e-02
1.163483941795277199e-01
1.154305124810964672e-01
9.969216658871948855e-02
1.008118717854432356e-01
9.246773425681271974e-02
1.113977875221101171e-01
9.355358448916144265e-02
8.091838309193574719e-02
7.209874604788887864e-02
2.014732625370093955e-01
6.335506527702132462e-02
1.643587013651115480e-01
1.181859890724885204e-01
6.950288344619273695e-02
1.385641617532918923e-01
1.181859890724885204e-01
1.166275132499929590e-01
6.606821829394572687e-02
1.181859890724885204e-01
1.181859890724885204e-01
6.286905712798671053e-02
5.915571434383189164e-02
1.074788713654167976e-01
1.427370956548992265e-01
9.705229215223618033e-02
9.700196262884167031e-02
8.827703923009584674e-02
1.414520364783337647e-01
9.704830958618639036e-02
1.081327142675571340e-01
8.827703923009584674e-02
9.700258202381825678e-02
1.749641772799447881e-01
1.231944040652869360e-01
2.470937022139609029e-01
7.184646656315038515e-02
7.269174895847234363e-02
1.075662933364874424e-01
1.042642597480809008e-01
1.904677368932506665e-01
1.390917159379443935e-01
1.267490408634031063e-01
8.671910754485438744e-02
1.332749105185932759e-01
1.433696470097385323e-01
9.908023416370163872e-02
1.655215223006482050e-01
9.704366618861848259e-02
9.639598286086639711e-02
1.271979783684227816e-01
9.704830958618639036e-02
1.198809766655530989e-01
9.704830958618639036e-02
8.536936485273795283e-02
1.001203763051209117e-01
9.612262146814522235e-02
9.355795519276047245e-02
1.654376397763866746e-01
9.826703945068022972e-02
9.193171612725495323e-02
5.200045221508761140e-01
1.708654155389055795e-01
1.265848882084459337e-01
2.404396164634617639e-01
1.093711077771812867e-01
1.322292473769526577e-01
1.152091841290250884e-01
1.595814368701146957e-01
1.183246905782953662e-01
9.810102566778237942e-02
5.793112502511322398e-02
9.054311362686905118e-02
8.874083642335667266e-02
1.150670676016733590e-01
2.090271015526030673e-01
1.231182904998736616e-01
1.166169985488056809e-01
1.183246905782953662e-01
7.861094082020615714e-02
1.114971283051483936e-01
1.265209977197776781e-01
1.183246905782953662e-01
1.213379508190438882e-01
9.582394356983223171e-02
9.207138975519429946e-02
7.801916394743514671e-02
1.016000633126442898e-01
1.386993498944910919e-01
9.942224341429180268e-02
1.547960013252855094e-01
1.150670676016733590e-01
1.242072817348166131e-01
1.019164106497580935e-01
1.116286454560920238e-01
1.150670676016733590e-01
1.198440404542113202e-01
1.314106267149237617e-01
8.674365161997778240e-02
1.183246905782953662e-01
2.301824746180956005e-01
