3.731937365243026550e-01
3.276599614727761511e-01
3.710319177968199322e-01
3.362262668830749979e-01
3.676400293889485749e-01
2.277423635230823307e-01
4.710123647099606625e-01
4.000250979501938087e-01
1.390548125825058212e-01
3.736118535388474604e-01
2.716401526639437569e-01
3.008816837116600196e-01
3.593848289313328337e-01
3.854350964189054984e-01
1.392841490207459842e-01
3.533958994424308275e-01
5.556806596834589218e-01
1.333424916438532004e-01
6.112930976376947934e-01
3.627719273371903808e-01
3.899310660731419298e-01
3.749561236026975886e-01
3.703729828061408380e-01
1.392430098371204017e-01
2.772558931008563543e-01
4.028861641122935544e-01
4.546246098383147083e-01
2.133604729642509246e-01
9.051771233371531666e-01
2.133604729642509246e-01
2.802011230722559199e-01
9.051856336758206112e-01
1.453590942296572597e-01
2.516322431476426535e-01
3.330479413860381599e-01
5.284048708578207298e-01
3.674657418682647503e-01
2.515808440064480345e-01
3.666918320484623961e-01
3.030041570388333771e-01
3.796643798882726184e-01
3.361451970304135672e-01
4.011361109523596813e-01
4.225914201907354784e-01
3.652408384310793510e-01
3.621736316980698756e-01
3.790595633898721228e-01
1.393229337400939682e-01
2.697379670981855382e-01
3.484518570233106072e-01
3.368794275288553020e-01
1.391843304839562034e-01
2.042401031013922619e-01
5.973149008810446636e-01
4.623524169688897345e-01
3.825377220082725183e-01
3.372586754176355450e-01
3.670019123827160668e-01
2.572983810810191563e-01
2.797915310861729954e-01
6.774298960225135779e-01
3.515016012204235651e-01
3.305977721259701352e-01
1.336232790299554385e-01
3.319659795506823552e-01
1.333424916438532004e-01
5.421094314110657120e-01
1.382681642612071660e-01
4.784249058335230953e-01
3.799799659446604361e-01
3.769260612985387837e-01
3.585277719703007793e-01
3.673836365672359938e-01
3.910152955029070343e-01
3.860268135242606036e-01
3.530855101385996231e-01
9.712404730652921536e-01
4.464792245817085226e-01
2.213895610965143923e-01
3.076964866576968882e-01
3.617440711270065168e-01
2.020440112383520004e-01
2.493305860666635843e-01
3.636332433335174863e-01
1.829593855197712282e-01
3.495505100024191014e-01
4.032423195653857539e-01
1.827449178106996808e-01
3.707591525585106629e-01
1.804834705319715016e-01
3.566132083876912273e-01
3.497139535486613604e-01
3.745797867971492057e-01
3.571992542186607222e-01
1.827118195052156724e-01
2.882125753955367964e-01
1.831010449565829146e-01
1.827521587091693878e-01
1.821828784287275182e-01
3.198270201371709032e-01
2.563533863803064139e-01
3.587057034452841853e-01
2.922309227455072156e-01
3.627957650096343967e-01
3.445177714159161630e-01
9.712404730652921536e-01
3.795295446785487692e-01
7.203459274330769047e-01
3.665609499001041272e-01
3.198072795740868890e-01
1.821316890758791218e-01
3.724775831620363853e-01
5.000000000000000000e-01
2.734951954954313869e-01
2.886990860892423849e-01
3.347353717307867682e-01
1.827957915997057148e-01
4.820763774515067213e-01
2.420578607853852149e-01
4.461706906434688147e-01
3.518008639324046172e-01
4.719404025737565789e-01
6.998551980890806989e-01
2.406489558669067108e-01
3.623837189919272839e-01
2.886529178208419588e-01
4.649008020235992911e-01
3.682327648625267624e-01
1.962572535008414998e-01
3.497980880502136736e-01
1.942687801067175812e-01
3.495541371969635991e-01
3.587040770691556912e-01
2.841741239830437027e-01
3.595726909448243025e-01
4.768669311715643122e-01
3.761915677064259778e-01
3.407598079358745702e-01
2.959470237696174566e-01
1.994508348948688115e-01
3.901779153787803822e-01
3.692028442251918396e-01
3.549418116430603787e-01
6.751980152976676530e-01
2.239343273498208275e-01
3.859978587809876904e-01
3.467495929381928521e-01
6.703202100973861821e-01
2.279702567947491931e-01
2.539206801492948640e-01
5.424304863584755720e-01
5.372881100470096039e-01
1.998099114055998937e-01
2.279763795336592624e-01
2.023972282179849758e-01
5.146980131785847679e-01
4.850672477228435420e-01
3.144831924099740772e-01
7.203761395760804875e-01
2.876610185554701604e-01
2.280026148921779905e-01
3.486930749823194953e-01
3.083461574430602647e-01
5.276458842819503614e-01
3.467802777297070982e-01
3.398835183301265883e-01
3.665978431414111949e-01
2.014483968642762635e-01
3.391017420093976331e-01
2.246352489689016907e-01
2.510559543514169767e-01
2.266710172682898372e-01
3.392956450059712026e-01
2.357506346497856564e-01
7.160160151757357649e-01
4.117901107968244268e-01
4.578973184258272044e-01
6.989125947737041544e-01
2.279558367821274967e-01
2.279871798257060433e-01
2.279445180193457321e-01
2.279873881369157140e-01
5.390414495971557196e-01
3.319638904087939824e-01
6.979082838943188039e-01
4.283636569575007269e-01
2.622757729524088921e-01
5.737834814286321139e-01
2.854364776895134681e-01
3.308186179954601958e-01
3.841106291845127196e-01
3.673481726940449055e-01
4.111205395519970662e-01
4.288308206990100180e-01
5.867875314356022498e-01
3.764357204017291236e-01
2.156420832386176101e-01
2.823722040829689250e-01
4.664497008202141970e-01
1.883620597989659196e-01
5.088403660654750027e-01
4.209731838128561443e-01
3.450641454683371356e-01
3.549558858205777989e-01
4.664391337121339132e-01
3.978959184589453413e-01
2.602112755622659757e-01
4.505292062716008683e-01
3.439742256482014593e-01
5.359401167530386534e-01
4.839039164127081905e-01
2.257480744001692519e-01
7.159747566976674138e-01
4.865011051068721670e-01
3.753791662018745590e-01
3.572699948077819321e-01
6.406322006553834270e-02
3.559348275507161485e-01
2.972282560130098394e-01
4.040875102841856581e-01
9.923113424794015591e-01
3.954923081004266261e-02
2.772796658351192600e-01
5.279694435174066003e-01
5.000000000000000000e-01
4.518130592566264037e-01
4.841919895191828527e-01
4.423686046048471154e-01
1.179185839381315659e-01
3.521954110728763854e-01
3.118435321600738774e-01
3.117889155765021791e-01
5.339633354733060999e-01
2.750440341155687696e-01
3.545333455476730733e-01
3.546780669576013456e-01
3.762564174023422803e-01
4.088096411768789573e-01
2.358893434390523514e-01
6.388413031828230060e-02
4.282311518927280347e-01
2.086949216448170941e-01
3.198146800846927706e-01
6.388413031828230060e-02
2.728559610722507411e-01
2.613579297110658062e-01
3.593430884229464328e-01
3.628266400523562085e-01
2.315699601808892116e-01
2.308436133065055462e-01
2.795200257582401981e-01
3.300556968361110788e-01
5.739228366165861628e-01
3.802051669871377437e-01
3.620870835551482370e-01
4.496259786287006843e-01
3.535731465590670197e-01
2.033156987370405566e-01
3.706059478096297433e-01
4.694844206969007727e-01
5.820284082078451826e-01
6.481128327772158748e-01
4.260112769125955490e-01
5.000000000000000000e-01
5.180074502540394921e-01
5.606298416797309558e-01
3.142306292539120416e-01
5.000000000000000000e-01
4.423270272415960602e-01
4.787781695788707048e-01
3.825132796131537893e-01
3.311093298947870300e-01
3.022562935431001296e-01
5.779741964216004169e-01
6.482422054547726242e-01
3.223811547440217917e-01
4.008944281165784940e-01
5.770697149838124318e-01
5.210043719166275178e-01
5.785872692638184267e-01
3.805267548239232855e-01
6.321073482244494723e-01
3.612544160134788518e-01
3.516841892754471455e-01
4.803468954607027497e-01
5.345611191350383429e-01
3.361100930371107576e-01
1.500300377733573831e-01
4.789761474808558184e-01
6.145621679867403486e-01
1.637173285191644290e-01
2.962143419629274521e-01
3.749802517903307320e-01
1.517466340336098563e-01
4.934803100751119498e-01
3.689859991492315250e-01
2.038861238874145332e-01
3.414849379177770095e-01
1.659965777760542271e-01
3.100422550507696551e-01
1.578092128544807959e-01
1.676104081003976232e-01
3.588241891456445676e-01
2.030040058717694496e-01
1.624247885888381038e-01
1.626492050076739360e-01
1.649962945328339037e-01
3.627810891093210532e-01
7.911774835010558782e-01
3.587080268128184368e-01
3.594555336320447991e-01
3.726930462877059980e-01
1.517466340336098563e-01
3.589055933545349797e-01
4.627034276633960053e-01
7.395747052434414881e-01
4.721560949623472836e-01
3.389051016197518473e-01
4.190103378852410576e-01
5.282227979964193576e-01
3.653358769142562856e-01
6.929297964168712465e-01
6.023817392310775176e-01
3.372726599786761703e-01
1.620425092579557691e-01
3.858735486168999307e-01
3.930098440189915832e-01
1.605573630087385462e-01
5.204101587761693626e-01
3.492006693894602609e-01
3.295222814901217490e-01
1.651941383536509877e-01
1.643912468096139223e-01
1.524964818940318378e-01
3.539153372078635562e-01
3.398869254152256936e-01
1.647134877619649274e-01
1.991086085909507808e-01
1.642611788270490758e-01
3.873673249089337189e-01
1.683128504308820383e-01
2.963324034615364977e-01
3.457535535014352734e-01
2.954401152680626863e-01
1.635567090490229469e-01
9.860097448533858833e-01
2.237960127431768698e-01
3.432082664601285860e-01
3.454683308592085833e-01
3.870088257928069875e-01
8.585621150065632090e-01
9.968403475175021677e-01
3.583245279491491520e-01
4.207716218039987410e-01
4.040478885524018682e-01
4.651418177330354231e-01
3.693046794219804752e-01
3.677705490583993431e-01
1.500347152099893999e-01
5.245934744039566500e-01
6.147407475346866601e-01
3.694442628002880258e-01
4.193675546533883192e-01
3.530359689556658020e-01
3.737686017422483520e-01
6.147407475346866601e-01
1.529379346510120197e-01
3.650568370157660780e-01
7.843959783146375875e-01
5.000000000000000000e-01
3.634760567155037592e-01
3.560226187073454729e-01
3.939593450665176411e-01
3.853234411465924492e-01
3.664300850081855798e-01
3.915378996164753933e-01
3.703666020967045225e-01
2.604431275500866949e-01
1.601420390275387906e-01
3.768959323578380260e-01
2.369164653280341204e-01
4.102731562102014395e-01
1.529659387889005240e-01
3.663708334405472167e-01
1.439037278454372015e-01
3.543854252603793054e-01
3.901239868587696447e-01
6.967250030950756789e-01
3.122247075903136770e-01
2.465363775813493030e-01
3.619276234873451958e-01
3.186394713927062639e-01
4.582710788797803025e-01
1.766992378395502994e-01
1.526281870620435077e-01
5.440750054585443696e-01
5.000000000000000000e-01
8.473413635869641025e-01
1.713445589402932123e-01
8.690072927095622290e-01
3.628203605386438046e-01
4.722397181214033623e-01
3.747649853927915720e-01
3.574432621081408135e-01
3.516148895350513781e-01
4.134099539745281215e-01
3.604850534051261546e-01
3.620509501385305584e-01
5.000000000000000000e-01
3.653481570504484299e-01
2.219086029506735780e-01
3.370980552642668382e-01
2.420702452792002635e-01
4.509299458721789389e-01
2.961862974184805153e-01
3.699479089373483021e-01
4.757327330443943403e-01
2.549846668821040829e-01
6.841703466084242402e-01
1.530783086314677632e-01
1.672129912890117087e-01
3.439663339017149934e-01
3.706118923252789132e-01
1.526524257513887373e-01
5.895182366179559930e-01
4.821084298237636179e-01
4.910697458102183943e-01
3.291072159410372011e-01
2.177670357879714080e-01
4.276283165352682269e-01
9.370126830540107532e-01
1.157811250195662639e-01
3.710147601100775017e-01
3.644814439912377746e-01
1.114990175249468557e-01
1.157662178598290736e-01
3.159071069579115210e-01
9.362641638358311091e-01
4.854256349047477159e-01
3.691844362426349724e-01
3.995229615290060710e-01
3.405558201004105223e-01
3.861572503857940708e-01
3.656928535240581701e-01
1.114990175249468557e-01
4.204686247786856845e-01
9.371707294764348717e-01
3.472543501887596085e-01
8.448049706087036315e-01
3.682430543740417006e-01
4.777220338055717108e-01
3.677025714285229174e-01
1.145627116938683077e-01
9.371707294764348717e-01
4.731050266529497894e-01
7.091882737119244995e-01
8.723924097210706829e-01
3.799162569500194597e-01
3.695962686577233813e-01
3.682866025862714943e-01
2.823682689811116142e-01
4.162124610210998221e-01
1.130309475367092392e-01
4.070711341022513752e-01
1.271138396557595640e-01
5.229515090868109839e-01
4.836004167184252966e-01
3.787127924574247850e-01
3.684111361760508130e-01
4.824801017222939969e-01
3.683834592236755467e-01
4.265481584251587521e-01
3.549460563766048682e-01
4.079758397598076125e-01
9.032373110154753304e-01
1.346659881002825743e-01
2.118856648781807517e-01
3.608445693766346163e-01
4.821459189839778503e-01
4.308895618729530197e-01
6.384944352127135403e-01
1.158304967284360942e-01
1.158626542615447952e-01
1.158681491374650568e-01
3.085737419356905376e-01
8.496848270254276914e-01
1.157811250195662639e-01
9.112064815500373616e-01
1.158454797822089238e-01
5.826445128056764178e-01
3.713294086540878114e-01
2.351304879550403792e-01
3.346452723571514687e-01
3.674430309420989027e-01
2.616166957550665750e-01
1.597250102911769443e-01
3.820235128303089422e-01
8.512114442578283535e-01
3.815769754074997966e-01
3.003739599784714942e-01
3.724884994914489655e-01
3.916034647156014792e-01
7.090345343971040659e-01
3.310961141001764751e-01
3.767238632741028437e-01
1.369612419307415507e-01
1.509170010337812784e-01
1.518359296531862634e-01
6.623322770409219018e-01
3.353739614308367534e-01
5.000000000000000000e-01
3.300013136703582872e-01
3.402649138946672314e-01
3.735303802929198502e-01
1.520690916108708712e-01
3.188709952905823819e-01
4.066169562350390732e-01
3.511054177715720037e-01
3.620136785185788519e-01
3.387426930486801546e-01
1.943209056735556439e-01
5.000000000000000000e-01
1.818117419194022477e-01
8.128070998074955478e-01
2.920887523126117769e-01
3.684641193451043129e-01
4.521386641458686184e-01
2.758034912342255951e-01
3.749325498340134732e-01
3.749274056185746828e-01
1.521747415592575037e-01
4.649045249622132947e-01
3.616520225319972970e-01
2.703659015434820567e-01
8.120407711617508850e-01
3.132135074314679746e-01
3.905598429135566096e-01
4.024870410524142850e-01
1.522433091016499873e-01
3.879719261422236443e-01
3.475710001014681860e-01
4.323234012839560214e-01
3.068527320069455722e-01
1.509860397078312821e-01
3.905816732792848911e-01
1.522854259865950299e-01
3.319538764054004720e-01
1.522854259865950299e-01
1.537085574814956168e-01
3.954704402289521137e-01
1.520634360067864010e-01
3.726788960674344842e-01
3.685708176629657329e-01
3.522876568905186634e-01
4.841091573805019754e-01
3.420258852459996390e-01
1.522541086830334345e-01
1.566216862963042689e-01
3.672016028994803394e-01
8.684283380818764719e-01
3.687590053889627240e-01
2.440648472717507067e-01
3.687894643031413566e-01
2.319468995499173458e-01
2.444443516128378124e-01
4.354073588285827801e-01
3.687937099042349343e-01
3.645353140770858369e-01
4.024277953256878426e-01
7.468195206852854540e-01
3.600312828331138637e-01
1.474686554420247819e-01
3.130566145162643199e-01
2.665125060478341079e-01
2.010228981748133359e-01
2.056481275279905263e-01
3.366717827758655690e-01
3.320615024254691683e-01
2.446801890728205475e-01
3.626604386212536335e-01
2.404987862611876470e-01
5.969688476915597786e-01
1.476436201220731881e-01
6.988619420308163077e-01
5.251799490729475162e-01
1.387751587386790719e-01
3.598009755125186615e-01
3.432436244803154790e-01
1.475244172883096450e-01
1.475249651510028570e-01
2.090569936045670596e-01
2.180650725433891657e-01
3.462621433723836462e-01
1.471116856489964875e-01
1.475686257142904412e-01
1.474789213301670732e-01
1.475925948490715012e-01
3.699324946870481967e-01
3.293715731932065349e-01
3.754676517382083967e-01
1.471116856489964875e-01
3.959702084608655026e-01
3.598899624227281380e-01
3.606910935186758427e-01
3.138462087341232776e-01
7.739725808311511690e-01
3.313422564820194260e-01
3.583038591253502325e-01
7.581596862720433316e-01
3.599879213141934930e-01
7.477053648898781546e-01
5.471624298372054218e-01
1.475945586023870437e-01
5.537535488312301801e-01
2.934517127892415922e-01
4.308698212133754701e-01
3.676627138940136152e-01
2.463945411314829304e-01
3.740175009714831744e-01
4.587838083973219128e-01
2.948825385396790510e-01
1.474646725374672562e-01
4.231218236456639747e-01
4.311432527000718107e-01
3.577934449463768818e-01
3.698042110928610460e-01
2.774321446299755634e-01
3.325528912480693045e-01
5.454010622405904840e-01
3.449971503359702263e-01
3.373420070548358018e-01
7.133217765652084541e-01
3.406738285925053900e-01
3.595842365278291708e-01
2.942281644861643453e-01
4.229870304262416947e-01
4.738950988060487979e-01
4.237070855521695156e-01
1.735901276025962336e-01
1.474663184536599281e-01
3.454174164462714414e-01
2.863817369816176739e-01
4.233382243895592034e-01
3.961785633135518903e-01
2.846197985369569028e-01
1.410140084356783230e-01
1.409628592259224988e-01
1.410060213647991723e-01
2.416814652166644761e-01
1.410330620752669184e-01
1.256548862920984777e-01
3.633442011585464870e-01
3.691274266420720429e-01
5.141020161027879398e-01
1.388923345281294630e-01
4.441105244537946195e-01
1.584656415689497666e-01
3.301924619229299473e-01
1.410184423415085098e-01
3.434003940543858824e-01
1.350772436923827202e-01
8.978747214434119606e-01
2.240244219330448650e-01
3.655518775140728094e-01
3.635190473739704498e-01
1.410903665569155918e-01
3.711238397739364259e-01
3.722853316294701953e-01
3.520501607007123224e-01
2.659923412119290509e-01
1.286192120749991563e-01
3.499393901792457462e-01
3.585490415840170142e-01
7.803482420983446355e-01
3.561063288623776413e-01
4.221831298319304593e-01
5.132463462738769966e-01
3.564718557750601313e-01
3.165230389006767342e-01
1.341790898470206495e-01
3.526351834657092676e-01
6.316099255497104048e-01
3.526384130975562248e-01
1.405831949265829994e-01
1.410903665569155918e-01
1.622729553272168335e-01
5.202507969118834730e-01
1.410117034445114714e-01
7.224923114981240957e-01
8.267500402653679137e-01
3.882054411441608344e-01
1.284557267673185343e-01
4.899106049604017299e-01
2.568486895275964854e-01
3.185332485700526073e-01
1.358582590997255424e-01
3.643385878007858181e-01
3.674611183683223481e-01
1.391306580851844887e-01
8.978527506428863880e-01
6.166048152751432143e-01
5.571066800358834836e-01
1.793264395267019917e-01
2.343833014789054592e-01
1.690401823734113962e-01
4.295561994733952949e-01
2.998585254071071682e-01
5.071934202235539590e-01
4.341629200261152288e-01
3.740311900750367680e-01
3.933161643177832123e-01
4.459154621971828658e-01
