3.231311322717506651e-01
2.082670328872971988e-01
4.029462056680577775e-01
2.509814864309405924e-01
2.685206903790318123e-01
1.606219366869720000e-01
4.815283824580761096e-01
4.029124912535930192e-01
1.565051612936271819e-01
1.956862869742176658e-01
2.178391343921415868e-01
3.443240292808636971e-01
2.956398146341413513e-01
3.480283271162882275e-01
3.722022999227773132e-01
2.862753111965362640e-01
1.439726385516568175e-01
4.701585495178005059e-01
1.417627143792294098e-01
5.000000000000000000e-01
1.373088030724369801e-01
1.842967614694001888e-01
3.151691862186121740e-01
2.707474707000898650e-01
4.052266005542951022e-01
3.024877742523481294e-01
3.307782071230980780e-01
5.893003338796627411e-01
1.950656577094493360e-01
2.793965483542950601e-01
5.235676829148868672e-01
2.378874369392529609e-01
2.656695889814300049e-01
4.593651623644601223e-01
2.492176039370311569e-01
2.625401505649984091e-01
3.377627515390966284e-01
1.366104836450009186e-01
3.721440774309488497e-01
1.905114240389230162e-01
5.109898706304566440e-01
3.601027751199806226e-01
3.368856914002479330e-01
5.072020789444032784e-01
3.394802920327286699e-01
3.627923637256981193e-01
4.771533995326939781e-01
2.813037557523194732e-01
2.500654572536478160e-01
3.025183584855289931e-01
2.529484536185216403e-01
2.545029370707253547e-01
4.798010661753500661e-01
2.492176039370311569e-01
2.645848361048495634e-01
1.539151512567434599e-01
2.124634214490546402e-01
3.122086061854760231e-01
3.183872211092214077e-01
4.145925466787822589e-01
2.182325182722814616e-01
4.028729385237456717e-01
2.492176039370311569e-01
6.515860789476624060e-01
2.334642470179760787e-01
3.526580702418150026e-01
5.000000000000000000e-01
3.395182477137185240e-01
1.358950213546732677e-01
1.757672791197207873e-01
2.492176039370311569e-01
3.374283556518296590e-01
1.417627143792294098e-01
1.959094318094181109e-01
2.260568387099748666e-01
4.231898985174458172e-01
4.086285290568071882e-01
5.377025844187964809e-01
2.373403204369059494e-01
4.895908135389389071e-01
2.501288181786250897e-01
4.885360728255776497e-01
2.710226428192154535e-01
2.163848535494918013e-01
2.216268244551275191e-01
7.750581975084245290e-01
3.968979948329775520e-01
2.163848535494918013e-01
2.974599880639049454e-01
4.607603546575775866e-01
2.450973398760584732e-01
3.417401427406850378e-01
2.284875122183079588e-01
2.116719895647380667e-01
4.225760974234689105e-01
2.163783112976247758e-01
3.955409036634595088e-01
5.509283034427747694e-01
2.472163267260518993e-01
3.544760539092031149e-01
1.656049468303653904e-01
3.291732852548168164e-01
3.383388065682623180e-01
3.578183324559042755e-01
3.119384816879449129e-01
2.000413901352686707e-01
2.170956786563855712e-01
2.161864208914061058e-01
2.133509261336054286e-01
2.209651355414380403e-01
2.459688971690218440e-01
2.535899129619197945e-01
2.163848535494918013e-01
2.105428882850145234e-01
2.736907879714253755e-01
3.547800238311535903e-01
2.255567921478645321e-01
6.949782048682980884e-01
3.683673926612510141e-01
5.833189498724719035e-01
2.879348306625833520e-01
2.299598229185052800e-01
2.103370328093074892e-01
6.304702262673037572e-01
6.183252044855840346e-01
2.366202517421809315e-01
2.675881369223082062e-01
2.667050197815159507e-01
3.037402273224361071e-01
2.159295064056113989e-01
4.945446657303739224e-01
1.948377352372838434e-01
4.265361965407654665e-01
3.870187964985352114e-01
6.883897418298183801e-01
5.717275097683813811e-01
2.165998909965200780e-01
3.204881225380362131e-01
2.324125139294060671e-01
5.463285624641582849e-01
2.192636904329286207e-01
4.467866079776385280e-01
2.247847998938400094e-01
3.058939570474641378e-01
4.940139034300673471e-01
2.495713115325710052e-01
3.161604628311635024e-01
2.950565332557567588e-01
3.956705766036365257e-01
4.317270113433941958e-01
3.651925077301665934e-01
2.825941665401298097e-01
2.286744578239553738e-01
1.699703695595858877e-01
1.991398010093608784e-01
3.313852633474560494e-01
6.255725995782628335e-01
2.524175394544023732e-01
5.939686015329721513e-01
2.839544457674149647e-01
4.409978157011920641e-01
3.794215815319396667e-01
4.668510739389148956e-01
3.300060839473709096e-01
2.058175519908547191e-01
3.907304884328265948e-01
3.871254663823079922e-01
2.350954562958973704e-01
2.595618182498302673e-01
2.594856128407685980e-01
2.492864139297642501e-01
1.933208998490321961e-01
2.595618182498302673e-01
3.839641694484210999e-01
3.739040591147627102e-01
2.746931739477674883e-01
5.932398955501708704e-01
1.801660754252370211e-01
2.042439433687716355e-01
3.365844148344532827e-01
3.486618785578713409e-01
4.878360675588677142e-01
1.726379144795294196e-01
3.285805559988713709e-01
3.567780574239209357e-01
1.922812424347599136e-01
3.425086834966644678e-01
1.773064994842148689e-01
2.187728389680136665e-01
2.132072800246487265e-01
3.086342855101447680e-01
4.095702234016160292e-01
5.634004187712554623e-01
3.143628010608316981e-01
2.440457691344412594e-01
5.938283162197912635e-01
4.716553349515001381e-01
5.481221131185626261e-01
2.173146876213225276e-01
3.600175816340453472e-01
1.800983461122878104e-01
5.000000000000000000e-01
3.415099302992362640e-01
5.555256200328705374e-01
4.151683172427537150e-01
2.833548095202828021e-01
4.060735325436343746e-01
2.364162361967645787e-01
2.612322233106130209e-01
3.477411420841449163e-01
2.107225785182550992e-01
2.803331788066171781e-01
4.514946746212465389e-01
5.316694504355219397e-01
4.452058862449068122e-01
2.098784302154253489e-01
4.716265448840793462e-01
3.295657491541660877e-01
1.904053518235156173e-01
4.329831481290232764e-01
4.145826147070610368e-01
3.839278116319533307e-01
2.165752960715435771e-01
1.700034206472465781e-01
2.973684778157569819e-01
4.478850182824059001e-01
2.632806134848857949e-01
5.719533784216850325e-01
4.393324650068587967e-01
2.388206404449369491e-01
5.274486148354203818e-01
3.675031360052411489e-01
4.343748260005441675e-01
3.810545584997680479e-01
2.070552048253827826e-01
6.030727093849160836e-01
4.012744850694429100e-01
2.858067522280694495e-01
2.031068413702658837e-01
3.072061678204674462e-01
4.596272753596097882e-01
3.374010883969738028e-01
3.670265512482173698e-01
2.238241559735414665e-01
3.454887235810128465e-01
3.775497976352226726e-01
3.551237157456036964e-01
6.389517491264071758e-01
2.067547995022350482e-01
2.601818828097877678e-01
4.083321431392783474e-01
1.311762377327267415e-01
4.316445275223247946e-01
2.377546482682771634e-01
2.399081465824297876e-01
2.909923387522085347e-01
3.039327054017739171e-01
3.524842441401763171e-01
1.840579033365430384e-01
3.062434859849305635e-01
1.805628485581118603e-01
3.922404676037333782e-01
1.890687059015581373e-01
2.531321692959501712e-01
1.592168470829356808e-01
2.542298403702726861e-01
1.893449533998579903e-01
2.230560674957797751e-01
2.093794775140880027e-01
3.202352347216445572e-01
4.652644357319130619e-01
2.362244284660014459e-01
1.731837538261540854e-01
2.093794775140880027e-01
1.937951056928709781e-01
1.874055068853069106e-01
2.669210025881346149e-01
8.191558214038979768e-01
2.764864648435508276e-01
3.177203382963171285e-01
1.696102444150217048e-01
3.082676402198510912e-01
2.199521866786103286e-01
2.579340707540166977e-01
2.973991723333778703e-01
5.000000000000000000e-01
2.904032259851830888e-01
3.103596801230202873e-01
4.813615994110668761e-01
6.871158195317584871e-01
3.123339239494157260e-01
4.595924217062334338e-01
2.209003114439820059e-01
3.599005582297628569e-01
4.879200543646762811e-01
7.403756024944975200e-01
3.852051430307679714e-01
3.684596625580786600e-01
3.938221736818259822e-01
2.051721118007612810e-01
4.017175256507788395e-01
4.757390374562009971e-01
6.475919022002848413e-01
4.380220767127832038e-01
4.399334843617768720e-01
4.102349373660043041e-01
4.328156585445133153e-01
5.351921661159879662e-01
6.022869365290075550e-01
4.851800688851511945e-01
3.056073961579506282e-01
3.314144130433899216e-01
3.179380620810188796e-01
1.432340307544352487e-01
2.910290828641334815e-01
3.934953522068138088e-01
4.109495217263112732e-01
3.146181713832974514e-01
2.125982750815686995e-01
3.555280675399540291e-01
3.603015418310640539e-01
3.596684224785711703e-01
1.174167678949878113e-01
3.609108826802725489e-01
3.595765650069885355e-01
3.193181460503249358e-01
3.596629110581291977e-01
3.590255159916435623e-01
3.579288713363736329e-01
3.596683947871299192e-01
1.397059404260928561e-01
3.596672403320670397e-01
3.593633657363764500e-01
3.392746703309647560e-01
1.152946977126236006e-01
1.165124481500920683e-01
3.621917149961176863e-01
3.596686984479287585e-01
3.596696617858410883e-01
3.599881871275940615e-01
3.596425110011315374e-01
1.164032289925351071e-01
1.155125273342566400e-01
1.213044517584069559e-01
3.596684115178595542e-01
1.164032289925351071e-01
3.787709941453656359e-01
5.000000000000000000e-01
3.707679039705786272e-01
3.567070351258987970e-01
3.704842322040793889e-01
6.989816842232088323e-01
3.596937074200848294e-01
5.755794488851335711e-01
3.596544806258488713e-01
3.596525249656095657e-01
3.575023223402478134e-01
3.607127743589527147e-01
4.063281409847982473e-01
3.583925933374801365e-01
4.038494741219820217e-01
3.602015153998991970e-01
3.598476714418122890e-01
1.713983480890712841e-01
3.570146502494999652e-01
3.291903393047018733e-01
3.614411930110856819e-01
3.516276854329916102e-01
3.591824117708344311e-01
2.125842848422255793e-01
1.858672812116676509e-01
1.152961586284761281e-01
1.165123506838994794e-01
1.165123506838994794e-01
3.595843191995036769e-01
1.164813426323003803e-01
2.425271685583967052e-01
3.596684034684885511e-01
3.591105477887218123e-01
1.166699333108001252e-01
3.697811435564086202e-01
3.564984618122979954e-01
3.588181974507819172e-01
3.565868055330445596e-01
4.022166953118705979e-01
4.047125115927497907e-01
3.450732712357696963e-01
3.588239149340579082e-01
3.591160999522455266e-01
3.597321336349114107e-01
3.596683948733425118e-01
4.449295555669694480e-01
3.686646812033091969e-01
1.165123506838994794e-01
3.597961051454563464e-01
3.806712466617492852e-01
3.599444697951305061e-01
2.683605191438532822e-01
5.961498857567545384e-01
1.702175151897294680e-01
5.657339109202520477e-01
4.531908219886487954e-01
4.789449323720109120e-01
3.376333954492545808e-01
3.377840631045890829e-01
7.308886899385139690e-01
4.026472668299588831e-01
2.103318941895014615e-01
2.294739071941414854e-01
5.234252870744005026e-01
6.782973809716915659e-01
2.062533175767264915e-01
3.700613498028241799e-01
2.000255084905388503e-01
3.364315023577455488e-01
4.459377207634844242e-01
3.122880352290905992e-01
8.580874346768371796e-02
3.201282271590763506e-01
2.056602686692615423e-01
2.588521396957663145e-01
7.308966858075885975e-01
1.379809526316937429e-01
2.579431532585444442e-01
2.154976429197044685e-01
3.029707005940425191e-01
2.851314645886972587e-01
1.702588766996801228e-01
7.069301302078849769e-01
4.770233567462221491e-01
2.493789652197868079e-01
5.470723709126777967e-01
2.779988970889809008e-01
6.655140782788198095e-01
2.657873858900319797e-01
1.431874455732669305e-01
5.249779774453279257e-01
6.740440812932964043e-01
7.220193227024452876e-01
4.645277481933255959e-01
7.273307417510336270e-01
3.757946783517516764e-01
3.917256133691513487e-01
5.557058387797989552e-01
2.476728124898060768e-01
5.246881182045303182e-01
7.540427150305820669e-01
1.461780763310786546e-01
1.067245520928426644e-01
4.098999980986476888e-01
1.108700678035344639e-01
1.981491939505483635e-01
2.565388484535607305e-01
2.097927349113366813e-01
2.749849838941199054e-01
6.356323290848541196e-01
2.905428305396036692e-01
4.708466420115612894e-01
4.847563582871520227e-01
1.341022353056695315e-01
8.757153239512703857e-01
1.887951681091934730e-01
1.320443717848085452e-01
2.650252227762159296e-01
3.171930515944081375e-01
1.723978307898144102e-01
7.309530552487181199e-02
1.643459815682042080e-01
3.731154308405785214e-01
2.614144443173903043e-01
7.233748256715244462e-01
8.158658785532230118e-01
6.825838620992003003e-01
1.795065552416397758e-01
1.702175151897294680e-01
2.169294000775712217e-01
1.377963151473289294e-01
1.597412321144061065e-01
1.612810230881934759e-01
2.933645984914826643e-01
1.376200823370047899e-01
2.608641867833423333e-01
8.263945214512689041e-01
3.884189852091723960e-01
3.027121832689738112e-01
4.657484630679542548e-01
2.986464221867670132e-01
4.661019730685870277e-01
2.316399942684666535e-01
3.494411227496790895e-01
3.967933753960644072e-01
3.425625570679948217e-01
3.634718475704719065e-01
9.910366445700691251e-02
2.916791638930789632e-01
8.263592409082896051e-01
3.070140269238222919e-01
8.263048757473832051e-01
3.429723083054608823e-01
6.714057777903218449e-01
3.419172994553129064e-01
1.011386723102458002e-01
8.263592409082896051e-01
2.987541184517931159e-01
3.422452036692520960e-01
3.481601767279458026e-01
3.612008151757855612e-01
3.458951463042968522e-01
3.409443289621442164e-01
3.423145413731553677e-01
3.755655222064387955e-01
3.655362151454945030e-01
2.374986748240145717e-01
3.741973683993821687e-01
2.934262828526806866e-01
1.793605543530214508e-01
5.000000000000000000e-01
1.377667000962517208e-01
8.361734248750128939e-01
2.494858116342328069e-01
3.444019145218968347e-01
4.609237474724152128e-01
3.511483875647354869e-01
2.726170266053898894e-01
2.786877536735790639e-01
4.501504992280995210e-01
5.784841096417234763e-01
1.338536988639121017e-01
1.603117537247901736e-01
3.276675989289333235e-01
3.495865975733984388e-01
4.117099864955484634e-01
4.522555593588646894e-01
5.522802684049252786e-01
3.085735594015175387e-01
1.303281161193895754e-01
1.275540485540574698e-01
3.231916594862502268e-01
6.719205583637266610e-01
1.377971221585135297e-01
7.930902489607355443e-01
1.810847770324921779e-01
6.048792380882218600e-01
3.549716569551220058e-01
3.492003455103549481e-01
2.880158301243026520e-01
3.776398099256852436e-01
3.617200843400834587e-01
3.490982095482217384e-01
3.748360878837669330e-01
1.884772308141158259e-01
1.157950872374260559e-01
2.871067094868009484e-01
8.263925815710042588e-01
4.108233520929938654e-01
3.769524080708563929e-01
3.540887380243845084e-01
3.445673484357568150e-01
3.542262938456875454e-01
1.683734842725459757e-01
1.822053822862984840e-01
1.918958938176383577e-01
4.075706812294619952e-01
3.540869671315184930e-01
3.544453414790210699e-01
3.431950482879443376e-01
3.515707384469768382e-01
3.501808452652577786e-01
3.540926666006020684e-01
3.541352409641738697e-01
3.548010262957194683e-01
3.513232451804761958e-01
3.541034681689970154e-01
3.529161446165510752e-01
3.518972060396045043e-01
4.047856237340267116e-01
1.682282105505202574e-01
3.537884818554387634e-01
5.387247006995089516e-01
3.538746045964168419e-01
3.540924101493713727e-01
3.543725019833172674e-01
3.398031005337074917e-01
3.544739554208271026e-01
3.540950418385187537e-01
3.539538217994483427e-01
3.695281453668745053e-01
3.540926828304841734e-01
3.156064839733070393e-01
3.540923923878165347e-01
6.237144272116410537e-01
3.507121601272343292e-01
1.683100854572611160e-01
3.562988239297728565e-01
3.587439465055478616e-01
1.755751559996663047e-01
3.541099780234227001e-01
3.540350428962424911e-01
3.538704910603536757e-01
3.540635729684208366e-01
3.850890295401778740e-01
3.540926666006020684e-01
1.684034648645635623e-01
3.541418768202882483e-01
1.683038478220579559e-01
3.540915041945482677e-01
1.683038478220579559e-01
1.936808168765689897e-01
3.545147827754394076e-01
1.683613097731606889e-01
3.540927229435010815e-01
3.540721559516249450e-01
3.540909843901047238e-01
3.535962081425474413e-01
3.554201731969560130e-01
3.414956546571201734e-01
1.682736106874034021e-01
1.804090377306232507e-01
2.933716173728016519e-01
3.540761929708056699e-01
3.540718667038029177e-01
3.539275868473719666e-01
3.540926696741399926e-01
2.898162770511764075e-01
3.540926666000426826e-01
3.540926666000746570e-01
3.526605272965082083e-01
2.278405389648057167e-01
3.536793092967317476e-01
3.540926302216033106e-01
3.540926023643784504e-01
3.522704570163127102e-01
3.635170376385311597e-01
1.922865055777228660e-01
3.611202804711679537e-01
1.920827363663620835e-01
3.691232040396638658e-01
3.587462278738446919e-01
3.610932225203391521e-01
3.613515472656160799e-01
3.665610708958857988e-01
3.590994576792488346e-01
3.578909327212610458e-01
3.586020714894566086e-01
3.611202804709764402e-01
3.129907404451200970e-01
3.868294328088185963e-01
1.510184077640429334e-01
7.767031587564280359e-01
3.613082500760428917e-01
3.543790277346182682e-01
3.611202803536518458e-01
1.438314297446143530e-01
3.611203536219232957e-01
3.421254266978553393e-01
3.603075157290125952e-01
3.605871402753259569e-01
3.611212486594296833e-01
3.299043815249000922e-01
3.612573841028079991e-01
1.364405310004300764e-01
3.605474610019431259e-01
1.437905155469672291e-01
1.438057391564827314e-01
3.611656692475122554e-01
3.627365293754747921e-01
3.610007371907686946e-01
1.859800608634658847e-01
3.615351000818275429e-01
3.611202804635936792e-01
3.589295886429650917e-01
2.176886712116982425e-01
8.202012225877822749e-01
3.455024295093690467e-01
3.611176529348173458e-01
4.594024157547179077e-01
3.611202804751192375e-01
4.469634784049008047e-01
3.674467177134724816e-01
1.437859106355716954e-01
3.809086752587858560e-01
3.576852332617359576e-01
1.438314297446143530e-01
3.612495835131108723e-01
3.611203103846588047e-01
3.517892706124502444e-01
3.607434596712646990e-01
3.705031717315968032e-01
3.524757699029469338e-01
1.438062001926184719e-01
3.592264143898455941e-01
3.613905695552527275e-01
3.610325521974430130e-01
3.603262569753483135e-01
3.611195502146785086e-01
3.510241030650066429e-01
1.438314297446143530e-01
3.638664678838171573e-01
3.994396640716180169e-01
3.611204178831471379e-01
3.698971290957290825e-01
3.608639209250019686e-01
5.814499333853955232e-01
3.611273043370912261e-01
3.605886148480343389e-01
3.608899035506847319e-01
3.611161212363968587e-01
3.723348815364861397e-01
3.620525100593059431e-01
3.654235560673418926e-01
3.610809022666973123e-01
3.609553655296351971e-01
3.608769630274464291e-01
2.016209288340310990e-01
2.470216924678846349e-01
2.581088419350847096e-01
3.297997657812746231e-01
4.305888235046477774e-01
3.711207845930812321e-01
2.034751629289045238e-01
2.255433615970552363e-01
3.686253531619468338e-01
2.807471831304488852e-01
2.520030314141673000e-01
2.535727616400103579e-01
1.297528132847541593e-01
4.241650700594885026e-01
4.622429580697384188e-01
1.962090183330389426e-01
3.629947632172816907e-01
3.419087096826516348e-01
3.875305753254767449e-01
3.812442509346031239e-01
1.652274335006108097e-01
1.954661801347103156e-01
1.337748878878136372e-01
2.307898281843022703e-01
4.053051665197008324e-01
2.612283843308246811e-01
2.191882061041786900e-01
1.929220751523945399e-01
4.164422913382812563e-01
2.989584096946901748e-01
2.222923744411558766e-01
2.175966650082267750e-01
2.707504153610478248e-01
2.200731043367760154e-01
3.733225794432783462e-01
4.519102412402908886e-01
2.079270715272056314e-01
1.714533176602490716e-01
4.652085032727347191e-01
4.860628998213439855e-01
1.757308713879063289e-01
5.428743783168664683e-01
2.181686026507613507e-01
4.465693947180381373e-01
3.660049896112873014e-01
5.000000000000000000e-01
1.634222399104363344e-01
1.539556340527149514e-01
3.673118583770471623e-01
3.829108963943699262e-01
3.371780479870575276e-01
2.245036054363502009e-01
4.442798807713517206e-01
3.789185880999874634e-01
4.368705335005457768e-01
2.674742695016460448e-01
4.119750010849064781e-01
2.797983221987319080e-01
1.789973204665002149e-01
2.018388911553611331e-01
2.393030650540786120e-01
2.786861400856120996e-01
2.311656631407200957e-01
4.898353960776535843e-01
4.478082065501539089e-01
2.808907697288573480e-01
7.568365332608273377e-02
1.935250644301730050e-01
2.602388197017491689e-01
3.002034153982958697e-01
3.962738763232487305e-01
6.589055583894422030e-01
2.920360777051534962e-01
4.077506172877939927e-01
3.637214473836931639e-01
2.888724279627215008e-01
4.270321936299594223e-01
2.375002787696544604e-01
5.820227284374157595e-01
