4.805066194463133433e-01
2.445071561615740352e-01
4.710834055981258373e-01
2.342803302583362224e-01
3.000673597397441328e-01
1.151651641578888968e-01
7.111814037597009586e-01
5.182194525203305258e-01
2.259343442885538011e-01
1.931758400553393595e-01
2.841366449073682299e-01
3.377330370937280946e-01
2.939655626334891081e-01
4.456234807544717236e-01
6.116833754076067553e-01
2.434435142001022956e-01
1.693335294084631903e-01
4.870804825256653259e-01
1.498597969298333665e-01
5.224369426127183358e-01
1.446480027481648889e-01
2.219461828774714485e-01
2.702515171455511234e-01
3.062928115580830224e-01
3.425534483905105509e-01
3.135261316584794233e-01
6.016410662936861886e-01
3.972849613993186813e-01
2.593123873034026139e-01
6.022966340366537885e-01
2.285685778218916886e-01
2.418537567536736821e-01
6.246438433680115976e-01
2.694686110117579525e-01
1.845553568390290167e-01
3.724219981017731773e-01
3.952053874379343190e-01
2.778956594484662257e-01
3.395840137354383947e-01
4.184794083966780209e-01
2.495234630989398572e-01
5.806833168896841091e-01
3.422650114696040857e-01
3.973469500737011884e-01
5.421207946743543671e-01
3.075462547395769741e-01
2.710097446811517985e-01
4.113694307758895552e-01
2.351975571200560222e-01
1.597883152526771433e-01
3.926299213055464699e-01
3.095189215922767856e-01
1.921685515059825267e-01
1.746998644489820285e-01
4.043137367219245548e-01
3.048538976742077855e-01
6.345072720401278010e-01
1.923140771156331419e-01
3.439225457414105680e-01
3.420707742211108737e-01
3.560506025965286536e-01
6.115738474585603601e-01
3.313709744549037661e-01
1.953597873574670352e-01
1.953428261053928305e-01
2.842023429586582606e-01
1.498597969298333665e-01
4.383371595677969523e-01
1.971458624595516518e-01
4.667285852871730367e-01
4.441648920145834789e-01
5.902672871646397201e-01
4.123133687815252468e-01
3.216488203407705249e-01
2.634615488548931461e-01
2.605365979289012146e-01
3.982058378635178197e-01
2.348548168299701144e-01
7.383959347099795512e-01
3.615884209359316870e-01
2.869680408894524359e-01
4.122690994721354141e-01
2.674660532168127158e-01
2.864380858881895309e-01
2.410795087406249759e-01
2.927013704915767400e-01
4.569835701187978105e-01
2.226164846814943921e-01
3.989653912945839154e-01
5.345284210554593907e-01
2.698487979507475099e-01
2.631788464050985876e-01
2.166958607094637002e-01
3.511514438780226621e-01
3.366311672762443141e-01
3.748815061717403196e-01
3.044637373027884730e-01
1.936954050053818210e-01
2.510388458225175645e-01
2.225510587590276701e-01
2.049253134628963302e-01
2.468828731117806985e-01
2.753783929395592356e-01
2.782877510846310520e-01
2.293672342111326423e-01
2.786270434152576803e-01
4.037292215576185894e-01
2.466070663036908361e-01
7.582887024471249848e-01
3.691984607998194390e-01
6.120234201960312870e-01
3.125945038053825065e-01
2.443062547532147966e-01
2.222435037458646567e-01
5.507737850351935860e-01
5.824236981466336394e-01
2.544010075752675126e-01
2.479956421363817831e-01
2.954284803415176408e-01
3.046220418033758759e-01
2.227083939168590099e-01
6.233378223542682672e-01
2.558371471031913869e-01
4.768388554725244699e-01
3.392400318734373199e-01
7.170000485702451298e-01
6.212040554777311652e-01
2.205559030080176397e-01
3.614768122973471831e-01
2.627621969106484490e-01
5.826517873696327454e-01
4.255849545745475360e-01
2.316200934640838816e-01
2.921218633274887955e-01
3.445791058262784312e-01
2.831486850878502382e-01
3.310426765326268117e-01
3.000547683504359298e-01
4.587364800324356673e-01
4.842309586585178960e-01
3.867748841584544572e-01
3.517030607827341115e-01
2.294997216990176669e-01
2.296436893870605900e-01
2.144314794781314037e-01
5.235833576580029014e-01
3.633068363714571647e-01
3.176928730692074598e-01
4.948711180233451024e-01
2.823213812031975523e-01
6.446412737903970402e-01
2.432396464801853952e-01
1.847655308985086675e-01
4.422669633629153774e-01
4.427324329125520985e-01
1.862316928426377693e-01
2.546509409713294536e-01
2.052182073260623574e-01
5.000000000000000000e-01
5.894210274765505631e-01
3.862920479992321687e-01
3.276818837813106899e-01
5.809810424168078136e-01
1.373936294867192931e-01
1.989528030831912431e-01
3.744314155100694208e-01
3.236006637864012325e-01
4.474458929625615977e-01
3.334851609476545686e-01
2.364686886201380900e-01
3.933129571164436511e-01
2.038798462845971826e-01
3.470275943698785670e-01
2.144885328828045612e-01
2.589846983424320959e-01
2.130907489312105219e-01
3.426823089202289396e-01
2.959975234668342781e-01
5.802246763602380009e-01
2.669866473156786157e-01
4.207232561101335588e-01
5.189899669246171854e-01
4.452466828198704540e-01
2.020118838352703561e-01
2.987064526170050138e-01
2.434599265966714277e-01
6.084019831133327116e-01
5.277544377639736828e-01
5.378376031756645359e-01
5.183729205460811951e-01
2.806504299614555609e-01
5.347449213421057168e-01
1.600870106171369267e-01
2.985696237342719828e-01
3.017430197482139365e-01
3.101234354567262708e-01
3.495321596838265044e-01
4.569601423689329533e-01
4.598194497563706240e-01
4.699675551685384423e-01
2.106626539846563062e-01
3.689972960330279994e-01
3.057419545569114439e-01
1.697189100876774770e-01
5.000000000000000000e-01
4.126666290502533085e-01
2.546509409713294536e-01
2.432727420881839742e-01
1.644532309901931832e-01
3.282868239086916828e-01
3.547052780417089823e-01
2.428518898356678557e-01
1.521307815819581966e-01
5.428808626460671638e-01
5.244890285918677453e-01
4.227902275247066299e-01
4.717664422166280569e-01
4.033654638642256152e-01
2.383597597908008181e-01
4.803674918413149419e-01
3.593670534235924308e-01
4.910859029423719213e-01
4.368478370922564968e-01
2.566730744571960598e-01
5.000000000000000000e-01
1.731846213783862498e-01
5.000000000000000000e-01
4.194236599563928580e-01
3.986050864564503193e-01
7.918500668079938576e-01
2.810067232775827484e-01
2.438531662736565242e-01
1.150935593484031932e-01
6.277708173668661296e-01
2.258659535355532211e-01
1.610492531574296282e-01
3.287991800331320769e-01
2.570952722609454177e-01
2.336317035100358985e-01
2.880563356052610602e-01
3.433488983505129655e-01
1.185257096215687200e-01
3.663275189691703737e-01
2.258993808103741674e-01
2.444908422599927633e-01
1.378316987043144981e-01
3.170979014606062907e-01
1.638853146270893568e-01
2.258993808103741674e-01
2.599830242869142216e-01
3.101438331253740799e-01
4.591835710959649153e-01
5.182562905669652054e-01
1.724936107440707411e-01
2.436843727367482837e-01
1.941724673203215623e-01
2.806354121515992062e-01
1.787235616879264966e-01
3.587714283512580815e-01
8.823564973446181847e-01
1.866098292039648776e-01
4.355201070217492587e-01
1.521632587339324383e-01
3.183229661838400393e-01
2.117384567187653444e-01
2.965321008558706173e-01
3.779438077170167998e-01
4.377624118637860051e-01
2.953333740603487079e-01
4.285157775063657692e-01
7.596417424153211195e-01
2.091953372594098914e-01
3.520309622378190451e-01
2.570033658553607103e-01
3.465792313171766614e-01
5.093424195289978362e-01
6.866785799763214238e-01
2.377067302400910076e-01
3.120236826086426607e-01
6.062340132403896131e-01
2.319443518402087012e-01
3.031838993254034609e-01
3.811268905580473820e-01
1.378316987043144981e-01
4.376499687689338058e-01
2.327487640567508509e-01
4.410376268279586620e-01
4.192572893567756975e-01
6.287760862942730622e-01
4.643956237602714365e-01
5.882474734233976710e-01
5.495895862575758128e-01
2.113604840786917349e-01
5.918758397011073535e-01
5.733204094827024644e-01
5.562829338671091417e-01
3.903020673115965011e-01
4.540557822824117795e-01
1.536599135828163598e-01
4.289204290503734751e-01
2.424967374321130575e-01
2.424185749272030066e-01
2.432432987147955250e-01
2.424467654399012073e-01
2.424627235178377915e-01
2.419033186450901540e-01
2.424479420830710774e-01
2.374670073821173177e-01
2.424479410377128330e-01
2.419868217505421748e-01
2.424479291498947697e-01
2.403139741346124181e-01
2.183796452806502641e-01
2.424474687762979697e-01
2.424479446869453325e-01
3.874140603779845371e-01
2.424479426713985197e-01
2.424479420626918791e-01
2.424761907024207130e-01
7.641355413361954063e-02
2.370099649702222810e-01
2.424444500619973575e-01
2.424479422203810741e-01
2.370099649702222810e-01
2.446830866058928577e-01
2.596631304251533767e-01
2.431323122125935710e-01
2.401176078450913964e-01
2.475732603627066597e-01
3.563059832408309036e-01
2.424567924819953368e-01
2.821125500385426310e-01
4.095617150656813976e-01
2.424363658088238560e-01
2.424015522666877198e-01
2.430057583995034742e-01
2.604808553117455294e-01
2.425901261644531626e-01
2.427565719346218565e-01
2.424747341941361489e-01
2.424594470301038585e-01
1.660115474636981447e-01
2.423881915533164788e-01
7.641355495611520943e-02
2.439498664145851314e-01
2.423895974699505074e-01
2.424441313729758796e-01
1.397820108448867005e-01
7.964554699172447794e-02
2.424775886219358578e-01
1.795133214720641412e-01
2.424479422050129784e-01
2.424139230130380185e-01
7.641219446571681506e-02
2.437749484752767259e-01
2.375021284072122152e-01
2.424479422086878444e-01
2.423044537677774835e-01
2.433179913398658689e-01
2.427078632342157538e-01
2.602297771880883737e-01
2.424574298512170434e-01
2.458433421968208299e-01
2.429038983470370172e-01
2.356624210266492214e-01
2.424213513165124068e-01
2.423411431571030339e-01
2.424479084074357693e-01
2.420992859237191264e-01
2.875089284721409344e-01
2.515725781543070028e-01
2.424723308382193965e-01
2.461496829279665732e-01
2.426390949247089202e-01
1.218776070277092644e-01
3.449068955039437667e-01
3.835684955681665786e-01
8.634201035328020746e-01
3.797829578942715778e-01
3.778293735617578308e-01
3.770839430429655526e-01
3.769324201778580519e-01
3.778505111555812146e-01
3.867072939238008766e-01
3.777663758492584845e-01
3.775589191019796953e-01
3.855121325210583150e-01
3.769182081983233346e-01
3.684373732906383037e-01
2.664634355540060340e-01
3.778297215908974493e-01
2.336641012747320278e-01
3.557853221439299385e-01
3.778293756795377822e-01
3.778295844457716379e-01
2.280163743826310319e-01
3.682713124607601141e-01
3.776595885214403259e-01
4.242544212321295860e-01
3.754672118868502273e-01
3.301857444356487981e-01
3.778295177451191367e-01
3.772343152931402210e-01
3.319235415814447698e-01
2.657219322018929963e-01
1.186378732311347689e-01
4.032456008151255600e-01
3.881191285819095005e-01
6.990441050762589148e-01
3.881753181391709440e-01
4.713972203049675569e-01
3.778041979744297674e-01
3.782803516891770079e-01
3.780525471200821830e-01
3.778272825685385916e-01
3.717541481779871870e-01
3.877106059124636461e-01
3.778296308718372409e-01
3.774277182331724489e-01
3.769884994258074218e-01
3.777245614521999029e-01
3.711091190991040456e-01
3.753948929352070585e-01
3.741107730797414432e-01
8.634201018117374504e-01
3.834957956692272019e-01
3.776538783977305136e-01
3.778312320363738652e-01
3.901723036586439708e-01
3.101290824690710601e-01
4.661290505837457632e-01
1.472463304706050358e-01
3.111564122687539014e-01
3.777616115655901274e-01
3.778296755320956768e-01
1.411967172069574228e-01
2.745951694153000444e-01
3.985595353374578598e-01
3.740199809472171677e-01
7.374834021279043084e-01
3.816734485472016991e-01
3.782491633405019593e-01
1.376688193490498147e-01
3.778296760039974167e-01
3.746911527380185625e-01
1.314592818545207431e-01
1.662795358380003974e-01
3.767566024766231814e-01
2.353209263682274621e-01
6.780142811219274090e-01
6.780286609296709566e-01
6.355343083726233688e-01
3.571347411137898442e-01
4.450587423247699959e-01
1.599615404431984356e-01
2.932700313913581547e-01
4.448145642336554517e-01
4.301037446304620260e-01
1.581417992574353226e-01
2.677917445013520692e-01
7.577560533473132187e-01
2.783120371171490803e-01
6.779847350651184712e-01
2.744231571075145815e-01
6.675097756481965794e-01
3.167418402544327494e-01
1.860748676405602486e-01
7.577560533473132187e-01
2.517496601190949979e-01
3.158499060931052038e-01
3.002215692066363406e-01
6.001333558110677480e-01
3.594420457165132810e-01
3.088582619228472659e-01
3.161084636686939398e-01
3.132199036952932891e-01
2.786960417528269729e-01
1.268626509474231334e-01
3.277463963291704641e-01
2.172437492960297423e-01
5.335331076601125266e-01
1.983947622944778333e-01
6.780381275278115627e-01
1.072223757875356981e-01
3.373360589351060979e-01
3.932997822525206022e-01
3.462479982211671414e-01
2.508768863114521630e-01
2.689556278236299725e-01
5.259942794396340604e-01
6.329885260387489998e-01
1.722497218557625942e-01
2.345260490011341070e-01
3.835901894888603114e-01
5.785657586225121385e-01
3.442982856869173380e-01
5.382405376949828124e-01
2.447309690853864406e-01
1.757066718492948931e-01
1.881710439127620982e-01
2.755427641013097340e-01
4.348428160664660203e-01
1.984294177960761740e-01
7.135139463478444855e-01
2.338154080896344411e-01
6.445830622182123770e-01
2.749945769179198973e-01
3.866387223110173132e-01
2.944327849720793644e-01
4.785778400914491026e-01
6.390505320899668718e-01
5.853046423947727561e-01
1.968588020277720341e-01
3.180013591209278623e-01
4.905443891486365171e-01
4.690062256785207939e-01
2.824223296834866836e-01
1.362595708580174869e-01
1.279644605793011647e-01
3.078918431491661223e-01
6.780479906218019881e-01
4.616273074189882197e-01
1.714453598457779671e-01
1.488171756428385839e-01
1.704199323335926219e-01
6.099211433534262872e-01
3.370824291776244874e-01
4.384478098659513323e-01
2.854033022264331199e-01
2.701234567428849598e-01
3.331422536577335336e-01
3.425350010193754513e-01
3.043369763164546771e-01
4.261496084377593974e-01
3.403471954696739576e-01
3.462685426163271130e-01
3.508885802109810159e-01
2.777737384059786319e-01
6.619336036404921408e-01
2.744682628094413657e-01
8.005987072887505995e-01
2.770000264732709327e-01
3.444225766075960649e-01
3.813582212623125578e-01
2.659279949947770949e-01
3.495612179396486718e-01
3.533858661978224180e-01
3.359642178635952603e-01
4.542743038543540224e-01
3.358003808244393040e-01
1.853624252166624076e-01
3.152674896429287221e-01
6.561859041089170841e-01
2.741583923680456225e-01
4.100475242688898514e-01
5.199589052399989919e-01
1.697630327534782879e-01
3.469363714720780090e-01
3.351338475849654497e-01
2.820556207075564648e-01
3.428752838322599028e-01
4.060846408257403617e-01
3.425349795518417562e-01
1.676050843500397902e-01
3.552748144315115986e-01
1.711440161139019533e-01
3.391020555118480218e-01
1.711440161139019533e-01
1.643846304083264598e-01
3.842957242723488154e-01
1.707584551696023356e-01
3.433888134897894462e-01
3.410958348172786758e-01
3.472289809073459410e-01
6.530556624771456375e-01
3.279995108479679677e-01
1.701971032013478158e-01
2.152955682431415552e-01
3.364920193020157768e-01
4.378261722266384992e-01
3.422722643095959527e-01
2.104958970392218076e-01
3.425320321207870888e-01
3.426474792949320003e-01
3.029651211226216390e-01
2.081436014002938373e-01
3.425349795844702672e-01
1.894066831866417222e-01
4.586533763039918332e-01
2.976574614225406812e-01
3.452832257826635720e-01
3.422740288633853156e-01
2.588638869338009685e-01
3.308748589434650778e-01
3.513592621088093004e-01
1.658125865883689487e-01
3.329493039714950253e-01
3.139181107605203414e-01
3.297692241527699908e-01
3.058301729978523675e-01
3.075441387808667271e-01
4.488596784728360878e-01
3.348464836136751388e-01
2.931504241440999192e-01
3.992947788279488930e-01
2.984092641744768848e-01
3.575464801394098724e-01
6.013599019684592317e-01
2.935799964224178882e-01
3.349296006070492937e-01
3.639463274174408181e-01
3.098405598427338981e-01
3.222395417189847233e-01
3.083975037027211763e-01
3.099751889100084701e-01
3.476546081535066279e-01
3.072179317964056633e-01
2.963180327982751772e-01
3.694379415333092220e-01
2.971118278211732910e-01
2.981301152591933623e-01
3.949119409546978932e-01
4.083540003393588691e-01
3.457134852692014815e-01
2.879115527762283744e-01
4.421531061434618159e-01
3.326661193568751784e-01
3.101744528513586951e-01
3.080692864516944018e-01
3.954614844901734316e-01
3.030870465160686589e-01
3.195673357938333403e-01
4.007543984164215756e-01
3.371828124708159402e-01
5.283078822454987389e-01
4.894167251184898260e-01
2.905091309903841124e-01
4.515171820815560011e-01
3.086845607033110173e-01
4.212860308385525943e-01
3.616571570455474061e-01
3.029343856520724798e-01
3.283521590954502356e-01
3.621717662031458951e-01
3.468676168402971549e-01
2.990552243480275596e-01
3.137336898223022641e-01
4.320900459040912800e-01
3.185251489153808624e-01
3.278572581383520923e-01
3.123069455869905142e-01
4.189327859064719273e-01
3.218224930778690873e-01
3.884537300227133838e-01
3.345730726506385699e-01
3.673088582664932322e-01
3.178073957314754283e-01
3.744353677965217564e-01
3.330739519009324190e-01
2.994357558551859477e-01
3.311294106709136154e-01
3.099751889100084701e-01
3.602708582913917712e-01
3.182955910194747995e-01
4.411917801453053012e-01
4.405045190730086935e-01
4.075650572187152210e-01
2.971155873098697553e-01
3.378366189676228482e-01
3.287453030223362327e-01
2.857166902691707366e-01
3.462009107520011009e-01
4.382788826675491634e-01
3.175749193589883501e-01
9.959665348234238158e-02
2.581936910522461548e-01
4.038404575368237381e-01
2.905368073238758786e-01
2.334062081752960593e-01
2.659146865229032319e-01
3.057285330074717145e-01
4.112095722199761716e-01
4.353894426887993663e-01
2.357604737441438281e-01
3.506042426799145795e-01
3.431241453723194446e-01
3.873536649246330787e-01
2.892353118245580834e-01
2.308401144974630281e-01
2.484275907795880090e-01
1.968977112071670366e-01
2.808917365247267095e-01
4.012705851538244106e-01
2.043396062532859547e-01
9.578547564476790066e-02
2.355425634146201264e-01
3.884521869079211598e-01
2.717210707861578145e-01
2.540282692904615724e-01
1.979687657821014302e-01
2.554664486718772332e-01
4.556923393850475512e-01
3.720656246814696977e-01
2.034575758709496474e-01
2.302589660260170312e-01
4.185623874805513567e-01
5.000000000000000000e-01
2.221000392060368811e-01
5.396049629234929146e-01
2.596016575290922557e-01
4.336914808760361506e-01
3.769838101180750800e-01
4.775761786004657505e-01
2.168969760314079509e-01
9.578547564476790066e-02
2.441301958342833867e-01
3.982018101541111021e-01
3.375357086669548146e-01
2.370649751030198815e-01
5.000000000000000000e-01
3.601080241229815404e-01
4.302670049691133536e-01
2.787119380463062290e-01
4.146594020061085129e-01
2.549468965858737723e-01
2.044309162951311321e-01
2.489994959161155874e-01
3.207363074163750438e-01
2.670856396185418147e-01
2.365009959374466120e-01
4.052091782706755407e-01
4.695807121942034978e-01
2.923892666332317258e-01
2.038388896412566265e-01
2.789061148588742323e-01
3.018710138334496640e-01
4.038342657297482319e-01
6.312060255310927293e-01
2.769531601224828332e-01
3.949668537025585180e-01
3.596046021395165604e-01
3.927011611560645155e-01
1.926186206086352437e-01
4.607616499401277488e-01
