4.198079593044154456e-01
2.647627655131195024e-01
4.537748735491116681e-01
2.285028193016898912e-01
2.660126280214262784e-01
2.498434505257988991e-01
4.645775454491287149e-01
4.739143089730371572e-01
2.307867144286689098e-01
1.893765851053298421e-01
3.125455491374573014e-01
3.570330302831780656e-01
1.853069132751432313e-01
3.986412639404390279e-01
3.906287854661334435e-01
2.330462273915525351e-01
1.768795237815690702e-01
4.223000467368803745e-01
8.652675634733039689e-02
6.282656249163719453e-01
2.214447270156273684e-01
1.595628121676183342e-01
2.398494354054997446e-01
3.761380952956715484e-01
5.199310613670047321e-01
2.308055592600586348e-01
3.010056091701987513e-01
5.913210394119063906e-01
4.770364159983213614e-01
2.227933183297552966e-01
6.083178508145538066e-01
2.227933183297552966e-01
2.222931296515053279e-01
5.264254824231665575e-01
2.307867144286689098e-01
2.755575360609937574e-01
2.133786653458686622e-01
2.154752159892946717e-01
3.156663770625442456e-01
2.283319377873114508e-01
6.515693480367499291e-01
3.065873900739992108e-01
2.029228420714701275e-01
4.385242101202538323e-01
3.683265733919967033e-01
3.859520740398514338e-01
5.000000000000000000e-01
2.744269064732548502e-01
2.075558859641819520e-01
3.625670324741191997e-01
1.879159959470558250e-01
2.570006464507720856e-01
2.688260644116214904e-01
2.307867144286689098e-01
2.391833993814098114e-01
1.573194425222216863e-01
2.235921919097121624e-01
3.943932903992057315e-01
3.921786114483710728e-01
4.288049526701794845e-01
2.737818048807991733e-01
2.406971961805904336e-01
2.307867144286689098e-01
4.725545616806089977e-01
2.308254163721698005e-01
3.615810449604193733e-01
5.343545375720101243e-01
3.520188719611906381e-01
2.283519182066358622e-01
1.838728034506363906e-01
2.307867144286689098e-01
3.483297517246456421e-01
8.652675634733039689e-02
4.092622630395028605e-01
2.698870024397153622e-01
5.000000000000000000e-01
4.033083809640590212e-01
4.711179029243574012e-01
2.187220461388761084e-01
3.449175641959984495e-01
2.175970242422899104e-01
4.302992200584827565e-01
3.386304113149627426e-01
2.165034990404891280e-01
3.361666604092330424e-01
7.558147188143015116e-01
3.786077825314745904e-01
2.165034990404891280e-01
3.104970537462250491e-01
2.873809894209711779e-01
2.938540566190162018e-01
3.359918784160165206e-01
2.464511887890566688e-01
2.680550621166701841e-01
3.583606885505211670e-01
2.126010213434557372e-01
3.383673286358158672e-01
4.004624033358332169e-01
3.329791820449696793e-01
3.718242004206066542e-01
2.035093407032152468e-01
3.345423968279948590e-01
3.110917290994679174e-01
3.689007603135353031e-01
3.332542741161041988e-01
3.290762217139523993e-01
2.741062401247642000e-01
2.217972763281006454e-01
2.102526662476941754e-01
3.335166975392806488e-01
3.195969684220208440e-01
3.040773001058835745e-01
2.165034990404891280e-01
3.349609855818376225e-01
3.087009186609791511e-01
3.514041095731450515e-01
3.068807300228746371e-01
5.296777720972292158e-01
3.525502850223672380e-01
6.128633442601594261e-01
3.175543122515299688e-01
2.742543724793838900e-01
1.978410231921395313e-01
3.683392899353518657e-01
5.000000000000000000e-01
2.778879365328391082e-01
3.000403117775690687e-01
2.814200318004717594e-01
3.354327779540348109e-01
2.577903539011909273e-01
4.137004624200400493e-01
2.564642948500484021e-01
3.544919751209338887e-01
3.580954730527902141e-01
4.735864135356596116e-01
5.900261992552404688e-01
2.496085014760474063e-01
3.359901981756389655e-01
2.326108990400568566e-01
4.272627963783071081e-01
2.241835113679278568e-01
3.502409676614965939e-01
2.245414754345886887e-01
3.447000803457827001e-01
4.025211513129505203e-01
3.003880659409245424e-01
3.353320117728510463e-01
2.660780913020325822e-01
3.417411133923278777e-01
5.000000000000000000e-01
3.395688008541178360e-01
2.929880867504752739e-01
2.906591429153359551e-01
3.808381175783698280e-01
4.211084138737811733e-01
2.787881930573593570e-01
5.688584436924735144e-01
3.704852686045742027e-01
1.821605478406492784e-01
1.863965672120993788e-01
4.462681445188262930e-01
4.177073807427365559e-01
7.510748077919219279e-01
3.930298774598096623e-01
1.979539317670971077e-01
6.054775206396612042e-01
5.416986302998124669e-01
1.691603837687201684e-01
1.929928624868437192e-01
1.929898637148314833e-01
1.871767740456256601e-01
1.944618394887369650e-01
1.929928624868437192e-01
5.509535553083054760e-01
5.814445541816475327e-01
2.604135287907151652e-01
8.068531736355900597e-01
2.511725095312685174e-01
1.930034052555117119e-01
2.833047162725915724e-01
3.295807073072770654e-01
6.148487934702375757e-01
1.930094615967653249e-01
2.262527428651908423e-01
3.567115548350656140e-01
1.671068280413623430e-01
3.884350443405616415e-01
1.478342072227620818e-01
1.939161982683757224e-01
1.744382484098275787e-01
2.444254707705416085e-01
3.444616866036954717e-01
7.782720102123453776e-01
2.212488110066819780e-01
3.482247346826675138e-01
6.339084115600612801e-01
7.463247194611909441e-01
2.180322628934384388e-01
1.773711336352860601e-01
1.791766730900291316e-01
1.929961432332907845e-01
5.611767034023038558e-01
2.525917484777844835e-01
7.808742667376757929e-01
4.544527617845240952e-01
2.477078706629452232e-01
4.776413358127145625e-01
2.381710516775099595e-01
2.603908270168260319e-01
2.232825062437368002e-01
3.342857451500872434e-01
4.065972602042127182e-01
5.096226930728591231e-01
4.937464496473541464e-01
4.533864057201673625e-01
1.655712738334741418e-01
2.490410413279769419e-01
3.976418410988420415e-01
1.635030190530979421e-01
5.590182969599113427e-01
3.747468039487428793e-01
3.349374194306489749e-01
2.657231642517251524e-01
3.898975239301981088e-01
5.891211423229356647e-01
5.000000000000000000e-01
3.063752301170172276e-01
2.364391530254799922e-01
5.125505739371515324e-01
2.627341979968665364e-01
4.896090613823180782e-01
4.907082283722440930e-01
1.791035586760540421e-01
7.747518178311518788e-01
4.915634488971089011e-01
2.768784422331516670e-01
2.775934569883821701e-01
1.927064201669593801e-01
3.619594891686751525e-01
3.663973741099151860e-01
5.692899320489862580e-01
3.287406193108270425e-01
3.509115896973950544e-01
1.903108484740090589e-01
2.950791526411652987e-01
3.084510594595636923e-01
3.752283980052447121e-01
5.623401990317087318e-01
1.920138369085871710e-01
3.191742917624394438e-01
3.464369655086110833e-01
1.926991798288329172e-01
4.372835002059703990e-01
3.188852034007618186e-01
3.618874379723447388e-01
3.277211236076936762e-01
4.724017061650257476e-01
4.430257272910441135e-01
1.833810957070642345e-01
4.343827396934382690e-01
7.049928772066216265e-01
3.292452238341709303e-01
1.860930843082732322e-01
2.575793956793015482e-01
1.619698348639684871e-01
3.088719826429270898e-01
1.869020300172027083e-01
2.304087971367388965e-01
1.927200492929998510e-01
3.113010670287618131e-01
4.167201050056311140e-01
2.512622929973880037e-01
1.567690237857910784e-01
1.927200492929998510e-01
1.956966270690338461e-01
1.664207982948360254e-01
3.810286287722169374e-01
6.765150410314857421e-01
5.826863342727661710e-01
3.771586248685424581e-01
1.702878394453975208e-01
2.060492929024980435e-01
1.861788764151387499e-01
5.141432909698068210e-01
2.846080239468811168e-01
6.316501380780527031e-01
6.359305402904654736e-01
3.542671840229669744e-01
6.842146639778713402e-01
3.842343385197311556e-01
3.591022856264169949e-01
4.444964220264561172e-01
4.266067368587829756e-01
6.199743277474907277e-01
5.258408008558161928e-01
3.892300793843797568e-01
1.453460903150196049e-01
4.494127170291453699e-01
5.078965097308874022e-01
6.648882683294045082e-01
6.911429274318863225e-01
3.582886516571632818e-01
6.140559853747944441e-01
6.645486685469114141e-01
5.398875242342938696e-01
6.630980663256305085e-01
2.607043208501615417e-01
3.178796661445700833e-01
3.712767949153452096e-01
2.987425687151598619e-01
1.274597882186704056e-01
3.561437153452337023e-01
3.377555830424183725e-01
4.362667249023245986e-01
3.595007901801978156e-01
1.702929871868983647e-01
5.270550150858881455e-01
7.507144386426835014e-01
1.793759678680727221e-01
2.913186647274729202e-01
3.816961667788664192e-01
3.846882588476976395e-01
1.789801752061241646e-01
5.459422667444507882e-01
3.333784675768011740e-01
1.900613265095578430e-01
3.039734043878552505e-01
1.944120548783420388e-01
2.784014703581901840e-01
3.281868062844340850e-01
1.764883479974254932e-01
3.327227773823004942e-01
3.226271596527290897e-01
2.041481633411461605e-01
1.772878874405064142e-01
3.108861452886964027e-01
5.417950799772257575e-01
3.314769522655199863e-01
3.526407134171181679e-01
3.559306945007614242e-01
3.167276554561925250e-01
1.770977939004168278e-01
1.711900629725827960e-01
3.328259286988309307e-01
4.775686581457614377e-01
7.192877039762640701e-01
5.000000000000000000e-01
3.136189086797288028e-01
4.101355188784079897e-01
6.129842037928748821e-01
3.385834716298066205e-01
7.927426174629845779e-01
3.039323131693805746e-01
3.114122631629343552e-01
2.581825989036420910e-01
3.725044108663425613e-01
3.719083991879684747e-01
1.806178475103850378e-01
5.712102509997488697e-01
2.820286276961003757e-01
3.961278142451534756e-01
1.843261842966078257e-01
3.099969197183695679e-01
1.769202958982872831e-01
3.057174265927913304e-01
2.444551807895279372e-01
3.202391917884644390e-01
1.983716400334488983e-01
2.028597370611678330e-01
1.761891552073343026e-01
1.769275510889659619e-01
1.769275510889659619e-01
3.330166267922727297e-01
1.778289617596461036e-01
1.884992731170800906e-01
3.310776057310161336e-01
2.786572603065292641e-01
1.741233648609371853e-01
3.547775400872121843e-01
3.198282284159441047e-01
3.975031795361879117e-01
9.626982046953279637e-01
2.425997986563470654e-01
3.317159780297191385e-01
3.318500012712733427e-01
3.016771113797390158e-01
6.986471235508348032e-01
5.221851726513533354e-01
1.769275510889659619e-01
3.657401236402952893e-01
4.145560699602083288e-01
3.313622724215596338e-01
3.658118219045537467e-01
7.543377289308019762e-01
3.277968791951728633e-01
2.918118306507339610e-01
3.758972411756802967e-01
1.953247813063270222e-01
3.128099194889093493e-01
3.115658639284501485e-01
3.848921458418941288e-01
1.984183378440370349e-01
2.306180530205387824e-01
6.171191549018841815e-01
6.134778087806547209e-01
2.328139067936828288e-01
2.554834694446881938e-01
5.278788679214557744e-01
4.712704066889676913e-01
2.998037343489964868e-01
1.657648488808342035e-01
3.695883324740231179e-01
3.161443982446376921e-01
5.254253868318986553e-01
1.628887501723402242e-01
3.011654078739573470e-01
2.374709061344075223e-01
5.579596514008355879e-01
2.484598027350778948e-01
1.822457039487072883e-01
2.316268767908615522e-01
1.741889997294874814e-01
4.547867982940441700e-01
7.299987056723535872e-01
1.952849545103959028e-01
7.852198911664863834e-01
2.611735291148571392e-01
2.774767418976544220e-01
4.454996573689630202e-01
2.278123069827709679e-01
6.284339203239737159e-01
1.922444576148176765e-01
1.674364917524242269e-01
4.224500205508354700e-01
6.149149339136459336e-01
7.738887172902495504e-01
4.556786619712332453e-01
6.900378568360822085e-01
3.367305339923941654e-01
3.377229779986597458e-01
4.569117689938665405e-01
2.629833807551174019e-01
4.145853605552221599e-01
4.798548013966393300e-01
2.069010173194842095e-01
2.361401052623551267e-01
4.723625931402662959e-01
2.171850875557117533e-01
2.197674140876249849e-01
3.045965770861575050e-01
1.774072605731335517e-01
3.662417265579751002e-01
2.684013071226609148e-01
3.630546855859087541e-01
5.755108515351380349e-01
1.924189078997291802e-01
6.493019309679328721e-01
2.026051442312731543e-01
1.940508829271510860e-01
2.922491222381043419e-01
3.335865857341694385e-01
1.968871118912326190e-01
1.221240410121140346e-01
1.973922384194205237e-01
7.089531182277551968e-01
3.158451134593295850e-01
7.635924435016178125e-01
4.704303484511897504e-01
4.886713014911839847e-01
1.817880766456284602e-01
1.953247813063270222e-01
3.423806202824519751e-01
2.035881461063006326e-01
3.181910962422782596e-01
1.911665275080371429e-01
3.069294955538451886e-01
2.026596342790441541e-01
3.000831696276646809e-01
7.158804116670214324e-01
3.400833250916993067e-01
2.895954748609548268e-01
4.198450620536529621e-01
3.147459549695690306e-01
4.789563617758008651e-01
3.156584422679081792e-01
3.389766029867560260e-01
3.608308814326855463e-01
3.232352556733272264e-01
3.401435989979170182e-01
1.711315771163659794e-01
3.631486531795619643e-01
9.625120920243944722e-01
3.407580848545971874e-01
6.135386518330293582e-01
3.411776198075590627e-01
4.481977076824039119e-01
3.392292691756095824e-01
1.727909352389739583e-01
9.625120920243944722e-01
4.066090565243905552e-01
2.034993187362346412e-01
4.265741199702816067e-01
3.555144819240337317e-01
3.412177096934392861e-01
3.403256533422832630e-01
3.382934715362209133e-01
3.520215430627471886e-01
3.527338104460286394e-01
2.637111164446331868e-01
3.693239690480913939e-01
2.032049224958260847e-01
2.212602233495131465e-01
5.404279644021131590e-01
3.649513493834423694e-01
3.527647028225373016e-01
3.412267996834878470e-01
3.998733647648918255e-01
3.468170020831501388e-01
3.534538709355121711e-01
3.319052095377519884e-01
3.873987212362018373e-01
6.152035296568487688e-01
1.939474918726166175e-01
2.207015660532589407e-01
3.179089721697929694e-01
3.293339439698614868e-01
3.517026124142351717e-01
4.185141516512803084e-01
4.292751399998483430e-01
3.155939429426247167e-01
1.892924727546626273e-01
1.974096664559011893e-01
3.311030639988118973e-01
7.686038566854945797e-01
2.136502488424618651e-01
7.518471077790097601e-01
2.022680036502970402e-01
5.435777951134272978e-01
6.217883791961407169e-01
3.469029811647738604e-01
2.565806789394736165e-01
4.066119892374910338e-01
3.277934065951698672e-01
3.405783056625752425e-01
2.700084166030113364e-01
2.769777729179430104e-01
3.041945914493233705e-01
6.262979972073611235e-01
3.555164185560186763e-01
3.500779786643704594e-01
4.168685595482593542e-01
3.279109382111422000e-01
3.230847286600376789e-01
3.692799876088126432e-01
1.442826626137816981e-01
1.356543751082120997e-01
1.480655286205257160e-01
7.121687633461972755e-01
3.002268859196759454e-01
4.054719311348654043e-01
2.894850468075432226e-01
2.707562843962877386e-01
3.181722478142799404e-01
3.334276331675408156e-01
3.275929978379307772e-01
4.318916981934887156e-01
2.151954921430578871e-01
3.688725550513515805e-01
2.932680731940132679e-01
1.730682920126658531e-01
5.223844004882384207e-01
1.470922384223982970e-01
2.587087715257010978e-01
7.659436511507111689e-01
2.784127194007957606e-01
3.289475796461293067e-01
4.276762759130661729e-01
2.344475692832969083e-01
3.606186552988520089e-01
3.457315922150601684e-01
2.392340057656314467e-01
4.245724865742721565e-01
3.313160424336847876e-01
2.109096924281544383e-01
3.334272585160290014e-01
7.803049087724410748e-01
2.754709180513079114e-01
1.472376625893694613e-01
3.879401886553587309e-01
3.867903116900688332e-01
1.496053333609831948e-01
3.487114140181536981e-01
1.471835897053247466e-01
3.082316829722230866e-01
3.730035746085771931e-01
5.311428422077326683e-01
1.380779287410207889e-01
3.511589079766687660e-01
1.471829812333975418e-01
2.869873762794679650e-01
1.471829812333975418e-01
1.320402643821805277e-01
4.085748009059964603e-01
1.533992060292021786e-01
3.389005634029563785e-01
3.138979666131753166e-01
3.317719597236662432e-01
2.574348232254302649e-01
2.816361903322634475e-01
2.997159470619136235e-01
1.472062344273419587e-01
1.718857885343839098e-01
1.655345444678062439e-01
3.343600418049166301e-01
3.108355800539749914e-01
3.080689925123835105e-01
3.335688027173918657e-01
2.131984295171140409e-01
3.094552539843091199e-01
3.334270545953091358e-01
2.011749383051662232e-01
4.520171205787489321e-01
3.297935273082479579e-01
1.471251966523121624e-01
3.179326642394222358e-01
6.110387383341416845e-01
7.932352511229447956e-01
2.091490429938346329e-01
3.401523647864668765e-01
1.882569437347553776e-01
2.511632434893002475e-01
2.971277062440225158e-01
3.299003248241850206e-01
3.370181453064238775e-01
3.022345948414417727e-01
3.016892182361910479e-01
2.121712085242245804e-01
3.543923207067626313e-01
2.136885342654660791e-01
5.817120821720310753e-01
1.726356875698895066e-01
6.304349735117287246e-01
4.015115155335852171e-01
3.784430242329757665e-01
3.411849224695615579e-01
1.791878686752049754e-01
3.286601424575170127e-01
2.719772731831873736e-01
1.792521692165420233e-01
3.627749895422107684e-01
3.385778614138480469e-01
2.336054704805861915e-01
3.357190749240662186e-01
1.467107988796339801e-01
3.169347183961573888e-01
1.538369572863403090e-01
1.791663607165391026e-01
3.734820489147422928e-01
3.151975440429057862e-01
3.074774923645404168e-01
1.501876499762119510e-01
3.857222805066868876e-01
3.406557392702328491e-01
3.393026746336381128e-01
2.549927337535299876e-01
7.029194478383673506e-01
3.037325085874705288e-01
3.389095487511006310e-01
7.382879155124412174e-01
3.420468350094297283e-01
6.874651324395857355e-01
6.416269634774994790e-01
1.791704764676121664e-01
5.246820137351256852e-01
2.522123035354012499e-01
1.791878686752049754e-01
4.230391125627318560e-01
3.944773546121735364e-01
2.692776965094551000e-01
3.394939952555696694e-01
4.877361261489742694e-01
2.921768317123031311e-01
1.792042296066261864e-01
3.572699427307802766e-01
4.432961899175979492e-01
3.231045474838509790e-01
3.641997092032687178e-01
2.954273032518511255e-01
1.791878686752049754e-01
3.333894330754577640e-01
5.506337074232803275e-01
1.792333232644030827e-01
4.138914784184078988e-01
3.396999366121723485e-01
6.298967275933180510e-01
3.011473370347572120e-01
3.141019123136776781e-01
3.213213054571997795e-01
2.462706757256266366e-01
6.016986857695929558e-01
5.917785951608429684e-01
4.345947061660832000e-01
3.454693233530456431e-01
3.128712292139094742e-01
3.117300053186856656e-01
2.316816525892174683e-01
2.960951561106012764e-01
2.513909692785876171e-01
3.739341362085954468e-01
4.478167011096127470e-01
2.781609345007465262e-01
1.505095020001030459e-01
2.247897918439448195e-01
3.109764458605825399e-01
3.011586110333685506e-01
2.421858116754963819e-01
2.434203197054089773e-01
1.234492180657022070e-01
3.106990334380813068e-01
4.568292296654773432e-01
2.298511089951120745e-01
4.309783116864430164e-01
2.508575066308414425e-01
4.711413948959580766e-01
3.939238230353644954e-01
3.055251835755326550e-01
2.229879471436370109e-01
1.320714702985187894e-01
2.573241904840353200e-01
2.994788409069065738e-01
2.136295173838457795e-01
1.716692710354594531e-01
2.199166548335365901e-01
4.808289875065146490e-01
2.388354815360847205e-01
2.323953285223199772e-01
2.549149987603140377e-01
2.491130508101743468e-01
2.840605447865992561e-01
4.032577579791177258e-01
3.924273372699933482e-01
1.533167766008591837e-01
4.576186870595190248e-01
5.571241303036365000e-01
3.108279515964324502e-01
5.827645028848050801e-01
2.325066879708039824e-01
4.777188952838827829e-01
2.717774481116979057e-01
4.812587842620169587e-01
1.922975025622856438e-01
1.457331681951655744e-01
2.625318270905880880e-01
5.716315165307814805e-01
3.350229508437868597e-01
2.403587697219461417e-01
5.813585104357720246e-01
3.855369971571341314e-01
3.800058061595823489e-01
2.745696392866373570e-01
4.296024974621863723e-01
2.608214516026745589e-01
1.851970730032890533e-01
2.204313318978947944e-01
1.241215194655593823e-01
2.830520781388523033e-01
2.491453712721335423e-01
4.530569363481697365e-01
4.077822105736180758e-01
3.126972296706922450e-01
1.331148956705038300e-01
2.625318270905880880e-01
2.687067071379292682e-01
3.367638389816472455e-01
5.895856880184245918e-01
6.166556707708407137e-01
3.989395380716098671e-01
3.444400171826248469e-01
3.011440149671304467e-01
2.995254219017218777e-01
7.394359105300614132e-01
3.854724049683206366e-01
7.074557021359125786e-01
