2.690381629493255322e-01
5.529356128029149220e-01
5.679312012415103084e-01
2.600114883483564676e-01
3.361961728804209182e-01
4.447306429355197266e-01
3.909498292641093720e-01
2.740574666835189355e-01
2.833627994537271655e-01
2.884643984388163274e-01
2.269140627778729047e-01
2.957052112849352099e-01
5.442711122842872618e-01
2.993315855990281715e-01
1.930959367065101240e-01
4.393665249625585689e-01
5.543096852675417630e-01
1.827082797054309926e-01
6.483394675105089711e-01
3.305160083067794630e-01
2.521362950785678847e-01
2.427754650158011340e-01
4.238060386144132941e-01
2.919851140108200016e-01
2.013330805951641933e-01
3.535833419058445060e-01
3.144079277366885194e-01
3.373604240764511708e-01
4.223569856644283638e-01
3.192558162571664249e-01
3.932292795708604016e-01
2.013261176898085980e-01
2.848841584616198519e-01
3.222087643989062222e-01
3.335873866053475356e-01
2.634969012348935546e-01
3.392016841614367006e-01
3.800588824236326158e-01
3.343559796122290151e-01
3.363183787170440642e-01
3.357228662264779007e-01
2.659913555236769200e-01
3.816011573773121501e-01
3.529246203629541889e-01
2.569126374987486527e-01
3.234388958773677381e-01
3.145038129193125087e-01
3.290244355396985121e-01
3.797856526122593834e-01
2.714164676851193447e-01
2.013261176898085980e-01
2.375231765598664058e-01
2.153243233722743899e-01
2.659817543667200579e-01
2.013686040093173590e-01
3.157422160616360496e-01
3.136882515678652839e-01
3.052780565969854254e-01
2.013686040093173590e-01
2.013261176898085980e-01
3.872407212226989248e-01
2.013593559809956912e-01
3.222266269776829506e-01
3.393157176444203671e-01
3.701117697920127680e-01
3.363727656147092460e-01
2.783008958674463296e-01
2.013261176898085980e-01
2.072975601122930833e-01
1.827082797054309926e-01
3.798629787019285886e-01
3.172942352720530823e-01
6.275632052874930977e-01
2.150111827534668951e-01
3.389148797535709856e-01
3.314471625454761816e-01
3.339151935773046476e-01
3.361865962512174399e-01
3.792905734821078179e-01
3.311249930912189554e-01
2.811935266152545410e-01
2.786164592388584715e-01
3.550421699378869533e-01
3.058137306679613032e-01
2.811935266152545410e-01
3.064385370302497580e-01
5.439826578466336882e-01
3.925648130517140344e-01
2.969626110252887030e-01
2.864715637464911313e-01
3.304006441870287469e-01
3.307544849515771657e-01
3.136882844729558806e-01
3.590012022555381099e-01
3.055085684520858491e-01
3.674655956395025957e-01
2.812534055622534224e-01
3.215388465093665382e-01
3.106933269376498385e-01
3.296741901673012065e-01
3.368217207895572995e-01
3.054314492669533698e-01
2.938824020164482187e-01
2.724585946463685127e-01
2.737421690012830089e-01
3.224465608353870305e-01
3.149348942219627467e-01
3.339331453437106023e-01
2.811935266152545410e-01
2.801159874733594179e-01
4.319534985837590879e-01
3.217706201448435888e-01
2.972585566410496649e-01
3.222905376955061407e-01
3.301221297188843273e-01
3.275821420030576303e-01
3.174375245544061031e-01
2.743356759961546598e-01
2.816919038447699974e-01
3.630812647091329892e-01
4.862363848068667616e-01
3.045446162220006858e-01
3.126259304528956062e-01
3.062159460664183874e-01
2.842756145359999764e-01
3.535937870561401408e-01
3.279935830888348058e-01
3.283125009730000765e-01
3.308699652962973636e-01
3.323076561254895700e-01
3.534516722832562463e-01
3.170170499746478021e-01
3.162797912434949787e-01
3.325677376098434279e-01
2.842166210771481238e-01
3.411392709721665639e-01
3.301905217710596752e-01
3.386895123785826356e-01
3.846310373278134520e-01
2.625729943453121162e-01
3.222932829375191321e-01
3.750762860486057670e-01
3.285231494131928276e-01
3.569015145134020184e-01
3.302765367662994223e-01
3.104943999336580163e-01
3.219320612424143024e-01
2.868213418924992486e-01
2.794175773883838532e-01
3.701867235961320279e-01
3.105613805714805276e-01
3.151740738950025156e-01
4.339947891739064367e-01
3.285823503598166440e-01
3.822471688353855646e-01
3.220227695012092273e-01
3.422726626669489458e-01
3.080997313527918946e-01
3.216266265611412156e-01
2.622844347452943925e-01
3.077069933856932393e-01
3.487721263365684554e-01
3.179914384872519761e-01
3.176651213692450737e-01
2.623815964969833381e-01
2.624035274043874932e-01
2.887495285474529494e-01
2.615780842022175645e-01
2.623815964969833381e-01
2.990089104440140644e-01
4.492675815996284294e-01
3.219794100369630097e-01
5.842112821968460379e-01
3.987773443590525435e-01
2.623500109491427312e-01
3.057672169080011271e-01
3.127513195967465687e-01
9.611672915932141237e-01
2.623782840541728500e-01
2.623323635032664414e-01
3.218742396467562106e-01
2.732361232097265114e-01
2.743267525582884225e-01
3.034241253175946063e-01
2.776549422797945921e-01
3.235821216139213030e-01
3.685012758546888367e-01
2.881497689683176766e-01
2.740638068811667161e-01
4.037873230929229229e-01
3.202771123537085374e-01
3.002873012948998332e-01
2.601413126412644439e-01
3.304309083023189153e-01
3.117369247293030887e-01
9.611672915932141237e-01
3.660320498547113832e-01
4.453151463066946647e-01
3.471011514753972738e-01
2.731492126667955933e-01
3.811055681782837823e-01
3.327234601074230969e-01
2.913747952475862490e-01
3.425558544737137279e-01
5.411243430899087548e-01
3.889108488583287171e-01
3.291029358621032630e-01
4.039217950341028596e-01
3.316670733578439556e-01
3.432667286894148240e-01
3.050664854703159512e-01
3.286523046075162657e-01
2.975580042993319907e-01
3.348657776290698829e-01
3.459639509956102255e-01
3.383278486132013652e-01
3.279283269842912518e-01
3.305341284219118769e-01
3.100391507835015825e-01
3.129118606337825126e-01
3.513918110967728659e-01
3.284048833419959124e-01
3.295981136271596279e-01
4.212516461749149510e-01
3.298090273842433362e-01
3.752958633403198352e-01
3.284656186159493063e-01
2.992032627396937206e-01
4.353836172976451313e-01
3.654082929149337633e-01
3.117621402934763197e-01
3.484006576097405383e-01
3.067889650431745996e-01
2.787176608384582255e-01
2.930813289767140728e-01
2.107930220195495807e-01
2.625156361449436648e-01
4.265918070652907623e-01
4.199302539578095295e-01
3.423523929547259148e-01
3.684556108104882211e-01
6.417631919319589651e-01
2.645513909190996826e-01
2.319542435646446132e-01
3.586572082202578726e-01
4.884239692796236709e-01
2.010611601839784046e-01
2.489182552663435910e-01
3.083999706034453170e-01
2.683067879777307763e-01
3.305621215154994630e-01
2.741743840184825420e-01
3.484681653891126829e-01
2.407286285518595303e-01
2.005523630458002360e-01
3.078066064943707492e-01
3.500653558708217150e-01
1.609474764335924735e-01
3.535587079074233308e-01
1.901576981639428732e-01
2.763178849769112877e-01
1.869262438425968453e-01
2.347767132914684030e-01
2.010749869840160187e-01
3.412121981290483497e-01
3.318173914642564282e-01
3.303917366428613667e-01
2.010577227310849369e-01
2.010749869840160187e-01
2.290094610603093106e-01
3.705271008383966835e-01
8.100805091865578289e-01
2.900027825125388037e-01
3.350319348790688490e-01
3.832973144612932259e-01
3.407150283555059334e-01
2.805928798999429152e-01
3.066843014454239680e-01
3.603167753088019065e-01
2.144733054195511468e-01
2.941016651616694122e-01
4.617599150905594141e-01
6.335622422086099048e-01
3.203397447319113467e-01
3.201343480029208988e-01
2.049507501186103864e-01
3.325986386730063749e-01
3.310312415143254472e-01
3.996216933375367208e-01
3.403283323543251915e-01
3.624741898199188572e-01
2.948187220979868184e-01
4.330082290298807313e-01
3.571963774826845128e-01
5.602980836365365480e-01
3.076136745726564259e-01
3.302014545878692031e-01
2.878449945816042299e-01
5.000000000000000000e-01
4.041689867723989305e-01
6.065236251526867628e-01
3.158820778994704814e-01
3.303702038372480776e-01
3.553406513178865578e-01
3.442398966296441043e-01
3.275848338275207383e-01
3.192463591813256008e-01
2.708425170834785067e-01
3.150967956476320442e-01
3.122383167278853233e-01
3.101537008820916541e-01
2.361920631165855544e-01
9.066454936366460382e-01
2.846995142516969279e-01
3.004314486866713207e-01
3.447613355122856604e-01
3.091102115356132995e-01
2.524736662872954507e-01
3.500366299468557485e-01
3.309072677983544986e-01
2.710731729453231820e-01
3.324992570128071923e-01
3.707127930391173609e-01
3.138700337995200540e-01
2.801404626943881371e-01
2.670778237682296385e-01
3.296023963696265713e-01
3.643242500656426186e-01
3.302595395722766614e-01
2.537507649364962869e-01
2.520692324841977694e-01
3.303220779605247071e-01
3.842076191930250961e-01
3.166004877648534444e-01
3.417399844507489903e-01
6.614369252611845829e-01
2.581557404750116635e-01
6.614369252611845829e-01
3.692799699202783392e-01
5.000000000000000000e-01
8.261217769062393357e-01
3.965901977530968958e-01
2.705531954368255998e-01
7.369415614835117534e-01
4.531908170946527536e-01
7.369415614835117534e-01
3.487246457494815877e-01
3.335009477968541303e-01
3.200858959369958789e-01
4.445010639569207389e-01
3.977063263292601181e-01
3.338980103630661556e-01
8.286688121676309970e-01
3.548938110356309461e-01
2.578991700923223829e-01
2.490888651376659269e-01
3.350102548063269570e-01
2.815206538619499099e-01
2.434217060988529413e-01
2.653379049847062188e-01
3.063178496924865435e-01
2.455944377583077487e-01
2.270391181783310841e-01
2.533776922296971379e-01
2.533776922296971379e-01
3.391295425339632130e-01
2.486825543003634009e-01
2.626605081012923781e-01
3.317761605389147883e-01
3.309768764430071619e-01
2.575667619396646013e-01
3.292325393864762861e-01
2.813623262820061366e-01
2.983363983449817680e-01
3.163332837382577534e-01
4.267968476490817675e-01
3.085869387485101756e-01
2.984575505936012396e-01
9.287140728484489793e-01
3.608337175269066277e-01
3.230793741920252593e-01
3.346666759078275599e-01
3.325426342486256792e-01
3.307843141170802581e-01
3.321663361387346414e-01
2.533776922296971379e-01
3.321093120465926640e-01
9.553788599587673680e-01
3.213208430170501617e-01
3.612952382693895848e-01
7.421036880055027485e-01
2.700443191442004065e-01
3.951067195127417886e-01
3.407176221674521055e-01
4.112241070831985645e-01
2.411963809155502902e-01
3.056591925543191701e-01
4.645574428383497656e-01
3.135049001429836557e-01
2.813146134187115011e-01
4.411744286995717412e-01
3.580484304222520398e-01
2.660562010382815923e-01
5.134178482345169714e-01
2.917391007536740966e-01
2.788636380653587432e-01
1.890438546082360005e-01
5.592847752618226309e-01
2.928784795401892516e-01
6.206513857745871166e-01
3.345530094557221390e-01
1.710454572805715223e-01
5.099961614208181615e-01
1.550338996242250078e-01
1.543566262733815919e-01
5.592847752618226309e-01
2.699875403103858540e-01
5.000000000000000000e-01
4.662107321399529547e-01
2.813560492231284571e-01
4.405239896860382864e-01
2.347622059335947031e-01
6.313805256765773199e-01
2.986734103425118247e-01
2.698060878007591534e-01
5.682177767742278007e-01
2.653316962548171176e-01
2.653316962548171176e-01
4.199264218345389876e-01
3.609370684891190506e-01
2.639762274508725137e-01
2.700391797963271334e-01
3.457430226436117859e-01
6.350836264085106819e-01
5.000000000000000000e-01
2.626695115624818611e-01
2.840087763417770139e-01
2.664622602986774225e-01
2.747784149388783903e-01
2.403318169855967468e-01
3.320391017360635466e-01
1.599647140337629725e-01
6.598858453929332679e-01
2.844165865542735427e-01
3.550386653877276033e-01
3.171497616186629842e-01
6.935018579713111420e-01
5.120469782767556044e-01
2.664590756358576895e-01
6.603790085089594752e-01
2.700673781208268731e-01
5.550970029237266568e-01
7.287358098065982448e-01
2.423203302676014970e-01
1.200569203220500647e-01
1.296780635026005546e-01
2.466260709816537888e-01
4.562519756825189066e-01
5.242285086775377856e-01
5.926672456265903444e-01
6.576624572097925503e-01
5.901060866761028700e-01
2.565709287027581054e-01
2.700443191442004065e-01
6.451562077966553899e-01
1.710454572805715223e-01
2.403318169855967468e-01
2.275898691903465443e-01
3.347098184463290216e-01
2.611874758546041120e-01
3.344389736414084546e-01
5.530939184833124633e-01
3.411034556720606292e-01
3.275323690329389192e-01
3.279999669288018449e-01
3.122632327777071226e-01
7.236188766510469605e-01
2.825698997293717429e-01
2.552328629252548220e-01
3.626990042664117175e-01
2.517239815792747804e-01
2.855540776820129634e-01
2.612048592265504010e-01
2.704503527846541244e-01
4.035081183392348336e-01
3.337777173884580173e-01
5.308288710387987219e-01
3.348926282185702430e-01
4.414047523085997127e-01
3.094418006601496463e-01
2.612048592265504010e-01
4.035081183392348336e-01
3.152198959741302486e-01
3.311675901989599713e-01
3.345643787998259788e-01
3.050313613931711076e-01
3.154055790269051918e-01
2.555360959090556272e-01
2.541252998652879791e-01
3.356746227098660884e-01
7.458215768001759116e-01
3.204373927010781831e-01
3.323694777562524738e-01
2.856100358515418769e-01
2.481184901997985637e-01
4.382597906072789873e-01
3.625428154229480837e-01
3.799193834592188845e-01
8.059474212422241823e-01
2.508977557205809839e-01
3.751142183557318877e-01
2.867225002301902470e-01
3.844724259598065741e-01
3.083089982868186252e-01
3.361728698686837769e-01
3.821924452851571674e-01
2.565144035971494985e-01
2.488312207492984207e-01
3.334397376791900514e-01
2.596218112905245845e-01
2.753037015378175245e-01
3.892375429333130854e-01
4.285152083413820145e-01
2.965370965067521958e-01
2.565144035971494985e-01
2.519660011995057958e-01
2.996015696395442074e-01
8.040712590356109413e-01
4.207368520118716648e-01
3.625428154229480837e-01
2.612048592265504010e-01
4.755054080161680852e-01
3.374299243222599887e-01
3.296016970803619106e-01
3.833673318242995509e-01
3.497982100080013201e-01
3.470806428720570880e-01
3.350480658216604679e-01
2.815012672199988519e-01
3.325451828432395285e-01
3.355185429928732588e-01
3.177148063404121592e-01
2.717881370062543711e-01
3.310882607992207682e-01
4.772965668002385753e-01
3.409734943135919738e-01
2.261747951844085280e-01
1.962541021994150814e-01
1.403362766844154508e-01
1.734391846661175463e-01
2.297298591415711799e-01
6.456893668491002769e-01
2.088761983195164262e-01
4.239882211113985555e-01
2.736668196605359649e-01
1.624744290964391380e-01
2.692819212472380985e-01
3.353067824519168072e-01
4.137762514505674560e-01
1.489382021610416995e-01
2.145224762804064655e-01
2.902277733273011529e-01
3.088614610153397888e-01
2.663376436927782920e-01
2.586984445331024784e-01
3.730237899168971083e-01
2.927688886248819289e-01
1.830924678592822374e-01
2.608969704209845863e-01
1.670536896020554107e-01
1.966208443033528319e-01
3.303788032503638949e-01
5.000000000000000000e-01
2.216463584713041501e-01
1.502390331710543314e-01
6.648630286875584217e-01
1.896745885530885245e-01
2.700321998269802903e-01
3.062261983865590120e-01
2.872172322069603267e-01
2.586664163209655420e-01
3.300574599711476043e-01
2.597920933263822563e-01
2.653718751024294886e-01
2.852198592674057287e-01
1.994348350112143675e-01
1.841672419656204263e-01
2.259742134097983135e-01
2.553724956422410708e-01
3.818867054386501092e-01
2.270256498676611334e-01
2.718649436474859238e-01
2.586700891194650409e-01
4.916136534299703764e-01
2.586700891194650409e-01
1.904351234490129219e-01
2.808236170366317785e-01
2.739966998133269160e-01
2.439858736040147746e-01
2.024505514238763293e-01
1.719183152806601500e-01
6.124041302535755404e-01
4.698708834831384906e-01
2.400769410111786017e-01
2.586585366512836326e-01
2.534422207665467663e-01
2.821596613149023325e-01
2.110554440297987833e-01
3.348632492593914822e-01
2.760761288923342938e-01
7.959199080643547530e-01
2.878341446960158145e-01
4.169849822875837941e-01
7.907559225037779083e-01
3.908093116834560621e-01
1.933249654188146649e-01
1.584751467124377866e-01
1.791451223893330558e-01
4.016846686527998922e-01
3.444151310770223184e-01
3.172099431398646696e-01
5.929155454784176271e-01
6.290818869275842662e-01
4.183117972691172692e-01
3.048975607712332003e-01
4.195819986033401117e-01
2.413032545311366850e-01
4.704072355474892553e-01
2.766330650167870275e-01
2.690500439991066473e-01
1.644061771774560921e-01
5.584327542806418743e-01
3.119340417259634513e-01
2.323713250704049771e-01
3.398305519327545765e-01
2.646729475673330612e-01
4.676782087122759446e-01
3.568342809716246178e-01
2.762593726323925858e-01
3.615697800653087657e-01
2.750794103940594204e-01
3.540402493717446086e-01
3.090584548877798321e-01
2.944726777286907349e-01
2.983288973269038191e-01
3.145418829706388975e-01
2.989838612687090724e-01
2.785201835651626157e-01
1.921869534201220142e-01
2.888045713718426222e-01
1.970034095252008177e-01
2.570700695590815155e-01
4.391472756382658882e-01
3.302601496071414511e-01
2.812722805151054994e-01
1.926790362378170418e-01
4.168168131069359683e-01
4.544219121998801514e-01
2.356185272244989137e-01
2.750586323757796547e-01
5.621557271167605396e-01
2.545230037021105063e-01
2.551080934328968097e-01
5.935200581626294269e-01
2.750754609374752579e-01
5.398527415904748050e-01
6.031625022085989052e-01
2.660236054085127755e-01
5.452355832221047471e-01
3.289645078684495516e-01
2.750794103940594204e-01
2.764479671932523197e-01
5.088529935370144086e-01
2.690031932580195795e-01
2.296560294424176418e-01
3.110474804293467677e-01
2.966823036812799574e-01
2.750068900240183467e-01
3.375197682942130961e-01
4.393896637706218300e-01
3.505690112073640008e-01
3.890446301618579183e-01
3.719904279458255414e-01
4.422219631728900868e-01
2.750794103940594204e-01
2.431351494768720090e-01
3.673292080993003639e-01
2.969679089756548374e-01
3.513423981968132881e-01
2.945840394530067075e-01
3.094882895682507518e-01
3.835638831898531276e-01
3.392280616056789766e-01
1.979934296533294169e-01
3.878675321543910148e-01
2.911755781205311311e-01
5.125436135259913151e-01
6.540399525044722218e-01
5.368201191372160563e-01
3.082025859941789347e-01
2.343234854371482601e-01
2.861168315737883105e-01
3.330387953175741322e-01
3.051946811557728068e-01
3.351510524163959226e-01
3.418192115663857833e-01
3.673269183494404788e-01
3.708645690855214005e-01
2.649522580101838498e-01
3.322133359721224366e-01
2.852573201444504880e-01
2.686673207160930055e-01
2.602170435500182899e-01
3.090303178857688460e-01
3.446428632936585634e-01
3.638445206037337898e-01
2.712168088159310209e-01
3.003022621423210858e-01
3.541543272836439882e-01
3.451760621322187417e-01
3.609487035782747433e-01
3.218139064668696370e-01
2.932166143705035033e-01
3.450897612605441367e-01
2.715455526142424580e-01
2.681498947099444363e-01
2.956394754436477146e-01
2.984161683800956033e-01
2.843560669696887921e-01
3.181023825356933954e-01
3.001726849398675401e-01
2.911230879347614375e-01
4.261112715149241725e-01
3.448535498880563877e-01
3.294051153449235048e-01
3.324825860330065663e-01
3.966395421402320598e-01
2.869606215933208082e-01
2.681180967158993123e-01
3.577333445805705447e-01
3.420359463268857758e-01
3.136262924632106097e-01
3.132345427090683643e-01
2.704633823488920008e-01
2.929286409324754481e-01
4.409722408536525529e-01
3.339514420381937132e-01
2.634770426453051928e-01
3.294051153449235048e-01
4.717094178516588188e-01
9.017099972001038077e-01
3.834568082369660957e-01
2.694512555510883978e-01
5.414538429718900314e-01
4.002021827668328924e-01
4.113133294916605509e-01
2.723824037154519151e-01
4.440908600786059868e-01
3.290409077224753509e-01
3.218256080088847670e-01
2.599672238143562186e-01
3.334108632355697877e-01
2.863954919024367940e-01
2.622485714259992218e-01
3.393032118852900569e-01
3.699233743088360948e-01
3.371652337121410770e-01
3.323982088641624921e-01
3.649485855829077696e-01
3.277889807047275061e-01
3.086831860341131550e-01
7.839091160153800475e-01
3.479616122580789228e-01
3.104310567552552858e-01
6.388804439853817962e-01
3.735960305063540932e-01
2.940420149076003464e-01
2.846021922980613850e-01
3.407852696229190514e-01
4.504621524186174231e-01
