2.619192673217995981e-01
2.592697518814169322e-01
2.618971546591067900e-01
2.257281758322930709e-01
2.598120395157468843e-01
5.347657237201426383e-01
3.321264256275994753e-01
2.619003510851707350e-01
2.283830308563045974e-01
3.950916860908093575e-01
2.791662546575812698e-01
4.011451944061475983e-01
4.472640008396059907e-01
2.484483650350909900e-01
1.667604160169267880e-01
3.554859414046806498e-01
6.373903310931987587e-01
1.567012565858672823e-01
2.643928903484787929e-01
4.472640008396059907e-01
3.685121090028888879e-01
4.856438262326591704e-01
3.288810977698119475e-01
2.704298178763529514e-01
1.778028300009121265e-01
4.870897355602520351e-01
4.019086865709690093e-01
4.063856030371437167e-01
2.619003510851707350e-01
2.129045341146911241e-01
2.619192673217995981e-01
2.619003510851707350e-01
5.270297385576169225e-01
2.591347459183491742e-01
5.090013119236219685e-01
2.445358025735647756e-01
4.843363024382222881e-01
3.695895614683450958e-01
3.392971771196442443e-01
5.504688335384732012e-01
6.604528788106458492e-01
3.530900288911863472e-01
2.487431572155755499e-01
2.678675051255713924e-01
2.619192673217995981e-01
2.619310560644918517e-01
4.184161849001261091e-01
2.619003510851707350e-01
2.810586591366484033e-01
2.032092327941214249e-01
6.027959476100740455e-01
5.270297385576169225e-01
4.718928872747270020e-01
2.815078645989040895e-01
5.000000000000000000e-01
5.270297385576169225e-01
2.619003510851707350e-01
3.651270834437610469e-01
2.618817660104821865e-01
2.619310560644918517e-01
3.968873642280148495e-01
3.499057008885734232e-01
2.630678514800321999e-01
2.530309067646818177e-01
2.619003510851707350e-01
2.051709807788923146e-01
1.567012565858672823e-01
3.214861314416916360e-01
2.619310560644918517e-01
5.544601752045966725e-01
2.175274054367438425e-01
2.618817660104821865e-01
2.486649960187707065e-01
4.114928893811608535e-01
2.648663691249112939e-01
1.850991867843425065e-01
3.448661733603747837e-01
2.153266563674752776e-01
2.152201901192627442e-01
5.427726238920564938e-01
3.008187407123026347e-01
2.153266563674752776e-01
2.152293874595524181e-01
6.199652955447426672e-01
2.152282290698051825e-01
2.527260271894443688e-01
6.092141862703778221e-01
2.152411238795511050e-01
4.477432402909623521e-01
2.152282290698051825e-01
5.500771600323157706e-01
3.311875400159568494e-01
2.152851098604388891e-01
3.280444912634084553e-01
5.764103742124240259e-01
3.645233423159063846e-01
5.493204044468228409e-01
4.511310797249288851e-01
2.247586315408054980e-01
3.273789277675261400e-01
2.843954420209670597e-01
3.078369550996822857e-01
2.152282290698051825e-01
3.282715649386451773e-01
2.153266563674752776e-01
2.152831337025550018e-01
6.258536405811889747e-01
5.222066692178676250e-01
2.278960407425323631e-01
2.152824660055581152e-01
2.261480172914981379e-01
2.153256307637204381e-01
6.258468336757179173e-01
2.152838971103828436e-01
2.694279769020430648e-01
6.258468336757179173e-01
6.258821355346960713e-01
2.152447190310702863e-01
2.153266563674752776e-01
2.340828308732886553e-01
3.483192627921445905e-01
2.376855824209693213e-01
2.153266563674752776e-01
3.431644342521817936e-01
2.162876062813319511e-01
2.152282290698051825e-01
6.260168117194725435e-01
2.152947626989628327e-01
3.986425808534054260e-01
2.152924585733655138e-01
2.152447190310702863e-01
2.152282290698051825e-01
2.123020741322308447e-01
6.168840566756518262e-01
2.267214963264393146e-01
3.232271304687108215e-01
2.153405074924413520e-01
2.979682136298718031e-01
4.029798111932899052e-01
2.989007812011748033e-01
2.610532435864498790e-01
3.399409488798681434e-01
2.152122093248758361e-01
2.152886606022676730e-01
2.969423290232481860e-01
2.513126929397095366e-01
2.244245578594530333e-01
6.259090005140732771e-01
3.825071484516525677e-01
3.138106093962140242e-01
6.177911364270651795e-01
4.543571117297099393e-01
2.217800031895341417e-01
2.640200877873151164e-01
3.096844351516740423e-01
1.821073853827389621e-01
2.416341905693874526e-01
2.640984195042652694e-01
2.641050975736123352e-01
2.543564550641198019e-01
2.639855391506789051e-01
2.640984195042652694e-01
4.394664961502769973e-01
4.255362025703973705e-01
2.639855391506789051e-01
5.316991255591626553e-01
2.452382699232850405e-01
2.629847533798170822e-01
2.400165586875802892e-01
3.039821641853874823e-01
5.316991255591626553e-01
2.641568167639399278e-01
2.639907609278641099e-01
4.659337176054014207e-01
2.640191360227078787e-01
5.566714174642682922e-01
1.057322420507933597e-01
2.640984195042652694e-01
2.446975340646952435e-01
2.407371069052238743e-01
4.248373110950653953e-01
5.316991255591626553e-01
2.285399333198883387e-01
2.639855391506789051e-01
5.727351710723814771e-01
3.444662473818648207e-01
2.576812668108979243e-01
2.611521128573654482e-01
2.389998820446528616e-01
1.765079051815307831e-01
5.316991255591626553e-01
2.373476279391115995e-01
5.316991255591626553e-01
4.600345411450877942e-01
4.907567973753503843e-01
4.302471056837976482e-01
2.409774599264789818e-01
2.614815967333666835e-01
2.744970343284448000e-01
5.566714174642682922e-01
5.584337456356592844e-01
3.193960253521300197e-01
2.640211335729860109e-01
2.098570409706652373e-01
1.697676974338011291e-01
5.953219058003865749e-01
2.428349970619690101e-01
3.016378155128352501e-01
2.519939705754833392e-01
4.483855556689256838e-01
3.984469144625732984e-01
6.006090890243005465e-01
3.455450542549267645e-01
3.436061181487322091e-01
3.490046272406751027e-01
2.860561516378463676e-01
8.251260342542395820e-01
2.568977865795590843e-01
2.640591095995609150e-01
5.322403950730000277e-01
5.473253773518979015e-01
2.723013216091110245e-01
5.547264684024136860e-01
2.388444268607710641e-01
3.360644850773596426e-01
2.415461606593194421e-01
2.189721575765867234e-01
2.526083107516662318e-01
2.474150525329322781e-01
2.759353328586272025e-01
4.284796082781752724e-01
5.260981361162113679e-01
2.248385844059787031e-01
2.353173912002940182e-01
5.150293114119709470e-01
7.807837526682506191e-01
2.756861831172051636e-01
4.724165926382209446e-01
2.907183229729125018e-01
3.594732117913819192e-01
2.731341142322959437e-01
2.536511017888430364e-01
1.552462492883489864e-01
2.775934918674485830e-01
1.617519446473211220e-01
5.509296961820316918e-01
2.741224500199014313e-01
2.375876012062834997e-01
2.364762324273732008e-01
2.716853963074489786e-01
2.769624837383192761e-01
2.334013824633713874e-01
5.297121355459397662e-01
2.755301096495876290e-01
4.156307265786642335e-01
3.533425711149583703e-01
3.299385123920450802e-01
2.756615094179717951e-01
2.773389015441376504e-01
1.752752079892080650e-01
2.755301096495876290e-01
3.465300507375453365e-01
3.101354374708366612e-01
2.473393953948727075e-01
5.210449857478046676e-01
2.769624837383192761e-01
2.760417837424130605e-01
3.368945392843360476e-01
3.081742521736853258e-01
2.587571274456772485e-01
2.778013694469426142e-01
5.509296961820316918e-01
2.769624837383192761e-01
5.640958097996983112e-01
5.509296961820316918e-01
5.509296961820316918e-01
4.761825806234484815e-01
3.632604883724361855e-01
5.901884107957662273e-01
3.189066972884240236e-01
2.756615094179717951e-01
3.587502925308393986e-01
3.442250842811236944e-01
4.203666776222146906e-01
5.150293114119709470e-01
3.199531634904320132e-01
4.027306981514726658e-01
2.681444225521089075e-01
6.666969813279951529e-01
4.012124677363643199e-01
6.671207848861622214e-01
5.509296961820316918e-01
9.592272008631569369e-02
2.676232656309379121e-01
4.087086972346984926e-01
2.604666060566193098e-01
2.228428884681739053e-01
2.620578825968504222e-01
6.958295803669692914e-01
6.521275726793611671e-01
2.670354591546437728e-01
2.492124633063407535e-01
4.773120944227801088e-01
2.531432993806977949e-01
2.332208038772859149e-01
4.185079839279678970e-01
2.619075392731896601e-01
2.623427564408007395e-01
2.623427564408007395e-01
2.621970429760735466e-01
3.444114385194696482e-01
2.625250283151696062e-01
1.276667440289479538e-01
2.479455668652373324e-01
8.680480999431555711e-01
3.774458146819353876e-01
2.627413004176117894e-01
5.531067413656245435e-01
2.622022232258041652e-01
4.091151879817654380e-01
2.897319416169924500e-01
7.819351072648682566e-01
4.303760760629303794e-01
4.446464243392092563e-01
2.479455668652373324e-01
2.834887165691029054e-01
2.045520339479960648e-01
2.155238158570188522e-01
5.318939903103103717e-01
5.542761693249679267e-01
5.967166215319507083e-01
5.184938317017456777e-01
2.540941499471270348e-01
5.967166215319507083e-01
2.620578825968504222e-01
5.967166215319507083e-01
2.617014521098059987e-01
3.228630701308338180e-01
2.623427564408007395e-01
5.967166215319507083e-01
2.612355401656118459e-01
2.616889483186872756e-01
5.531067413656245435e-01
3.063401354265709586e-01
3.301261213696456420e-01
1.433555976228954865e-01
3.035635306187985383e-01
3.145538063574667142e-01
2.484457861755860197e-01
2.623427564408007395e-01
1.433555976228954865e-01
2.379513797023161403e-01
2.623427564408007395e-01
2.623427564408007395e-01
6.659323283234055424e-01
2.618453607186845278e-01
1.736943488090818000e-01
2.718546045404228728e-01
2.798592389923836854e-01
1.622737468516909642e-01
2.870067732566047858e-01
4.915467142147990076e-01
5.184938317017456777e-01
2.887670194117709088e-01
5.967166215319507083e-01
6.153362286975423423e-01
4.515549653369295147e-01
4.202635084006255406e-01
2.292051569928393595e-01
2.620578825968504222e-01
2.994287318830491929e-01
2.155416982288493322e-01
2.528290764176312488e-01
3.686121485653691687e-01
2.154612217637713600e-01
2.154665248622315565e-01
3.475344030006473073e-01
2.154469297538111616e-01
3.323544550768072203e-01
6.717006386722639277e-01
3.197390083536531535e-01
2.816836399947654224e-01
3.803691603911439345e-01
2.154690481181888440e-01
3.306974016299936703e-01
6.718149550195463560e-01
3.371235321505017257e-01
6.717006386722639277e-01
6.717006386722639277e-01
3.109923873796764382e-01
2.164995016349154089e-01
5.625860626681055132e-01
3.356193576147523672e-01
3.460929661783659350e-01
2.154731099190830002e-01
6.717006386722639277e-01
6.717006386722639277e-01
2.931445811628164422e-01
5.487997996790052735e-01
2.155414955286212852e-01
3.119181071816680140e-01
2.155399807397818390e-01
2.130044126159866269e-01
6.717006386722639277e-01
2.154690481181888440e-01
2.225243489949007003e-01
3.703234946421660734e-01
3.559101558115548847e-01
5.561988419888718171e-01
1.974248658448691796e-01
6.718149550195463560e-01
2.765203070456987433e-01
2.155003297817021379e-01
3.353075009891534619e-01
2.338043138561738676e-01
4.501040626181987969e-01
4.030352826714000414e-01
2.581399756779891863e-01
6.718149550195463560e-01
2.373873635902285784e-01
2.155034442023929797e-01
5.659725429777797689e-01
2.164995016349154089e-01
3.712478749439765413e-01
2.154629661796582940e-01
5.321164808793107381e-01
2.413437129484188592e-01
2.584055197888994737e-01
2.154469297538111616e-01
3.998187729696502934e-01
2.155034442023929797e-01
6.717006386722639277e-01
2.154146599812954976e-01
2.154629661796582940e-01
2.941659016113599701e-01
3.976026874083177787e-01
2.155388960948300958e-01
2.155399807397818390e-01
2.154629007356545778e-01
5.873710958587157194e-01
6.717006386722639277e-01
2.488476744299824295e-01
2.154612217637713600e-01
2.154159260298039447e-01
2.155414955286212852e-01
5.074314325746228649e-01
4.653217807558429620e-01
4.608716459040342328e-01
2.942600056304771061e-01
2.719890007818808741e-01
3.142114098045302728e-01
2.943953728274664727e-01
4.133653512499577687e-01
4.060566366114498615e-01
3.042092470487562372e-01
2.920512994444641741e-01
2.915626534126984359e-01
2.981866514489865949e-01
5.094635755148289036e-01
3.779926480385440990e-01
3.277272960832425253e-01
3.449139886503146402e-01
2.940474584253990331e-01
2.775829173374002590e-01
2.387236862033174090e-01
2.909110119878363099e-01
4.194865947239566073e-01
3.427096415556851738e-01
4.218206561105620200e-01
2.958195482869997450e-01
3.220844777299348149e-01
3.035503674744040592e-01
2.387236862033174090e-01
4.194865947239566073e-01
4.152326717089590558e-01
2.945628465620862002e-01
3.111683001835738871e-01
2.945628465620862002e-01
2.922200125105404722e-01
2.944719630890291762e-01
2.945628465620862002e-01
4.760638133211106959e-01
3.128907702739825436e-01
3.507165325706009806e-01
4.915308588323816785e-01
2.943204178864913256e-01
3.595342555786665284e-01
4.469124645121954065e-01
3.924866012381535429e-01
4.537210670840339244e-01
3.013335732594939476e-01
3.853263033013412664e-01
3.284717204963457093e-01
3.807599149137516070e-01
3.595002230587938108e-01
2.828983343567952335e-01
5.759844644485678788e-01
3.145877284024268805e-01
2.965342765412121717e-01
2.937790050260714048e-01
3.302798542971143725e-01
4.391604167872610320e-01
2.944719630890291762e-01
2.938187900825847687e-01
3.145877284024268805e-01
2.866170220487990195e-01
2.937790050260714048e-01
4.194865947239566073e-01
4.444221271278587237e-01
2.387236862033174090e-01
4.360916949143606169e-01
2.944719630890291762e-01
2.915626534126984359e-01
3.154843331579086363e-01
3.108897874366277625e-01
2.963988839333221437e-01
2.705108577146849158e-01
3.833660603563938674e-01
4.194865947239566073e-01
3.196589753682393398e-01
3.012850411089036951e-01
3.197086250589862289e-01
3.681997097998159774e-01
2.969729532870921118e-01
2.100481178031259888e-01
2.228978089432248066e-01
2.978939238391858924e-01
2.811865317858808777e-01
3.478763875755833679e-01
3.006325768459721659e-01
4.258674656428116934e-01
3.019825926363179369e-01
3.320523243594696861e-01
3.850484399537446589e-01
2.915205927868482760e-01
3.813163348982948064e-01
2.334710672570110279e-01
3.315658816499698625e-01
4.517415726549280364e-01
5.272539824504434147e-01
4.035871674293192157e-01
2.870853443977020580e-01
3.016251231026658153e-01
4.161080372991632914e-01
2.819939162252069753e-01
2.789149627398516129e-01
2.384566314236166995e-01
2.456294431476210571e-01
3.160362453471048383e-01
3.320523243594696861e-01
2.913854020865567218e-01
2.680447383291478802e-01
2.913689209686082804e-01
2.915213575178128846e-01
3.640452319500777634e-01
2.913689209686082804e-01
3.113296565906439328e-01
2.915213575178128846e-01
4.333500754934310750e-01
2.913689209686082804e-01
2.822643792439551436e-01
3.081328446723857195e-01
2.911513691757864342e-01
2.915213575178128846e-01
2.977435963541025243e-01
2.927006850706045937e-01
2.502944487021836473e-01
4.119266040317734467e-01
2.913053744496910125e-01
5.157374483286163436e-01
2.913053744496910125e-01
2.248864877063160572e-01
2.954222241941439897e-01
5.000000000000000000e-01
3.061701691552020099e-01
3.520982086000578604e-01
2.913409718967426287e-01
2.915213575178128846e-01
2.913689209686082804e-01
2.913177531611379489e-01
2.913058271308231473e-01
2.575793550737230930e-01
4.258674656428116934e-01
2.913053744496910125e-01
4.265015271276852982e-01
2.913297602330564562e-01
3.009967488601740238e-01
3.092335738177282023e-01
4.517415726549280364e-01
4.933285720359942284e-01
3.152832059705590884e-01
2.913689209686082804e-01
2.913689209686082804e-01
2.763305789710147065e-01
2.508489309191725414e-01
1.790480434408315280e-01
2.628322856941514574e-01
2.627291057848552547e-01
3.453252027771880339e-01
2.535566737025249373e-01
2.402715466922931697e-01
1.872437920805397338e-01
3.022935813004031802e-01
2.025127226446791773e-01
4.567250302869221290e-01
2.335653238942450860e-01
3.914118295609643194e-01
2.469340813066667750e-01
6.328960315612560672e-01
2.453237715859739598e-01
2.628315771755002639e-01
2.627808287654712638e-01
2.627973418243036430e-01
5.467516665919865959e-01
1.647003380177129161e-01
2.627876144274419734e-01
2.627808287654712638e-01
2.646680198639740356e-01
3.575160092485689112e-01
2.628028392190481788e-01
1.864965351040801522e-01
2.817204303121269016e-01
1.790480434408315280e-01
2.627808287654712638e-01
5.941421997673430599e-01
5.291545653581458675e-01
2.627808287654712638e-01
1.790480434408315280e-01
6.047861019179938680e-01
2.497541926514829924e-01
2.628028392190481788e-01
3.227115891309575435e-01
2.628315771755002639e-01
5.323778948541734168e-01
2.627992004033423146e-01
5.467516665919865959e-01
3.290374882022562009e-01
2.627843719008163825e-01
4.104330600482659630e-01
2.743547397399150323e-01
2.627808287654712638e-01
2.976443070080450060e-01
4.703404618949810767e-01
2.647421985305061232e-01
2.868133354021917270e-01
3.433207305883763660e-01
2.628322856941514574e-01
2.131811295220424340e-01
3.854406588211967133e-01
3.802848454465320716e-01
4.897558843378709836e-01
5.292999003604762498e-01
2.627808287654712638e-01
2.627291057848552547e-01
2.767583504189337074e-01
2.627829127703685819e-01
2.581067879802977361e-01
2.776621250936484042e-01
6.298098868432372432e-01
2.851440262284346550e-01
5.709239868061256606e-01
3.314334520284489827e-01
3.508843470343362414e-01
6.328960315612560672e-01
6.318917531084693451e-01
5.467516665919865959e-01
2.952549795870342830e-01
4.155517524150167952e-01
3.634491458265832753e-01
2.063192644181034430e-01
5.082243752955509786e-01
3.479347024166848934e-01
6.366083340045001204e-01
2.690453265747158040e-01
2.685040417670073731e-01
2.701138031547639096e-01
2.314304483693213066e-01
2.375240731670716643e-01
2.688517323975054274e-01
2.943098634012429327e-01
2.302304832526128053e-01
5.814980941656745506e-01
2.083208410970989188e-01
2.685040417670073731e-01
3.834756106492958061e-01
5.765894618550517770e-01
4.712307798474109632e-01
3.135504800545705351e-01
2.894150173548042382e-01
2.894150173548042382e-01
2.734940165383858424e-01
2.163116132812095693e-01
2.375480368497851491e-01
3.627741535034199050e-01
3.717891387253042246e-01
2.685040417670073731e-01
5.728736462191614809e-01
4.112516395244944500e-01
2.526256992851160232e-01
3.585529018409184809e-01
6.099813871280612698e-01
2.186110944147713342e-01
4.120107933306434433e-01
5.728736462191614809e-01
3.783144676112908944e-01
3.812140613269419664e-01
2.685040417670073731e-01
3.391835644560990404e-01
6.987205847057347263e-01
2.623948051090281841e-01
2.526256992851160232e-01
5.728736462191614809e-01
7.036075623979471949e-01
5.256942239836379649e-01
2.015588133599304499e-01
7.395772009757413112e-01
5.634458760007703404e-01
2.996397114936348860e-01
2.623948051090281841e-01
6.910518136651624399e-01
2.083809204255342717e-01
3.500146216597245785e-01
2.688517323975054274e-01
3.019232264627662032e-01
2.094318273924195561e-01
2.934570761895234914e-01
3.647914635120032001e-01
4.942996409307987560e-01
2.701138031547639096e-01
4.026326690637592187e-01
5.728736462191614809e-01
5.107774174101931131e-01
2.474759582903497956e-01
5.728736462191614809e-01
4.401598531737584974e-01
4.452653892707618133e-01
5.686855658323008988e-01
3.284302886991316006e-01
2.555528592811766586e-01
2.608853206893342325e-01
5.753078957019231998e-01
