3.092427281110997073e-01
5.376055685156647668e-01
2.599066579944518951e-01
3.501111811953590558e-01
4.347822450375798953e-01
3.752659773569780310e-01
2.695642913609507252e-01
2.695062518649627425e-01
3.460211095631657852e-01
2.280478009423239083e-01
3.425877594146983229e-01
5.890814305875928802e-01
3.395643998276947073e-01
2.695144483218714915e-01
3.527830641454848815e-01
3.776867516846922901e-01
2.695494619531397240e-01
5.376908215658652290e-01
3.341396620058330602e-01
2.676525799729385091e-01
4.166005446204410489e-01
3.490346758840472963e-01
2.695502546664904631e-01
2.735988931438865235e-01
2.695168717940691350e-01
3.553588478180427224e-01
3.512258732780647041e-01
5.376701360303856037e-01
2.695138973177785280e-01
3.540725401868748401e-01
3.515870432871270324e-01
2.695643713966834332e-01
3.592067104941626399e-01
5.376766923700690981e-01
3.512879758368542826e-01
3.330376869943784679e-01
3.527998323341459130e-01
3.303609055863392929e-01
2.694553631239706704e-01
3.873796817006853743e-01
3.145461692811514220e-01
4.856706639580499196e-01
3.364781855755899498e-01
3.388146286970770693e-01
6.123191997972518008e-01
2.694938817763007921e-01
2.695062518649627425e-01
2.694593109449019419e-01
2.694546774363520414e-01
2.949291846293000674e-01
3.778627403063992696e-01
3.622179465180627167e-01
2.694546774363520414e-01
5.376256509194251576e-01
3.518761537735214939e-01
3.537208948388589347e-01
3.586525329016230224e-01
3.507990113392989717e-01
2.694971507711893532e-01
2.695106148490926112e-01
2.695494619531397240e-01
3.812789396470228076e-01
2.695062518649627425e-01
3.804227780328717223e-01
2.695168717940691350e-01
3.046117563217208279e-01
2.695168717940691350e-01
3.507315640809994806e-01
3.507318770522773743e-01
3.566427844481152021e-01
3.507376905630248398e-01
2.536458183341659400e-01
3.507312038853425684e-01
3.622517786254531025e-01
3.507183620468752872e-01
3.154795110446758089e-01
2.575121471756098290e-01
3.483123962348956271e-01
3.507263464858222379e-01
3.510184903512718613e-01
3.508880293856025401e-01
5.584364652394989692e-01
3.507312050594749153e-01
2.575057816400341815e-01
2.575495155220284271e-01
2.575368303209764065e-01
2.559131969565756060e-01
2.575005351241237417e-01
2.575234819541096787e-01
2.575368303209764065e-01
2.582735082275109950e-01
2.575219487531744678e-01
2.979232358062730568e-01
3.507330788737670346e-01
2.575234819541096787e-01
4.082471902098542826e-01
3.113899063515184196e-01
3.403901905838679354e-01
2.614316482188842050e-01
3.504771472983954084e-01
2.575394135276099505e-01
3.508497308450897467e-01
2.727185466857980911e-01
2.945857304238731489e-01
3.488172459081463339e-01
5.000000000000000000e-01
3.217839093661037930e-01
3.440237988082402998e-01
3.472830451085960890e-01
2.575526639837872889e-01
3.509474975951216158e-01
3.507309455496461781e-01
3.507312038780581731e-01
3.510716510319155104e-01
3.507312038853427905e-01
3.484132609290908067e-01
3.507862889407785678e-01
3.507312033559624176e-01
3.505975765757443074e-01
4.557629884306325097e-01
3.507312038846362445e-01
3.507311928548899616e-01
4.082471902098542826e-01
3.507314850982861665e-01
4.007520620761428898e-01
3.507310410097915776e-01
3.168154037320835559e-01
3.369883885246705013e-01
2.647901937071334699e-01
2.574728197144240949e-01
3.557566071061702973e-01
6.277402737607731265e-01
3.505079506320421534e-01
5.374117428293970766e-01
2.556992404492960946e-01
2.908410988072548387e-01
2.362277095581135633e-01
2.806280399795684777e-01
3.632076517848575326e-01
3.297280128664025756e-01
2.458937924291180743e-01
2.400391439059818832e-01
2.653084949229038703e-01
3.311263929122474359e-01
4.181537826160173221e-01
4.724244137250469544e-01
2.441774292162994242e-01
2.494861422510234183e-01
2.459867976812271373e-01
6.478533007899112128e-01
2.431143164048251148e-01
2.459484797082410468e-01
4.449455876202654259e-01
2.436104670580897802e-01
3.873730948991347955e-01
2.459751284346977651e-01
2.677035212624395144e-01
2.459062788856329895e-01
2.679076833901521404e-01
3.402010287848909464e-01
3.773847440537235753e-01
3.232563895452911784e-01
6.471155432697736076e-01
6.478579807868467544e-01
2.527831575083786531e-01
2.414455000877842872e-01
3.368469329920152355e-01
2.607597622164334328e-01
6.478533007899112128e-01
4.370768021112134694e-01
4.065330788325086653e-01
3.758156541370887838e-01
2.458982058921082015e-01
4.756942034957804544e-01
2.450869469724267780e-01
2.974695957442937688e-01
2.796097040713892423e-01
6.480039269002463298e-01
3.781415411193900789e-01
2.801759447784200052e-01
2.448804886572982231e-01
5.389043544940796959e-01
2.627492709208790189e-01
3.425830648697620884e-01
3.746056329879214331e-01
2.436410729536790665e-01
4.420021854465638333e-01
3.542656035726920449e-01
2.458937924291180743e-01
3.178598029692423776e-01
3.876461318779066967e-01
2.781725539201239106e-01
2.625871982967836193e-01
2.741485050979065585e-01
3.404159476676588691e-01
3.311900786022027865e-01
4.126996433947318632e-01
5.416317431533103077e-01
2.832509286823045036e-01
2.350138336476972345e-01
2.505030476177521059e-01
4.560322880643636334e-01
3.909066674072923520e-01
2.417867474523447135e-01
3.475868318093622844e-01
3.368489168564879344e-01
4.827651731264129831e-01
5.312739298283498668e-01
2.801682430077213071e-01
2.954654733567320113e-01
2.417896174911704776e-01
2.417497339428803516e-01
2.410996083086833219e-01
3.315132312627619426e-01
3.408284392387955775e-01
2.420649288843791380e-01
2.417588390965291212e-01
2.675485650487184897e-01
3.426749948418950642e-01
2.417593399263303078e-01
2.417988193809026409e-01
2.893013089444088082e-01
2.658848440223565146e-01
2.417593399263303078e-01
4.673758307353167996e-01
5.679170043884794739e-01
2.417208444159381076e-01
3.374454765983895821e-01
3.445162783880292845e-01
2.418113706197391466e-01
2.417104539432443910e-01
3.214625265350656846e-01
2.416947393019832635e-01
7.306159968015863981e-01
3.191193097784821298e-01
1.864660556842112071e-01
3.405014589690401050e-01
3.377539867783835859e-01
2.953329836435625300e-01
2.265513380064689275e-01
2.417965177346412808e-01
3.848025151626257578e-01
2.417511302506898385e-01
4.593370594540826524e-01
3.389376921671031773e-01
2.428672952398037155e-01
3.952996452927447502e-01
4.295895898148640035e-01
2.627552904130755485e-01
2.417502320456061671e-01
3.316040158098674251e-01
2.496066918081146779e-01
3.539008805955478065e-01
5.067637819989366799e-01
3.197071432614666531e-01
2.417308308441843134e-01
2.582855247759378026e-01
2.417308308441843134e-01
3.158183687731615508e-01
5.194519004676276808e-01
2.390400713228584550e-01
2.417593399263303078e-01
3.549654328332791930e-01
5.678814550218345136e-01
3.472615879910419534e-01
3.466047868412851507e-01
2.955359206305465669e-01
3.446847965274640324e-01
2.612629233177461430e-01
3.492773636130516168e-01
2.965338515469403413e-01
2.689878241925515723e-01
3.491896415823630417e-01
2.530651286922421805e-01
3.526801243592811996e-01
2.612430172519094596e-01
3.491212394768513638e-01
3.488152509943439061e-01
3.201864960219623635e-01
2.612584296346339152e-01
3.392812289563346129e-01
3.383373919618552494e-01
2.612352326640241529e-01
4.178971489837310371e-01
3.444155116426549368e-01
2.612013544529597775e-01
5.537126258889030206e-01
2.612629233177461430e-01
5.537126258889030206e-01
4.157245954200547988e-01
3.681770387968754110e-01
5.537588266602376796e-01
2.034504163417162059e-01
6.455754173512591176e-01
5.537469324967757567e-01
5.537827722694660393e-01
5.537469324967757567e-01
5.537193498299090022e-01
3.489407538245613005e-01
3.489854587548839593e-01
3.318153317041819261e-01
6.987654644500824741e-01
3.492846705928979723e-01
4.562143828662329481e-01
3.430875372243439858e-01
3.082505894508113520e-01
2.612430172519094596e-01
2.612238912297160653e-01
2.728949895006938520e-01
5.101928601889230697e-01
2.612060929791436004e-01
2.461229565764549987e-01
2.614355893281515297e-01
3.451730545557889496e-01
2.612701573116376630e-01
3.594088175498696414e-01
2.612044443064401866e-01
3.133802312649311417e-01
4.411132106252448337e-01
4.047131956569946509e-01
3.135578812970100104e-01
3.476614752997877478e-01
5.537390515610968178e-01
3.415301942188073703e-01
2.612289551732883131e-01
5.349664572181924704e-01
2.612191234723043598e-01
5.439794976352192446e-01
3.437888682475339630e-01
3.492039077009197467e-01
3.612665112486114216e-01
3.488218319875069362e-01
3.491783884717453712e-01
5.624622805856808183e-01
3.579069626810004179e-01
4.214488554360273920e-01
3.579061838386923822e-01
3.577303578894860947e-01
5.876969698285361421e-01
3.578879757136230189e-01
3.584099402703521675e-01
3.299741786661553600e-01
5.877155747887973236e-01
2.435080774549563398e-01
4.455927754017225406e-01
3.579066207116443632e-01
3.575962708650783917e-01
3.510475796172052299e-01
2.633537898329363913e-01
3.579082047654714716e-01
2.434569772599155246e-01
3.579028943370551330e-01
5.738023513543605292e-01
3.578391432059637722e-01
3.579069593130581040e-01
3.152149229244764483e-01
3.577829334852015708e-01
5.876969698285361421e-01
3.577835297452864882e-01
2.363398256934938768e-01
2.698002215526846825e-01
2.698002215526846825e-01
2.698002215526846825e-01
3.585680925807029906e-01
3.579063326520726673e-01
2.434724363816444803e-01
5.877155747887973236e-01
2.762001809392305440e-01
2.434768565533041718e-01
5.877023999251986819e-01
1.721495223424226173e-01
2.435076417544507210e-01
2.435487692167430107e-01
3.617706751847967195e-01
3.579061838386923822e-01
3.168928016839109296e-01
4.296664656507335756e-01
5.877003764234081107e-01
3.578934671720979677e-01
3.499030603261221728e-01
5.876901103629909029e-01
3.604076820085586053e-01
2.727015559356359975e-01
5.877149792636444658e-01
2.434543743954150352e-01
3.579069627105031515e-01
3.579069627091168715e-01
3.231255310743301745e-01
2.435449060638657237e-01
3.442119488222245560e-01
5.513373165139541232e-01
2.830048254198958557e-01
5.878040928222365569e-01
2.868288146101524161e-01
2.435080774549563398e-01
5.876580583682997627e-01
3.617706751847967195e-01
2.435449060638657237e-01
2.821011770884717662e-01
5.655542806588763627e-01
3.464533369011286168e-01
4.118375383795875866e-01
5.654865434383833378e-01
5.654884877207608795e-01
3.678812089465052781e-01
3.455194780702954827e-01
5.554124257945290966e-01
2.558020670283374098e-01
3.186491813207624757e-01
5.654786858716309705e-01
3.952308015956279563e-01
2.523443985343170604e-01
2.957907463257490877e-01
5.654952660675675036e-01
3.199695689041040514e-01
5.654878758073420553e-01
7.576868730368838678e-01
2.523443985343170604e-01
5.654952660675675036e-01
3.223021970498886613e-01
5.655145818358198184e-01
3.147191322655453760e-01
3.359820211660589639e-01
3.177863948876734068e-01
3.011117273803816108e-01
2.350016273586950366e-01
4.156064718120696666e-01
2.477119873803540762e-01
3.510869120895517281e-01
5.655542806588763627e-01
2.522764500841480628e-01
2.298529637200031339e-01
8.221754567114439860e-01
2.523829820733748952e-01
3.416969699129766003e-01
3.450739041604354851e-01
2.580532717982216284e-01
3.427698447475780452e-01
2.183361996928593618e-01
2.823923728541941625e-01
4.742086851762549737e-01
3.380104842181317348e-01
2.580532717982216284e-01
2.523198102941418552e-01
5.623995466920860276e-01
3.874777650040589494e-01
2.523044478425677806e-01
5.655542806588763627e-01
2.523443985343170604e-01
5.654449425881853397e-01
5.654631642322963669e-01
3.520916201121480626e-01
3.465905080860930965e-01
2.404163506178531029e-01
2.522943024198757156e-01
3.536735630850004197e-01
2.630923234508370512e-01
5.655542806588763627e-01
3.293815275342181215e-01
2.523608377247978374e-01
2.523734539672671251e-01
3.418486094573605083e-01
5.654758997171582813e-01
3.476646877422834292e-01
2.523208298625603252e-01
2.655008096113249949e-01
3.515449939593122131e-01
5.962075528695288673e-01
2.655312044325686682e-01
3.024456092104024219e-01
3.646801415679417624e-01
3.492217609592943028e-01
2.946539474591392538e-01
2.655091659370667490e-01
3.492258410400772006e-01
3.492574601995220296e-01
2.650622905941098506e-01
2.413173308563835995e-01
3.493818833950828040e-01
5.436952263577862210e-01
3.426612574636226372e-01
3.491695283566375596e-01
2.655091659370667490e-01
3.493451184555855238e-01
5.173828381078026117e-01
2.655535291362479677e-01
5.961750733464062924e-01
3.200839972355045138e-01
2.706944484095201719e-01
2.654977120066525087e-01
2.782692951595036601e-01
4.196712071622516471e-01
3.067850322307734134e-01
2.400450628275381248e-01
2.655468441740751473e-01
3.478162196528252759e-01
2.832243152122340124e-01
3.032866545550475523e-01
5.000000000000000000e-01
3.493934150500929148e-01
2.655008096113249949e-01
3.048985807544108972e-01
2.655570258756949631e-01
2.655570258756949631e-01
3.196251689400721463e-01
5.460867840436653964e-01
2.655221673845438168e-01
3.493099047241169375e-01
3.495619494313537690e-01
5.962411938980780590e-01
2.654691906785500155e-01
2.727017565551914657e-01
2.737577387314770183e-01
3.493678394750321381e-01
2.649835463609504504e-01
2.661717499756277583e-01
3.493601896677042129e-01
2.655640241728866036e-01
3.435291005750135129e-01
3.021388886372254889e-01
2.655008096113249949e-01
3.523407744184947621e-01
3.942361788870938910e-01
4.168121816209781061e-01
3.395003214869120600e-01
3.493837566078975554e-01
5.117574037516909868e-01
3.883328748279480380e-01
2.654918299517320390e-01
2.725455732324505997e-01
3.090007676805183734e-01
3.586097616544028921e-01
6.455614526515024432e-01
3.481208174020944957e-01
3.586112303246959954e-01
3.586089059153155789e-01
2.236078320303094003e-01
3.585710296398950114e-01
3.586102755347578275e-01
6.455598929625955273e-01
2.219179590771947763e-01
3.589930926551852530e-01
3.369951903601062781e-01
3.586105267671870211e-01
3.585096815929674774e-01
4.074682725064722733e-01
3.592108143827675293e-01
2.219743982938297000e-01
2.219743982938297000e-01
2.218867557605723184e-01
3.586105259397397993e-01
1.357038159198076799e-01
2.219152486466692276e-01
2.219187510699839883e-01
2.671262081768198682e-01
3.109426546737865116e-01
2.219299700174679202e-01
6.455682058315536098e-01
3.228482366437470108e-01
3.586096204630662143e-01
3.586105825334315877e-01
4.723911097448968976e-01
3.586106789521518734e-01
2.219792077237869310e-01
3.647346724190744793e-01
4.813017674958512404e-01
6.455336056677307699e-01
2.219055612759441576e-01
3.586101893476800750e-01
4.441162768708963871e-01
4.560100070198102595e-01
3.660499017834722424e-01
2.219811885863275103e-01
3.586105266719320506e-01
3.586150225725670548e-01
3.359441680707427325e-01
3.627884794662843415e-01
3.585826994117106703e-01
3.781669184827058938e-01
6.116981853673865155e-01
3.586105330654918433e-01
3.586129625768754159e-01
2.219630054346142523e-01
7.975452983220558956e-01
2.219305253098493858e-01
3.585773957904281328e-01
4.074682725064722733e-01
2.218833461623449521e-01
2.329494529768450506e-01
3.591571920969006126e-01
2.219305253098493858e-01
4.785565738486001197e-01
2.218856232449538113e-01
2.758401194188964123e-01
3.095581879161514727e-01
3.940309742304421992e-01
3.584940290901434956e-01
3.074430753914138559e-01
4.199840292373450690e-01
3.138910024530937593e-01
2.761933333864204920e-01
3.908336124392485234e-01
3.054439062735027632e-01
2.761548576850099690e-01
2.761820422258193797e-01
3.520062417896933638e-01
2.761927844257854869e-01
5.204583653898752216e-01
2.830949320769001187e-01
3.555379198128436058e-01
2.761486127013862424e-01
3.489795693900021867e-01
2.761884428697930494e-01
5.266071871515705105e-01
2.761891647857280252e-01
5.266526582180637295e-01
4.947874236776015344e-01
5.266526582180637295e-01
3.011987973437679766e-01
2.761694977362811887e-01
3.658817761074389940e-01
3.687256216124691344e-01
2.763284078322317261e-01
4.100763974200836159e-01
3.286888710890282783e-01
2.761870758777436596e-01
3.668464405426184460e-01
3.489534660636556263e-01
3.305578888695251405e-01
5.266526582180637295e-01
2.762248812826377797e-01
2.761825825069827434e-01
3.737341797971873159e-01
3.533127684006717728e-01
2.702435475918963936e-01
5.266526582180637295e-01
5.265574448666078267e-01
5.266022787339265099e-01
2.761756390427446139e-01
5.266527559060980579e-01
3.862352357515997370e-01
4.450550275175225168e-01
2.761601494043944838e-01
5.266526582180637295e-01
3.474065346263928711e-01
2.613258863319456449e-01
2.761589973537852405e-01
3.187251823634161818e-01
2.761535047932949793e-01
5.344424997946617406e-01
4.158719554404471386e-01
3.529866035030156390e-01
2.762167992508670622e-01
3.587130746037993090e-01
2.627630471767126719e-01
2.762239900121317149e-01
3.601883134561588151e-01
2.797017191093533195e-01
5.659526068698185197e-01
3.682545920766649439e-01
4.743296766905991113e-01
3.547378504800793864e-01
5.265771681038993179e-01
