7.088988980126964545e-01
4.723692452259053987e-01
6.048649948123386855e-01
6.396655017794334874e-01
6.244991648870837908e-01
6.202619904417452368e-01
7.042993966674714335e-01
5.644467137143243107e-01
7.330810978158519564e-01
6.130437379389149788e-01
6.012634964219344402e-01
5.575830927027008999e-01
5.000000000000000000e-01
6.232626615231813272e-01
6.577283442132598745e-01
6.241731183609563471e-01
6.050602996352740792e-01
7.212833811711317766e-01
6.798634594524709529e-01
7.343522952097898404e-01
6.248484022119439318e-01
5.824898685565889078e-01
5.897209030539227737e-01
5.750516771451118503e-01
5.855954920675432440e-01
6.580659753551639790e-01
7.557028293701280042e-01
6.493171748247825725e-01
7.267249922898603165e-01
5.969937869641265271e-01
6.180773043426907032e-01
6.364410730589967757e-01
5.626392299130611452e-01
5.367617748037841752e-01
7.140329623461064701e-01
6.472251250210563356e-01
6.007395799885725252e-01
7.036598566318231773e-01
6.544504575895072618e-01
6.506096132954202194e-01
7.266887705042776036e-01
7.122992900157105733e-01
6.290357952982255085e-01
6.455764905255454433e-01
4.455380549903844578e-01
5.000000000000000000e-01
5.965738832940301606e-01
6.239886792007566241e-01
6.679831835376109916e-01
7.038609898802112852e-01
6.891076250362982991e-01
6.135515449423056822e-01
7.174648061908147634e-01
6.036900876193299625e-01
5.187469624668495927e-01
6.303452582497149903e-01
6.747961774856935380e-01
6.298450045176844370e-01
6.532015247356294241e-01
5.686680088598303762e-01
6.904933179438343949e-01
7.823271145359739220e-01
6.795852526448996622e-01
7.492761607103574084e-01
4.028763550451429087e-01
7.230181497587441219e-01
6.073656581001352084e-01
6.809699852660023867e-01
7.663262033217815850e-01
6.503775386408403025e-02
4.795959542931930164e-01
6.517613726359141602e-01
5.307523617032317009e-01
7.213435278171238529e-01
4.866108513458972107e-01
7.474863937602592712e-01
5.449743546609967515e-01
5.923336278293288570e-01
6.077945650075359252e-01
5.159892297141666084e-01
6.471906569415336596e-01
6.482684108688104851e-01
6.016822217936704797e-01
6.091524972357140744e-01
6.136762150662001813e-01
6.109883547089723921e-01
5.921284953534702300e-01
6.399314687020177805e-01
6.564623203758427339e-01
5.704890052589774996e-01
6.271235783455955115e-01
6.735414988679969683e-01
6.860917027591919570e-01
6.299499682823378466e-01
6.036395743273792469e-01
6.531706414263811489e-01
5.447198868534864902e-01
7.327245694475635895e-01
7.404816233212868637e-01
6.449963122746645849e-01
8.104827338977789175e-01
6.810103442309815014e-01
6.289590768695338951e-01
6.018872397953027864e-01
7.201661123036252610e-01
7.714864466060591397e-01
5.793965156509741643e-01
4.370210632039212562e-01
5.689485522623823899e-01
4.783808201174373775e-01
6.803121033143698648e-01
6.659318868939408942e-01
5.843059098204699264e-01
4.555680761053070849e-01
7.960268151908487244e-01
8.034779198412452805e-01
7.473981958536215497e-01
4.282926807456995388e-01
5.466168452434323477e-01
6.083698492431992566e-01
7.623491593708818792e-01
6.699877522852546452e-01
7.640995768749558881e-01
5.844486649446652970e-01
7.047413671478088837e-01
7.242054444890704268e-01
8.130737616162514447e-01
5.634033437674526024e-01
6.625389100557949051e-01
7.784880633241402226e-01
6.559260970598684848e-01
6.726341432763180972e-01
7.566835581940674071e-01
6.589926424395046167e-01
5.987343183211629727e-01
6.237645429000737707e-01
6.273432564288270452e-01
6.153172035882110702e-01
6.416797426133041826e-01
6.346030734789361860e-01
6.466274419274120611e-01
6.413448248502547910e-01
6.401075741804543862e-01
6.185260878812700591e-01
6.504155826718279743e-01
6.411071299066521956e-01
6.340604379476061370e-01
6.371192456814590566e-01
6.454523419264278639e-01
6.304721712968966996e-01
6.481027054518917474e-01
6.410500986449899630e-01
6.347725043311441828e-01
6.131262394104500801e-01
6.505653380652808293e-01
5.881001246181342124e-01
5.867767853084604468e-01
6.886468681051691743e-01
6.616526965728515286e-01
4.825480746253891784e-01
7.200250837050654606e-01
6.681574299579027265e-01
5.354382746322491338e-01
7.133411003328496980e-01
5.914821507262236766e-01
7.202258209793281907e-01
4.905531407712553360e-01
7.110936745982918694e-01
5.736514272565973460e-01
5.446334050968145712e-01
5.456610023716368385e-01
7.074254696738635495e-01
6.215274119268752173e-01
5.316812118539605558e-01
6.113115707079027628e-01
5.545911816825708218e-01
6.620422189344109531e-01
6.463755863639920607e-01
4.267198949805792729e-01
7.093716549913657854e-01
6.172137601443903332e-01
6.305039212454027764e-01
5.000000000000000000e-01
6.914610483118966977e-01
6.932753030796764415e-01
6.564910629486357951e-01
6.062897327199351372e-01
6.908793003801966259e-01
7.476574796715408366e-01
6.974851864011274438e-01
