6.827380396005313656e-01
5.000000000000000000e-01
6.695663137423416567e-01
6.210009762739651107e-01
6.881649029743776014e-01
6.455894990685034918e-01
7.740680352701152511e-01
5.985069514582121997e-01
6.452625674439849135e-01
7.366379978321160316e-01
6.857767814970652243e-01
5.629425747226607379e-01
5.228612430551391466e-01
4.824815623837459544e-01
6.657936001781203927e-01
6.188644296209514506e-01
5.750231988805381000e-01
7.156424725471887127e-01
6.559533289009514823e-01
6.846849057489091672e-01
6.325974064222501525e-01
5.000000000000000000e-01
5.000000000000000000e-01
5.643217735331564899e-01
5.868925268678628626e-01
6.919420514295253621e-01
7.394893512705877914e-01
6.196973193018571191e-01
6.545879018210529754e-01
6.117706107594239606e-01
6.098394547373264807e-01
7.359839590159871214e-01
4.757286337487838801e-01
5.680198154166775648e-01
7.794920522965245180e-01
6.489919459071668006e-01
7.030754721129411910e-01
7.667307167866488360e-01
6.465064662649099292e-01
5.827171523726752955e-01
6.426969622511126135e-01
5.783334568241363938e-01
5.000000000000000000e-01
5.923280073259127310e-01
5.124759231230157086e-01
6.478474692642192112e-01
5.534145753109368515e-01
5.442713600666604368e-01
4.636987270378637449e-01
6.491726829248957165e-01
7.640424984945098918e-01
7.292631455193446799e-01
7.394209391282354771e-01
5.361601925082499775e-01
6.016241127053771898e-01
6.610916658469491169e-01
5.568653689298767029e-01
3.820852995707806898e-01
5.631845445668631767e-01
5.352275288261052477e-01
5.920622234283796637e-01
7.163643720793060332e-01
8.884628854322010882e-01
7.997877487863089829e-01
7.093506492680813347e-01
8.522765728834011956e-01
5.843180034029155090e-01
5.221415212274254092e-01
8.506146160558786251e-01
1.695824685630354933e-01
4.699480531457543853e-01
7.612506479027815187e-01
7.441441369734922429e-01
5.929354708879862601e-01
3.640835612404180743e-01
6.916496896936720207e-01
6.401706433388427708e-01
5.257269388901606444e-01
5.837748130237586652e-01
5.516520095420400782e-01
5.757993191959698276e-01
7.097284216577829374e-01
6.183724402453950608e-01
6.553987025370604513e-01
6.820901985931999700e-01
6.844900429365033956e-01
6.557898774891235405e-01
5.897834781785604719e-01
6.700824073687854376e-01
5.315151289711871341e-01
6.861701487747638994e-01
6.823129600681928641e-01
6.053003193825461370e-01
5.819673166208115811e-01
6.126648669617306142e-01
7.930537955408123452e-01
5.468619566660953835e-01
7.861948814649186712e-01
8.221644573891845331e-01
7.544944054052294957e-01
8.510510273250780910e-01
6.571314218956259001e-01
7.266314211603707163e-01
3.394714931421118909e-01
6.892417606335082825e-01
9.095732748323660521e-01
7.590508008080667501e-01
3.782717533969011670e-01
6.462566377235849924e-01
5.461507611489914149e-01
7.472363305322800020e-01
7.373902615537472061e-01
6.324518773957379381e-01
6.116377495151670285e-01
7.616913375899033722e-01
7.704257083700921660e-01
6.238252540061083318e-01
3.780190242453051463e-01
5.052609065998063809e-01
6.004054782364985909e-01
7.944875323524253075e-01
5.188586158398906800e-01
7.364725694392673105e-01
6.126551858446454002e-01
6.590101875376465079e-01
7.225282640436191395e-01
8.333532543580371987e-01
5.880147381196609846e-01
7.480809488536587226e-01
7.662584600054397344e-01
6.153872865520180202e-01
8.239233008705432182e-01
7.321368440170397118e-01
7.090386684852297838e-01
5.214709760463556165e-01
4.372612508530661635e-01
6.986466990426419832e-01
6.012969772808391955e-01
6.978693493170342599e-01
7.561834545876364722e-01
7.970980042846090852e-01
7.240732568603863717e-01
6.980402126930357332e-01
5.160246732033375583e-01
7.378034230170157359e-01
5.369407919042546995e-01
5.685116693600120730e-01
5.791006160350012921e-01
6.465033498403965906e-01
6.646005903463870768e-01
7.081810634893469514e-01
6.945104506007655498e-01
6.026448410233139485e-01
5.957348956613279789e-01
5.280427285878227517e-01
5.474770182333671409e-01
5.867140235572171347e-01
6.342844358919620396e-01
7.135547649234738055e-01
5.117391697235036396e-01
7.820329598695322515e-01
5.575383022058704174e-01
6.505714098125127132e-01
6.308609843262504846e-01
3.883492666095313406e-01
7.415439763376429072e-01
5.441690084225219159e-01
6.315574585515116857e-01
5.991698261934829128e-01
3.786184202648223973e-01
5.648059290583954395e-01
7.635652932738042908e-01
4.224802681639359125e-01
5.000000000000000000e-01
5.894024418736378834e-01
5.000000000000000000e-01
6.789972515588263979e-01
6.807150019037330191e-01
3.323643661464078525e-01
7.543296540178355825e-01
6.013228259546935517e-01
6.398315625905852677e-01
3.732660838223710309e-01
7.557425516047091563e-01
7.064530097872215864e-01
6.423479869120134467e-01
5.999297431786988488e-01
7.719623467176669473e-01
7.826973041182206936e-01
6.853454577155536631e-01
