6.798451660427062837e-01
4.426295331920253595e-01
6.507669152722420636e-01
6.754058756477491210e-01
6.460373157133343369e-01
6.137698579602330895e-01
7.546398468207801136e-01
5.443706297007780970e-01
7.125535193161151026e-01
7.145764966366778825e-01
6.218495256091539636e-01
6.123507018013077952e-01
5.253537923508164731e-01
5.597278339174861506e-01
6.897128054103883743e-01
6.052331845718992298e-01
5.741110811430673033e-01
7.998234821069073464e-01
7.291472363177526894e-01
7.081277893164312776e-01
6.652171023129263006e-01
5.947454139753886038e-01
6.643696536634794425e-01
5.782039083718083505e-01
6.327165978604586405e-01
6.716385084861459243e-01
7.480859815624099074e-01
6.907772259544643356e-01
6.695748278459252578e-01
6.179469385928275660e-01
6.194235541824154589e-01
6.268642296069357744e-01
6.254698073987213780e-01
5.627558496839877300e-01
7.020409764622040916e-01
6.662962864957523434e-01
6.266697940943692924e-01
6.874533555133938156e-01
6.372153384691701117e-01
6.472900049498386821e-01
7.161575451698017902e-01
6.083194687199351414e-01
6.390655719409685798e-01
6.884868771397076870e-01
4.418276236717364469e-01
5.993654264647227947e-01
5.940482676049165800e-01
5.871337204285839162e-01
6.481538981792827059e-01
6.736213251252514134e-01
7.206383981712856102e-01
7.003122861953031686e-01
7.087318750403913681e-01
5.948817498013825311e-01
5.463394340175584674e-01
6.841899772069834906e-01
6.762568298869203742e-01
4.522391190897356306e-01
6.510601326033685909e-01
6.392042518347422764e-01
7.084329451850777115e-01
7.500823934912222990e-01
7.922673232167821711e-01
7.865871765879973720e-01
6.274010029449285097e-01
8.438023653432226157e-01
5.093463323930940145e-01
6.041834115976794095e-01
8.214774589138993388e-01
1.420916513525284641e-01
5.000000000000000000e-01
7.081065654209837135e-01
7.077771740362912567e-01
6.359381937453366662e-01
4.205001241152361291e-01
7.702112212127919522e-01
6.060560914642396657e-01
5.893214258671310990e-01
5.779835753583315583e-01
6.081714190099900552e-01
6.141500673325431814e-01
6.268420443467505043e-01
5.787671835798331443e-01
6.440288004087105778e-01
6.242840849536543946e-01
6.205003797241880337e-01
6.132859899772562517e-01
6.082939732933285715e-01
6.550951883041347124e-01
5.494658917341437299e-01
6.131995695235198385e-01
6.472999187835341006e-01
6.282387580069849209e-01
6.260402489068305210e-01
6.209326200050461209e-01
6.072193464780898386e-01
4.840634270717138476e-01
6.958247672312958265e-01
8.131674221578014672e-01
6.698924538947202967e-01
7.186859538656732438e-01
6.333886381937796628e-01
6.324676542782213806e-01
6.109100059646241920e-01
7.911773517186151405e-01
6.691974361455845788e-01
6.139984580444871609e-01
3.036117925339509860e-01
5.159981200794939715e-01
5.765169290702265581e-01
6.376945340777799842e-01
6.361437462175288937e-01
6.120111116384217009e-01
3.942235818220048427e-01
8.489513178894951828e-01
8.403755996874769929e-01
6.769082936916268611e-01
4.076456991006078279e-01
5.084232963267089067e-01
5.588330601492083050e-01
7.852443937056392542e-01
6.194181610577144115e-01
7.194910454109091358e-01
6.476657803374559208e-01
6.260929880738866915e-01
7.111220959535589081e-01
8.229489887547792870e-01
6.476213402075553516e-01
7.477145747680861154e-01
8.318552600955019249e-01
6.285687772564115816e-01
6.442643538094164901e-01
7.881975730593998586e-01
7.623679462268430074e-01
5.268923016974967899e-01
5.972462375899704190e-01
6.588326966456384826e-01
5.000000000000000000e-01
6.396907575611234797e-01
6.430725885258279373e-01
6.959120748204096207e-01
6.331934865113705291e-01
6.276566963310223901e-01
5.595669089604264901e-01
5.936556017058924883e-01
6.070372258020381162e-01
6.276469219292916124e-01
6.151989069607334271e-01
6.690543926713415912e-01
6.293240682628806759e-01
6.852848993264671895e-01
7.039146624804012431e-01
6.772852007068318470e-01
5.799276593098640076e-01
6.180868053237804638e-01
6.651756052692020527e-01
6.336350760881424016e-01
6.131165139018525112e-01
6.216170025470972860e-01
5.074275904970049211e-01
7.025910448446068823e-01
5.436656011766511920e-01
5.164403389684112389e-01
6.121533717879555914e-01
5.689860362636105506e-01
6.574680924302225282e-01
6.267850775712371370e-01
6.607652253408918819e-01
6.257973843004726033e-01
5.739599101321755104e-01
6.423768571203426481e-01
6.615657894727851041e-01
6.379750856075577792e-01
5.108891863890461238e-01
6.312740265483812729e-01
6.300921641856406241e-01
6.099527880149585579e-01
6.396428680775277931e-01
5.836479299789004704e-01
6.285669757991596551e-01
6.312848003563733545e-01
5.613566144334399821e-01
4.278706306067027731e-01
6.579226221224501181e-01
6.381290557014455134e-01
6.318310763579589873e-01
6.179299419075245936e-01
6.450065079490836517e-01
6.839004931914242080e-01
6.592051133863230383e-01
