6.512505794799908765e-01
3.937569574376987847e-01
6.291623096750329491e-01
5.691097255354572448e-01
7.843042434057090340e-01
6.055965123576281250e-01
8.017581631731008907e-01
5.054092481217620225e-01
7.812443975492548986e-01
7.251418723671669841e-01
6.573870743058023436e-01
4.767193192707288585e-01
3.733983210525088636e-01
5.646980786957797038e-01
6.995040784948760582e-01
5.993085835231810599e-01
4.880421164832597358e-01
7.224392747784702529e-01
6.681091357730510882e-01
7.087791477236469184e-01
6.555158332360970785e-01
6.271298242847159754e-01
6.285442068148474615e-01
5.918985252155369858e-01
5.957414045934953384e-01
5.879918237566899020e-01
7.258476084646575677e-01
6.262904030471214689e-01
6.535346860606500163e-01
6.153687265195131317e-01
6.757493933436319322e-01
6.948391045099000518e-01
5.093358220483514831e-01
5.758539326262945846e-01
7.410245666651892327e-01
7.085622872321287735e-01
4.755533692373217214e-01
7.232100964716671188e-01
6.473773291686031328e-01
6.179800528173601259e-01
6.567240300852620338e-01
6.703138698617194802e-01
6.202935934164797160e-01
6.472263581254719123e-01
4.890962853696841361e-01
6.444991061396999621e-01
6.205973985083556022e-01
6.446678561378120786e-01
6.430516814497583278e-01
6.401096244104320654e-01
6.355454871041829046e-01
6.498301493925842109e-01
6.620901360483129050e-01
5.607735276863361484e-01
6.465369109717100660e-01
6.628678317793824659e-01
6.650714656070277897e-01
3.863571767751307617e-01
6.469211939089160035e-01
7.069214067157286729e-01
6.381873740448319454e-01
7.302842033286002232e-01
8.807232671478353314e-01
7.699222862528886102e-01
2.694608902774252579e-01
8.154389191841513451e-01
7.001332630807804991e-01
5.267230752242163527e-01
8.866760495887714422e-01
2.308183280100078172e-01
4.739049026497369477e-01
7.226876901945037401e-01
6.783256514782405322e-01
6.759524845928663872e-01
4.331568088186925070e-01
7.391609056098038533e-01
5.000000000000000000e-01
5.662732298812587217e-01
6.393580520549491109e-01
5.262641940096675075e-01
6.736787462010122018e-01
6.677245069824833124e-01
5.920064929557717903e-01
6.328639866601318831e-01
5.604772370542565607e-01
7.119453333597770550e-01
5.913923079218788015e-01
6.344785237621978213e-01
7.110331355140463439e-01
5.810115550039447463e-01
7.117408431968941240e-01
7.656488346963474800e-01
6.448498613902327037e-01
6.142579539423452806e-01
4.913358082474039712e-01
7.363198854090793333e-01
5.526849010707358678e-01
7.144246069245395736e-01
7.718617117140254003e-01
7.891912409644952220e-01
8.307677677923910320e-01
6.482600147691847114e-01
6.916639887314909307e-01
8.078827429929794635e-01
6.609165000061890671e-01
8.204963769626733017e-01
6.670805293741003394e-01
5.000000000000000000e-01
7.382730501166602233e-01
4.856780143659178428e-01
7.437268116478511493e-01
7.589742221230183494e-01
6.470116153249251267e-01
6.093061837492067534e-01
6.654418198462180856e-01
6.672588476566228000e-01
6.618856637732681847e-01
5.709635023147450195e-01
5.230796998786506613e-01
5.091403252523968304e-01
6.715091664635909341e-01
6.575303722866021605e-01
6.565703654477009765e-01
4.093905666110375652e-01
6.245729273852758112e-01
6.345751319007184588e-01
7.029933858982607697e-01
6.413828121320475084e-01
5.784192090287876287e-01
6.381788530844825225e-01
6.235485416368193867e-01
6.688261881970238854e-01
6.494424322819739581e-01
7.371821014799828653e-01
4.927624170085250221e-01
5.000000000000000000e-01
5.934561217059544092e-01
5.188035331175976372e-01
7.038430438711895665e-01
7.141028047895957576e-01
7.293148929592744301e-01
7.614055755637623157e-01
6.461596966733443859e-01
4.934408311885384313e-01
6.844258325706628066e-01
6.265356045903782700e-01
3.345195990845706846e-01
7.283902004150604181e-01
6.708223090019292956e-01
7.197844314166451651e-01
6.474648368683547650e-01
7.088568031263258185e-01
7.382403995166982869e-01
5.913671839321592572e-01
6.015731549877179063e-01
6.917845578978557564e-01
6.197458198828347253e-01
7.704642678668051081e-01
6.456829635417870028e-01
4.397981120596251015e-01
6.711543344656095700e-01
4.761711009622616730e-01
6.642097819842227580e-01
9.025404643775041258e-01
4.312648792973255985e-01
7.573590501290436983e-01
3.484141983917432017e-01
8.499087999080270350e-01
5.757114358641283181e-01
4.242247626680968886e-01
5.072564276155689944e-01
7.844309277943140035e-01
6.715237352455603048e-01
4.081672754591644248e-01
6.792833811288255808e-01
3.771928463579568569e-01
6.363517334265683667e-01
6.857037229268719836e-01
3.787941960740106584e-01
7.207209137181609382e-01
6.483224117345287585e-01
6.252224848595439033e-01
4.270713727089576750e-01
7.302613192732184677e-01
6.687588881736673541e-01
5.878752910625307804e-01
6.295958809032506931e-01
8.069192899197079605e-01
7.940352390105147595e-01
7.498769006949485005e-01
