8.379701659583346229e-01
3.842531451156833699e-01
6.412964095667393893e-01
8.359875895403969803e-01
4.810803246253000931e-01
6.082883073825956499e-01
7.193493742659765600e-01
6.398386438065130077e-01
3.994588533794798391e-01
7.471231617398083058e-01
6.543741731009785623e-01
7.123653842134414216e-01
3.445345614111967047e-01
8.091659207566096468e-01
7.900793454213909106e-01
6.061549613394502378e-01
4.402899889306100545e-01
6.967043124381638863e-01
7.082941580669955828e-01
7.568922931415398292e-01
2.072507823624219203e-01
6.474168617911565393e-01
5.221984425248061834e-01
1.998732860494559505e-01
8.235774465847003345e-01
6.632066271983985128e-01
7.118568468193511301e-01
1.231814401865563707e-01
5.694482594892233962e-01
6.034114864512364340e-01
6.192807464377181326e-01
8.352619342784007861e-01
8.589466019893227111e-02
7.648979914930119639e-01
7.369953270600441142e-01
7.823746669332883874e-01
6.028201296150309529e-01
8.226834887944162178e-01
6.186848062691564509e-01
4.842425655243902671e-01
7.595700684250749068e-01
3.336403393195417344e-01
7.237372145652601896e-01
8.184336513946149916e-01
2.683449424543291051e-01
7.569701877444966476e-01
8.316134052644333918e-01
5.838150988103812944e-01
7.205431835299100918e-01
8.213820953684104476e-01
7.196803491800961572e-01
3.372354215500241725e-01
4.427074099439144983e-01
6.634347459621087184e-01
5.670277685842639581e-01
7.918413669232222674e-01
8.202086007981226334e-01
7.619832414668148424e-01
3.515873846148901971e-01
6.941815045733558120e-01
7.226123999074950399e-01
4.509521293572309464e-01
7.134695951493800203e-01
8.113650974557430340e-01
8.798295058056057050e-01
5.467603785230716884e-01
5.673835731668541715e-01
7.059910129989059868e-01
2.029927735204541950e-01
6.450512612875032303e-01
7.129394395405699303e-01
7.835949674567289636e-01
7.161716497004421145e-01
6.764285198401868149e-01
8.008367773358886499e-01
7.277148887841414782e-01
5.928864325476508323e-01
3.800180929068004976e-01
7.046545369982188944e-01
5.319629289801519612e-01
5.850357685835603228e-01
5.000000000000000000e-01
4.874002608739675391e-01
5.077193779203414969e-01
3.564134335338708937e-01
5.777724125181645798e-01
7.620274255569728927e-01
7.968840908688314961e-01
3.826896938625977684e-01
6.429258958172413552e-01
6.102022327790949108e-01
7.995539833366831495e-01
5.940839348399229447e-01
5.671979188948121919e-01
5.817294782898954075e-01
4.110105717698213645e-01
4.686180299228746016e-01
8.454024186962425524e-01
9.226743737017867319e-01
5.070712412390123713e-01
6.777177124686858400e-01
8.127949524971788131e-01
4.647739795637580440e-01
8.386298859319192278e-01
8.781676785652767769e-01
4.801909671441315641e-01
7.500275084920339230e-01
8.713847414031657967e-01
4.792813701329020071e-01
6.885301348751972084e-01
6.315888858930551741e-01
7.718112139661039706e-01
4.440791162002584724e-01
7.774370796871439282e-01
6.771151699009956282e-01
1.849691558344186415e-01
7.259835002076698851e-01
3.644495426361834545e-01
2.960380403486745915e-01
4.070348234967477996e-01
7.503151738368893930e-01
7.602905391014794789e-01
5.261315670569086667e-01
7.461575430294765665e-01
7.793758439467250998e-01
7.526420933695242566e-01
8.164248891666937569e-01
5.696628287289629000e-01
8.287749355798158524e-01
6.082910717069998086e-01
6.550360397457039019e-01
7.614983451371675205e-01
8.125349383409746773e-01
6.636003595248806119e-01
4.801250945203899834e-01
6.070695260573431007e-01
5.722296771054796727e-01
5.208763545935647388e-01
7.140931213721348758e-01
6.826123369785750405e-01
6.886356729147404820e-01
8.529577809110818754e-01
4.471641324603317091e-01
5.305624935263117958e-01
7.257085780022559662e-01
5.906445157911044408e-01
8.797972458420195707e-01
8.156114687741685687e-01
8.176155342313077279e-01
7.309559850739069109e-01
8.602076315931345141e-01
7.085133193425956488e-01
8.170776885183921312e-01
5.754779409607873042e-01
5.913720693650371674e-01
5.125536301833483188e-01
6.790713526629659214e-01
7.415302285115334957e-01
1.464232873444798189e-01
8.341341827059071123e-01
5.850190532192087733e-01
6.678342156800540774e-01
7.414474193026920901e-01
8.465988458393922667e-01
7.040680494041464677e-01
4.739388252569729509e-01
6.115058953760885707e-01
7.465328801527592040e-01
5.633089723924576964e-01
2.005162764446922763e-01
5.482192910718604040e-01
7.517754647923483580e-01
6.247650493112468784e-01
4.532114636272683850e-01
2.971968519918755103e-01
6.203067495542651244e-01
7.282131064109742535e-01
2.116842367202136366e-01
8.428250873579270497e-01
6.976243526085731395e-01
8.335146658022370980e-01
7.046543810729334334e-01
7.734328632265747849e-01
8.251668565148723156e-01
7.027161280998526216e-01
6.693113289607695027e-01
8.267890685242736959e-01
7.625469970073250892e-01
5.844583419865196916e-01
