6.637627700543202725e-01
6.314170688419212807e-01
5.933296387110704728e-01
6.411738761085792326e-01
5.080758701565336599e-01
5.874679966738228787e-01
7.217722485373920804e-01
5.117866785222502379e-01
5.000000000000000000e-01
5.831475043385047075e-01
5.945965267446912117e-01
6.955711001289948126e-01
4.584082690847541830e-01
6.657521982924086146e-01
7.278556447521827844e-01
5.177815326832408971e-01
6.603004118469518735e-01
6.061652197444017398e-01
3.969037409149342444e-01
7.578777434408822122e-01
7.101099431747147639e-01
6.953876846163156156e-01
2.870766670971292567e-01
6.959161482619954375e-01
7.103707659198637003e-01
7.088327761313051312e-01
6.315771096648145067e-01
3.022533728687142318e-01
7.101099431747147639e-01
7.101316737998434325e-01
6.833965732495779211e-01
7.230856473724042166e-01
6.913044904012282110e-01
6.902172703068295556e-01
7.676453527344011540e-01
7.283477613783768678e-01
8.060714806889042183e-01
4.213774211302058204e-01
7.472860292045456765e-01
6.349404891808471119e-01
5.463434407690598293e-01
7.591462079471392732e-01
7.323756182166494266e-01
7.140100280879403405e-01
4.813188888321467962e-01
4.731646375147007255e-01
6.955581620560131739e-01
4.585042256476200562e-01
4.885410644107455180e-01
6.469778917999859935e-01
5.098767081809704171e-01
6.955069621964524718e-01
7.853556699616165426e-01
8.757123923032058554e-01
5.789594255350468677e-01
5.239709747482447222e-01
6.780309535777526708e-01
4.820261826698754581e-01
5.292288430293976553e-01
6.089438136300912019e-01
5.490098026210011861e-01
6.675752915391610642e-01
7.263786151615788667e-01
6.182836603539995091e-01
5.659544805806826506e-01
6.473018966333939916e-01
6.676037810477084555e-01
5.718628474776047410e-01
6.335856578190834920e-01
6.518808884943740889e-01
6.554858577911198969e-01
6.529263546109121963e-01
5.948035932795581182e-01
7.305126368199236220e-01
4.328002769755247559e-01
7.335810159043441026e-01
7.305126368199236220e-01
5.178815001504218918e-01
7.006206884227579312e-01
7.412155425527198194e-01
7.425814060376747516e-01
8.893340438678306592e-01
1.826284215248473453e-01
7.412155425527198194e-01
8.554824930941732353e-01
4.741591341416783734e-01
4.936331709444989335e-01
1.933435735311483106e-01
7.513479691294884244e-01
8.496739223481079017e-01
5.209411837129418466e-01
6.071829831766639707e-01
5.364128240511285561e-01
5.375761922579692653e-01
6.806497603035135402e-01
6.653641169597435123e-01
6.559035407432627363e-01
6.831680784277091023e-01
4.652005712185653397e-01
5.412184131851129898e-01
7.007323058258799753e-01
6.555722253250260145e-01
6.583245603601736162e-01
6.724808376214006511e-01
6.552554552578551128e-01
6.725675886347902699e-01
5.287145691773723621e-01
6.542967173170083361e-01
5.982335632460800134e-01
7.203547296197785332e-01
6.803804475851066291e-01
6.585945145915556020e-01
7.031380854902574695e-01
3.791770404945485340e-01
6.084520529711023862e-01
6.829858701360036477e-01
6.914434723122530047e-01
7.260313455522801052e-01
7.640643053449691635e-01
6.959937521231748248e-01
5.882486945394457267e-01
6.393392497197583069e-01
6.491695701364799120e-01
5.741305215425089870e-01
7.223066453027000566e-01
7.028344419464361836e-01
6.882266079091219346e-01
6.873076202820616043e-01
4.894904113875494511e-01
5.671353340917509867e-01
7.039043149539999655e-01
3.301895256637834564e-01
6.909265405042250840e-01
6.635531488955563884e-01
5.802454192519134191e-01
7.331101401028364828e-01
7.056584399787234618e-01
3.371687917029968506e-01
6.201804427078047022e-01
7.096515333205261067e-01
7.512193777886914114e-01
7.420849284318873362e-01
6.811861039833075893e-01
6.918035092648631146e-01
7.152740143459531685e-01
6.119976077815221238e-01
3.523200434973619011e-01
7.187346302203820869e-01
4.897569100720606805e-01
7.063958022822085514e-01
7.821055572224668850e-01
3.545591190554105987e-01
7.543601246058576626e-01
6.130944045243753582e-01
4.256569991827753863e-01
7.189728440861643533e-01
6.675068760015319125e-01
6.727489873369021378e-01
4.709232224627216690e-01
7.641288525637969231e-01
5.000000000000000000e-01
7.187346302203820869e-01
6.196311807891682344e-01
6.328701776462865025e-01
5.219571187977292137e-01
4.080004931946638047e-01
4.174114168788016777e-01
6.117098659186089860e-01
6.394387232529148424e-01
3.415373178605116689e-01
6.969047031447882512e-01
6.184127095454360346e-01
6.813943675391849197e-01
6.994613702424397061e-01
6.713156254439026638e-01
4.814813763706604077e-01
6.438109049209354007e-01
6.969047031447882512e-01
7.800573945712545587e-01
7.326689633709728700e-01
