6.761508770959124837e-01
6.047880054415146756e-01
6.474165108943322755e-01
6.201592211013953193e-01
5.455553226374139086e-01
8.586534984974775186e-01
6.758396347080997124e-01
6.474041396280274530e-01
6.470631440827336878e-01
6.350346753685718326e-01
6.995292989536476824e-01
7.033781082109664684e-01
6.159392807598053077e-01
6.489133987364292810e-01
6.831702863597691744e-01
4.847460854108219253e-01
6.427832292214701315e-01
6.505415944198260636e-01
7.214697489129492380e-01
6.721283235715450610e-01
4.380081731175756721e-01
6.164196126684535759e-01
6.982889889896245483e-01
5.000000000000000000e-01
7.610940383122141162e-01
6.088519618178928061e-01
6.326300977365530986e-01
5.291709117936593820e-01
7.544594251275869023e-01
5.286344154220035119e-01
6.593763540814256974e-01
6.289280630282869655e-01
5.000000000000000000e-01
7.440231326352083618e-01
7.213550201324780975e-01
6.676486661521592314e-01
7.254367945235054016e-01
8.059215032786537503e-01
7.637298732952270131e-01
7.822391356117511796e-01
6.997034822171461776e-01
7.536038717859894209e-01
4.519665667661896813e-01
2.023499748146426747e-01
6.560005815151752628e-01
7.133856021835817129e-01
6.546165147675381268e-01
7.705028358267161925e-01
7.820255329930814181e-01
7.267386103208826054e-01
4.638890495085569166e-01
7.823554095241044282e-01
5.814580595211870095e-01
4.667952550216347141e-01
7.829188394058088640e-01
7.229886630566816352e-01
8.339089542700507396e-01
4.792936765658654119e-01
7.547894292826402562e-01
6.032459664269014255e-01
7.344527772277616995e-01
6.317311009338884009e-01
6.877087384123845570e-01
7.210548405388281790e-01
6.255499714620907925e-01
4.586911598926734501e-01
3.729367063896248391e-01
5.973296086421547857e-01
6.317311009338884009e-01
8.197668984604400411e-01
6.626673765093488155e-01
6.173699422170005890e-01
7.023097360199321848e-01
8.175433080705811761e-01
6.555827514759762220e-01
5.492938215557719994e-01
6.410403854563241355e-01
2.355450999770146991e-01
6.322166312883301664e-01
6.381202645902047665e-01
5.518596020786651346e-01
6.472275329126626620e-01
5.131678983890356482e-01
6.445158618953225060e-01
7.034388965833704432e-01
6.272647979866032841e-01
6.462261590999877070e-01
6.587054508978984479e-01
7.241170898464408534e-01
6.139889159369353866e-01
6.620799521103621910e-01
6.124801153389711761e-01
4.852733457507813486e-01
5.171478149455502882e-01
4.634740659789193806e-01
7.688049762349612459e-01
7.365893900007713935e-01
5.962054732734114459e-01
6.819562646257185667e-01
6.292208417623040839e-01
7.512287550165601679e-01
7.394129855184554678e-01
7.088436071492775215e-01
7.295957840447605536e-01
4.712820405416601743e-01
6.231950697473883638e-01
5.000000000000000000e-01
5.000000000000000000e-01
5.617966182860004709e-01
7.412989121331582387e-01
5.984046876600872533e-01
7.468442662578367308e-01
4.796722584303817483e-01
2.713503548038181945e-01
6.163954968080959107e-01
3.081938254158690382e-01
6.331282690918680345e-01
6.117120846289720859e-01
6.965710382194918449e-01
7.710507861844430044e-01
6.570891405258743045e-01
6.636855233898651951e-01
8.385982358514664226e-01
6.447403319556664902e-01
7.696013190220700739e-01
8.121745560795390340e-01
8.036279272535284957e-01
7.760408503116325019e-01
2.724327946255842847e-01
4.659397519701214407e-01
8.591558856901446717e-01
7.618608731451507188e-01
5.933941726644860193e-01
4.197606363022525211e-01
6.507347313403545330e-01
8.356781477800016011e-01
3.779746556263063328e-01
6.581508789793799608e-01
8.240277605246407733e-01
6.749923363124815667e-01
8.740447249123948215e-01
7.656865524211470264e-01
7.505996317052089362e-01
8.341418046575842515e-01
7.431973542088315954e-01
8.185885462922189992e-01
6.281833396289977500e-01
7.141274111149088499e-01
5.873073561338192361e-01
7.545628347731048180e-01
4.891532909064792434e-01
6.589952490903463467e-01
7.546086263268289018e-01
4.100886487376217970e-01
7.476391736702630020e-01
6.969189520869761845e-01
5.817038736611835903e-01
7.443750363047630936e-01
8.079757748724135658e-01
7.858726621388767430e-01
4.101111677915534881e-01
4.141997182649690967e-01
6.562573132707063550e-01
4.832516792527553617e-01
7.152190895129806325e-01
4.190671840084429500e-01
7.319353422268743969e-01
3.195692874479112433e-01
3.555592246218292063e-01
8.655003091088100398e-01
9.781779845201511725e-02
7.486313037415947003e-01
5.606247050692182432e-01
7.560467475962205919e-01
6.929029638760852983e-01
8.497620659306829305e-01
7.285284031590552045e-01
7.694769829367178460e-01
2.985961095765664597e-01
8.097946093264108969e-01
7.557971934980109996e-01
3.789889746897029954e-01
