2.263861149474932777e-01
5.214659707824034207e-01
4.712380897654552259e-01
3.602301133692915047e-01
8.758676425080035299e-01
5.000000000000000000e-01
6.303704462687466092e-01
6.717151940078058825e-01
7.680076197706144914e-01
1.572332014990506510e-01
8.135513149133047905e-01
5.472646558840177367e-01
7.555429375756550492e-01
4.453769115230453712e-01
6.948108962294559099e-01
7.825967466958468899e-01
9.153839164169150777e-01
8.298606889581047197e-01
9.295191053862660313e-01
8.546097706258899418e-01
8.817427941030231420e-01
7.988210577087232478e-01
7.988677207156351656e-01
9.434043534119221919e-01
8.594321249621104108e-01
8.250743557377958615e-01
7.749002497272015066e-01
8.956942269259944300e-01
9.144014300784961691e-01
6.241690364522587409e-01
7.782038651239326921e-01
4.859892960121042216e-01
8.897064058565714584e-01
7.897639040899577800e-01
7.159103525869087159e-01
7.792141168547558339e-01
7.911845501402529068e-01
3.759258501864011226e-01
4.189167290659612242e-01
6.527738896976155170e-01
2.822451919618375604e-01
9.011239392438336049e-01
2.131664211028451439e-01
9.171057993497270244e-01
6.371804997864152220e-01
5.857166755282960935e-01
9.691662038300045134e-01
7.083220581447651210e-01
1.982596927052749647e-01
2.598166775131834361e-01
3.624338211860624881e-01
6.984385723200751128e-01
7.656523448306296054e-01
9.479569710906806668e-01
7.523648303292528317e-01
7.168148949590263941e-01
7.113182168612254275e-01
6.181417855678534856e-01
3.911546248899264722e-01
8.085103718263066952e-01
8.619125903675779465e-01
6.575052275628920917e-01
5.958475688928311920e-01
6.905953630592917003e-01
2.504853467628435082e-01
4.823441138703482012e-01
3.618675648951206747e-01
9.066705047539063145e-01
8.351521433825866980e-01
9.435444910844429378e-01
8.991834511828560306e-01
7.288897231524530396e-01
3.489151728567023714e-01
7.732913559326873854e-01
6.016133034753254893e-01
2.211474447495546669e-01
8.278077713696114781e-01
4.258135094821062783e-01
6.581024119726660571e-01
8.582285465625784093e-01
8.424791490592289378e-01
6.691789363737353780e-01
7.839606871984854397e-01
6.529374044455091841e-01
2.549870617898705172e-01
3.119516998498507165e-01
3.086689645536016546e-01
5.870929267458721013e-01
5.691470541866002764e-01
8.392829102442980194e-01
9.167940595550277960e-01
6.841180225248488789e-01
8.097893298472921275e-01
6.291997940581864901e-01
3.024923485994673866e-01
5.319265946108655552e-01
9.105444150122884439e-01
8.115031669654659829e-01
9.671428385831191132e-01
4.520149215031897816e-01
8.394374674857142393e-01
9.082752256869448537e-01
6.839147088033143973e-01
7.499422803550113148e-01
7.067382574334066803e-01
5.089088071796913360e-01
3.347119411983962012e-01
7.229518918771241642e-01
4.163173727468718055e-01
7.969264991423168354e-01
7.759298369987603916e-01
8.049755406838755567e-01
5.898542186091674244e-01
8.226097386659159127e-01
6.067435261065861063e-01
3.929602687085331225e-01
2.560560807901794411e-01
6.251603296271247556e-01
4.604019070190622509e-01
3.973148008082095783e-01
1.528333212788446915e-01
9.460916886214733035e-01
5.691524087311349289e-01
7.836312230065404227e-01
5.710961731328408897e-01
7.581131484167534795e-01
5.690467712900276753e-01
4.338442268573001193e-01
1.663104934048935668e-01
7.232746980810724757e-01
