3.564169247784250150e-01
6.283365285490957186e-01
5.307510016651777462e-01
4.776065789065177536e-01
8.765719866012252615e-01
6.195143042226959329e-01
4.679724585685353100e-01
4.151772484162306598e-01
7.756469792291731391e-01
2.486328650606820789e-01
8.275417352633553936e-01
5.174366714453128013e-01
6.892513294692662607e-01
5.390094393990947363e-01
7.328836559623783664e-01
7.849121686941508136e-01
9.362911987441293604e-01
8.375394889662509668e-01
9.259988762088677827e-01
8.544976931400580789e-01
8.839589678746200274e-01
7.888226547346549600e-01
6.993023972363617835e-01
9.458844812655986534e-01
8.635861003350153720e-01
7.781409842275174293e-01
7.175924957651222957e-01
8.843739063176460080e-01
8.866793523599966198e-01
6.747615067923325993e-01
8.206123703780002776e-01
5.586745301379656414e-01
8.404242106260315648e-01
5.000000000000000000e-01
7.463419559922312985e-01
8.034610430414068638e-01
7.634353412622444379e-01
4.606438645386561892e-01
3.474758018222788292e-01
6.024080827148224904e-01
6.308422844397278961e-01
9.323735916716348049e-01
2.676628263628385573e-01
9.508089492887892291e-01
6.606371644900010942e-01
5.691606054897828670e-01
9.590827223044752214e-01
7.850551725282099991e-01
3.778576316038200766e-01
4.029072608431193969e-01
3.354451974736140651e-01
8.363141693726545700e-01
7.946945006352830188e-01
9.276934594630606989e-01
7.790095101533650590e-01
6.559127494132168668e-01
7.180642924880232814e-01
7.484281591406314327e-01
3.873069003191239590e-01
7.158986436597369885e-01
9.068117472432307702e-01
7.634095085722341079e-01
6.293028898361427981e-01
7.046517752162132497e-01
2.012006529662271892e-01
4.541344052621612004e-01
3.726854327283639079e-01
9.132833719767079472e-01
8.735274039659827183e-01
9.101646621650006930e-01
8.864582121724421393e-01
5.621472145977088886e-01
2.913001767410486331e-01
7.946140752603014779e-01
6.368421404127140306e-01
2.721598966757229898e-01
7.711692184669237671e-01
3.964930738747335370e-01
6.524618390607577201e-01
7.902093094696799325e-01
8.143206882764463250e-01
6.839130183056110202e-01
7.527740968439443625e-01
7.754108593836054331e-01
4.880060959431489764e-01
3.321123470328027905e-01
3.130382243684409760e-01
5.721118804017869541e-01
5.088139749346997087e-01
8.649836275746747294e-01
9.088711614598611321e-01
5.343641344193040821e-01
8.114601430207518673e-01
6.364203908871456372e-01
2.694700143322784069e-01
5.626470538838026503e-01
9.310100795428960518e-01
7.171277722630691187e-01
9.706758809660129828e-01
5.170055965323102631e-01
8.643335109029943730e-01
8.843462238288826160e-01
7.217529030262389567e-01
7.834033991734341562e-01
6.885294454531288855e-01
5.702430671177792787e-01
4.386342585607275191e-01
7.558428473256594282e-01
6.077904910339381184e-01
7.390636419279490443e-01
9.407030645539402602e-01
9.154490830209128793e-01
5.192497805917792864e-01
7.488916107895937646e-01
5.905453266367237664e-01
4.557910368755753727e-01
2.522196236027516858e-01
5.568682113918128618e-01
4.180221412836538364e-01
3.897299633982661549e-01
1.197022408595812132e-01
9.380541414893147634e-01
6.410762519281535399e-01
8.486268883875721647e-01
5.000000000000000000e-01
7.671718344135450840e-01
4.767651206093648231e-01
4.630826913916987753e-01
1.702519454610827987e-01
7.337433923796717883e-01
