5.595535203754443687e-01
6.335736719448881171e-01
3.853329265231326128e-01
4.815419165909266552e-01
9.094153126357527039e-01
6.297807125489177649e-01
4.384857996891755594e-01
4.792504524155644097e-01
7.867106748642166414e-01
2.183816105657502837e-01
8.429765621506953854e-01
5.887756574299196632e-01
5.858495585304440700e-01
5.162464474259097491e-01
7.220640390125019348e-01
8.159099015795874266e-01
9.323119185428758726e-01
7.707230628334067468e-01
8.849700379461151734e-01
7.746796946168956755e-01
8.758880018447505744e-01
6.973254320701031128e-01
5.685964584913686393e-01
9.318769768210530824e-01
7.916562957354922325e-01
7.183304115459593353e-01
7.165618536470110822e-01
8.710794979814371342e-01
8.334227489005000544e-01
6.156855451922287337e-01
7.426796630603821336e-01
5.716825706093270343e-01
8.740556080586929788e-01
4.711726875498380429e-01
7.675838082033058507e-01
7.912659771094946448e-01
6.966129486176142471e-01
4.758826226361558276e-01
2.355275929495505849e-01
6.682583946354683224e-01
7.274935549730883189e-01
9.343082835109813855e-01
2.777011293999980257e-01
9.290838768589135821e-01
6.110775333218175787e-01
6.345415205961077998e-01
9.232898060931706841e-01
8.473385654730742900e-01
5.301394593184346471e-01
5.000000000000000000e-01
1.850551413448333904e-01
8.377575115844596576e-01
8.469693351926886882e-01
9.349914989152499079e-01
8.433873412548770210e-01
7.405759707238794842e-01
6.812539246941078375e-01
7.847339934557575614e-01
2.992996269121429576e-01
7.736230236412167116e-01
9.420933663208359565e-01
7.607269555130148353e-01
6.625653680742357166e-01
6.534386921182735453e-01
2.467464112562644807e-01
4.357856701228723928e-01
3.338151027715297592e-01
9.527650865602323993e-01
9.021647931100456042e-01
8.949154212407434139e-01
9.142195067831827560e-01
4.188474918313756512e-01
2.851772481867552167e-01
7.498978514364084136e-01
7.848691845583499749e-01
2.842243819421564899e-01
7.708376349252661353e-01
3.870243258549334597e-01
7.002938255301834891e-01
8.278865967757733646e-01
7.679944805503038374e-01
6.300382877499751677e-01
7.655233567824740737e-01
8.055995677814844491e-01
4.490293135009039149e-01
2.768520392397480490e-01
1.971974474902007390e-01
6.573597531505598335e-01
5.349233025418875798e-01
9.181982605763998606e-01
9.604055753104554505e-01
3.401898744406032238e-01
8.463760063430115776e-01
5.313916013184908360e-01
3.488230531962864811e-01
5.768303202536225749e-01
8.568146633440404392e-01
7.252673128363146260e-01
9.616120175628853906e-01
4.593835047324802967e-01
8.016253746612437281e-01
8.720863074095362988e-01
8.211739591767078794e-01
7.863277658946180582e-01
5.190541841050934080e-01
5.000000000000000000e-01
2.997667618442066972e-01
7.814027499349566197e-01
7.373221621004494297e-01
8.045485675136558879e-01
7.773454514595150577e-01
8.472361175753356788e-01
5.749946002444163984e-01
7.087361401114105064e-01
8.127234188828366124e-01
3.285647955291891020e-01
2.462196374201282012e-01
5.629456381437921708e-01
5.643132578782339426e-01
4.451095665951466107e-01
5.480268827735461368e-02
9.552952670541059454e-01
6.575437557827856772e-01
8.333263714653721399e-01
4.509095520036532356e-01
7.710475727496619580e-01
4.619138275587680864e-01
4.430348114558657069e-01
1.175938827401926123e-01
7.475418854149887826e-01
