1.689255383232175223e-01
5.770229019581675223e-01
3.164855166716780133e-01
3.181439216744340048e-01
9.103514431310363308e-01
4.674201090155165050e-01
5.540653500002249432e-01
6.385239162802268664e-01
7.510590627832397503e-01
1.089620266965292961e-01
8.527744328723787515e-01
7.386673514889058323e-01
7.180960466986738844e-01
3.523058049111788548e-01
7.708110512450621066e-01
7.943667120742921028e-01
9.328594981870805825e-01
7.888716856456785553e-01
9.057597564610695429e-01
7.891624518297158941e-01
9.125477021358698870e-01
7.333435724156488478e-01
8.456243846994901947e-01
9.563790083788988872e-01
8.234240921834824478e-01
6.964404568052617872e-01
6.868286197853826769e-01
8.818885509257941013e-01
9.116907902666919750e-01
5.623903804335640411e-01
7.808582913170620809e-01
6.006216361949071603e-01
8.898380918134740636e-01
7.590295008927666620e-01
7.207464881125150713e-01
8.484597270730975804e-01
7.863675003635769434e-01
5.149149588330631522e-01
3.305859489983740129e-01
7.300202257417244267e-01
5.556588471574346322e-01
9.180523893923288048e-01
3.287151214979561198e-01
9.183747729822482331e-01
5.243830190680515146e-01
6.270815343563410638e-01
8.895318108469062457e-01
7.924615943997369572e-01
5.863403176099057923e-01
5.246137796121560504e-01
1.914523467604788975e-01
7.682129731262414829e-01
8.154175731760241463e-01
9.668562289801979626e-01
8.169294405908563705e-01
7.680016174380046579e-01
7.333113247532759837e-01
7.489710935249644930e-01
3.816671666801579876e-01
8.041176175321002040e-01
8.914582934496523281e-01
7.496499508817571211e-01
6.172192769093740594e-01
6.897593893907160156e-01
3.958048560197836574e-01
2.930620942069108170e-01
3.294917177626455196e-01
9.772047455335785004e-01
9.037088026990814926e-01
9.175436952473126073e-01
8.940964692074898634e-01
4.261732827858089601e-01
2.437319552301826786e-01
8.110060285785772871e-01
6.927156450245383068e-01
9.241053060789443385e-02
6.228535577201671503e-01
4.794989066323729343e-01
6.762131284756831562e-01
8.174403399608954901e-01
7.419480817818936425e-01
7.836191172958527629e-01
8.539076881231736360e-01
7.530877667448676593e-01
5.687423566474772985e-01
4.717006148604613314e-01
4.124631012209108438e-01
6.644296869084319601e-01
4.639236923548472058e-01
9.384161235210584096e-01
9.647294024490580266e-01
4.712522373712940138e-01
8.721667161755644049e-01
4.719029463183679329e-01
3.856304578104461922e-01
4.791029605390956236e-01
8.178789820450305115e-01
8.464315794022669870e-01
9.585978336306525405e-01
3.452783162052835420e-01
7.651517073574245487e-01
8.811075855072547647e-01
7.581120785974052589e-01
7.469927164029558364e-01
6.230837584826371955e-01
5.281441161335146406e-01
3.499739204678623539e-01
7.534794002747060571e-01
5.398907491679243442e-01
6.864857963107149352e-01
8.978851250823646213e-01
8.938025698919306317e-01
6.320654779319948569e-01
7.965870031887853919e-01
8.555769679089622048e-01
3.373593473031376022e-01
2.511760033266094982e-01
6.036002196974615819e-01
4.435767157800931115e-01
4.749936764510995779e-01
1.519799244926746395e-01
9.421670026978238299e-01
6.304292674518291451e-01
7.646665802946694956e-01
4.548222077373813566e-01
7.464088079499296979e-01
5.000000000000000000e-01
5.878394645502258431e-01
2.331102989586680552e-01
7.289930644797025794e-01
