6.510079362077346721e-01
6.777374304882911593e-01
6.367743963837857457e-01
6.360729036573204986e-01
6.340502337927653720e-01
6.717430460226944122e-01
6.367791114122436369e-01
6.360651820620024655e-01
6.469131037354227676e-01
6.358234894806567006e-01
9.971253396601330588e-01
6.360425993093187236e-01
6.326292267326222296e-01
6.698121994634796961e-01
6.668708088701056358e-01
6.819137045816803244e-01
6.732973761711483762e-01
6.816130915092296627e-01
6.917383389430304952e-01
6.724393427961341541e-01
6.902462486319044244e-01
6.776482926193202472e-01
6.885499015958550517e-01
6.913644594504436691e-01
6.793925903350831463e-01
6.799970092572401592e-01
6.462157451221574034e-01
6.482217270000675269e-01
6.468824434536368795e-01
6.482204887598921328e-01
6.464025883375916770e-01
6.490063312707926579e-01
6.476645260666392678e-01
6.482457293856712655e-01
6.476348399870907047e-01
6.452027654384211441e-01
6.490783032461816537e-01
6.522238018393872183e-01
6.492452110574504776e-01
6.456490882962577782e-01
6.525638100942428022e-01
6.473184003425064281e-01
6.518790334787778473e-01
6.564320025462654362e-01
6.506940453958564019e-01
6.477773429212356771e-01
6.568271403549739151e-01
6.429109635936423039e-01
6.472827925127254689e-01
6.452948517599573774e-01
6.508610219441468558e-01
6.531067076872031363e-01
8.097809077468099970e-01
6.216459280984734104e-01
6.214919718912278457e-01
6.423087989593612157e-01
6.214637848934870812e-01
6.214606559535124086e-01
6.194369406336138750e-01
6.214680842365861713e-01
4.868004516992221475e-01
6.214638025352716699e-01
8.352960842947783071e-01
6.369002403965627890e-01
6.221766615919559484e-01
6.082950003333281730e-01
5.833930963623056298e-01
6.083202129523803681e-01
6.099804115606044519e-01
5.943447372697632236e-01
6.995550238634182794e-01
6.079016175783009679e-01
6.007782353894389749e-01
6.083186227436238047e-01
6.083421918391774819e-01
6.082739984236271713e-01
6.121345428464459726e-01
5.580161060439025045e-01
6.637885320406188283e-01
8.114561849305454988e-01
6.885252484580465238e-01
6.985387080549980698e-01
8.138925409463400040e-01
7.848329362401812448e-01
6.550405232519214138e-01
4.819308754306454445e-01
9.187948290631040571e-01
5.417264979696254645e-01
6.653152290642416755e-01
7.442215586583780240e-01
7.527185026055276396e-01
6.822533146939344650e-01
6.015585942246547413e-01
7.093574879592191573e-01
6.316489806245025873e-01
7.025207418864574116e-01
7.021124396696758474e-01
6.394686636037492100e-01
6.876336888498589817e-01
7.215696051797821919e-01
6.752182259838783729e-01
7.426857192986991985e-01
7.157051177848110513e-01
7.570692004285040078e-01
6.429498886415804249e-01
7.215141637804886043e-01
6.463122225148135724e-01
6.263381935575506043e-01
6.440637395942409027e-01
6.440654010699214949e-01
6.440594774148964419e-01
6.445396048470768413e-01
6.430277734735287964e-01
6.396216172287016999e-01
6.440529515980634168e-01
9.095698234614500999e-01
6.173960445766150107e-01
6.532631958850797504e-01
6.532664336515938697e-01
6.652380942186975066e-01
6.215209452580116034e-01
6.538746820273990679e-01
6.533290050690779838e-01
6.532581285400321791e-01
6.532652687293852845e-01
6.532160873513849220e-01
6.534684687650622603e-01
6.531389038961232796e-01
6.532730748992553460e-01
6.539542749199426241e-01
