6.295702810004702998e-01
6.422498751892853353e-01
6.513634552956172330e-01
6.234568555941625290e-01
6.462729518992889055e-01
6.431907489550088286e-01
6.468951955645609875e-01
6.715200416919295812e-01
6.422819808128606978e-01
6.342275564372098495e-01
6.274862096658619937e-01
6.571730988274966379e-01
6.463784034515543953e-01
6.552814654747419754e-01
6.471595801616220056e-01
6.494894882747146436e-01
6.455694207171746024e-01
6.546372348964472065e-01
6.460958066356395912e-01
6.523181735724482566e-01
6.476302099168410598e-01
6.505275014861594540e-01
6.536828724341010588e-01
6.455282931799233292e-01
6.489770283000090290e-01
6.497168438702342064e-01
5.973743046343619190e-01
5.763337397384237226e-01
5.956386722992896843e-01
6.089520048916152728e-01
5.882352124191460030e-01
6.120798244933328691e-01
6.010872109327773938e-01
6.252874664735795784e-01
5.926705691891340777e-01
5.866485070274565228e-01
6.123911483614246087e-01
6.700820144292168878e-01
6.469563904223882833e-01
6.526004077740148457e-01
7.108125606501383142e-01
6.891015396606852139e-01
6.908580818740699403e-01
7.081946984202222017e-01
7.059178254717816126e-01
7.030339720256856273e-01
7.216182313983445784e-01
6.336132219373717955e-01
6.196758344590751477e-01
6.246276286930775301e-01
7.236347157856705126e-01
6.915994490393261307e-01
7.529375560216773344e-01
6.858550612751124209e-01
5.994991680612984375e-01
7.540359889542797012e-01
7.879446705452308741e-01
7.843455727529615729e-01
4.181674703273750571e-01
6.706355840516149414e-01
7.575509278193086615e-01
6.539122204982288356e-01
7.821571468065739996e-01
7.013189676306000875e-01
6.717496164674445769e-01
5.752686003098661516e-01
6.065040550734893676e-01
6.396798417180219465e-01
6.721869961995953213e-01
6.992677915893970031e-01
7.038932294858796235e-01
6.218328577494299791e-01
6.252750361291392611e-01
6.576317958779682726e-01
6.151234296274609159e-01
7.111332497440824296e-01
6.732505435895183021e-01
6.241648880696116786e-01
6.594111476252251247e-01
6.584306860805542172e-01
6.748962240559656101e-01
6.591268792726430181e-01
6.602046135369257218e-01
6.664819344854991945e-01
6.606111621987352800e-01
6.566242026521982300e-01
6.761979580474177798e-01
6.653794491273627987e-01
6.673489984932858832e-01
6.559389692521689907e-01
6.538480430657219733e-01
6.864820164913892908e-01
7.209655025680226093e-01
6.603031136459820427e-01
6.855832267947559178e-01
6.694464628801684025e-01
7.274187947798911313e-01
5.355576672608365341e-01
6.837698874364429580e-01
6.542032815210414576e-01
6.900798124451501536e-01
6.702914727461234401e-01
7.016295766351301477e-01
7.138274193964844194e-01
6.536913032994582373e-01
6.613219571633164318e-01
6.479078661237186454e-01
6.544596898743274549e-01
6.766090906065743704e-01
6.560136398188769480e-01
6.951457058326258043e-01
6.607621010443912590e-01
6.664853476389617226e-01
6.554614705681316433e-01
6.547707262264830241e-01
6.501171066411091104e-01
6.477079265864064128e-01
6.568845906032984017e-01
6.459558564595756502e-01
6.751200535308420347e-01
6.309561719419766179e-01
6.296861702238933933e-01
6.472365273064184521e-01
6.856716270985976358e-01
6.622974998741056885e-01
6.420792982045000485e-01
6.381235581210091823e-01
6.849807258404421173e-01
6.362377484135781636e-01
