6.397915879728458544e-01
6.567320076695376541e-01
6.464286317413863170e-01
6.470303803533290488e-01
6.677480932184497453e-01
6.382757767137734461e-01
6.290791638362327465e-01
6.551089209580470696e-01
6.325225162370499143e-01
6.451717975338339128e-01
6.360593487319322614e-01
6.525366734522178858e-01
6.445909722970378786e-01
6.572239530600424429e-01
6.067628088922700780e-01
4.443729163720413489e-01
5.268709757802011451e-01
6.857364791099292978e-01
7.914606520169921167e-01
5.919516884537392443e-01
7.068719143191123377e-01
6.915312113468832234e-01
8.622327618449965314e-01
7.247534080721366179e-01
7.594843719383441716e-01
7.341348269364869061e-01
6.803016813905179427e-01
7.860047471959091814e-01
6.627728734190035942e-01
6.591790025043718915e-01
7.615167626309896631e-01
4.533001417290349888e-01
6.762128053659954841e-01
6.136458701623264123e-01
6.476894608361583039e-01
6.622870743395271598e-01
5.994244313068033403e-01
6.396152458485513392e-01
6.328281991422026742e-01
6.466609887292094072e-01
6.643184854711092768e-01
6.477123373291668873e-01
6.449599601957181072e-01
6.524716695134875621e-01
6.524857931125073174e-01
6.466780511701870626e-01
6.523582871854960441e-01
6.462450553797716157e-01
6.215658354609775449e-01
6.452948102813647058e-01
6.408477047378683400e-01
6.521971451184110924e-01
6.644476244050552260e-01
6.193880284475128395e-01
7.007187414263488234e-01
7.682205538581156068e-01
6.385784101593661166e-01
6.102740867768086108e-01
5.525403655776172096e-01
7.206147601187302687e-01
7.038508431876581151e-01
6.930032003458083123e-01
7.451787049331294321e-01
6.485483915649706832e-01
6.254685860635117445e-01
6.340931425753008055e-01
6.517083242798281661e-01
6.119347857327851470e-01
6.526105089818917682e-01
6.604899615046111450e-01
7.108005267463708421e-01
6.132996870946423318e-01
5.000000000000000000e-01
7.491925202659996952e-01
6.812448441121714549e-01
5.835453976097775275e-01
6.175155940230691032e-01
6.771021278109981001e-01
6.902758270243899430e-01
7.158116474064877277e-01
7.546997342134986742e-01
4.830549871861348210e-01
7.039945967556229256e-01
5.232518380395114743e-01
6.602894107455348216e-01
6.705053458066343453e-01
7.513239517003015289e-01
6.466372557509288965e-01
5.955395223017247996e-01
7.482693214327097442e-01
7.591942168913241584e-01
6.575531274192012443e-01
6.992639517058985010e-01
8.250572619374554328e-01
6.183216359898651149e-01
7.277315006626148275e-01
7.099223646202530436e-01
6.108609851012292147e-01
6.379014608442755696e-01
6.631915593373742812e-01
5.501718258739318745e-01
8.146339908702626698e-01
6.260013614235233614e-01
5.739561639866049836e-01
5.895770441363794578e-01
7.432982939696717306e-01
5.082118778304859363e-01
6.739952170358076700e-01
5.000000000000000000e-01
4.468867254193640282e-01
9.306952986622638591e-01
7.282540717974750333e-01
7.841349230408727333e-01
5.916295065590753133e-01
2.421584801569708900e-01
6.954165222838312177e-01
4.329735605532480380e-01
6.306426726810671068e-01
6.524659243359492988e-01
6.502672458210309037e-01
6.531966188571349807e-01
6.525717730738854749e-01
6.509515740270704898e-01
6.271188047460111159e-01
6.477492201219506862e-01
6.494142985567581405e-01
6.511223045582894553e-01
6.488658897482759702e-01
6.543767194165608370e-01
