5.996495872069779187e-02
9.294725985506227528e-02
3.091302373446625645e-02
1.418095325406000529e-01
5.556680105906898481e-02
9.387618575979363167e-02
2.110241169661736804e-01
3.988838098106431418e-01
7.691439187616301576e-02
1.012317480010290760e-01
1.632139307835834552e-01
9.219425556862562154e-02
2.000258515378263713e-01
2.113683889943451244e-01
7.575109743405437912e-02
1.211944468446280454e-01
3.481331610128641368e-02
8.170027520320277681e-02
6.698104012533133422e-02
3.091302373446625645e-02
3.404038568584676766e-02
4.713111937987578270e-02
5.781124033948902008e-02
1.280865424698288957e-01
1.028585041501632602e-01
1.310582751764616527e-01
5.833030249012092355e-02
4.412140608177473472e-02
6.647766156887768840e-02
6.612036946558956796e-01
1.195922801908081007e-01
2.483854617171516177e-01
1.240383865960395515e-02
6.480887750671587844e-02
1.795583644648559296e-01
1.195960796625080147e-01
4.673554358267258402e-01
3.472204427300566998e-01
1.335265344783120589e-01
9.728699830840810414e-02
1.671724911897912447e-01
7.216339920087438964e-02
8.036431212399285096e-02
9.191197508928480864e-02
8.773723879713321572e-02
1.042836356125920738e-01
2.495887319748175265e-02
1.633845427392234817e-01
6.054710977037784658e-02
4.310815929704234217e-02
1.342817602808462352e-01
2.934108080849302455e-02
1.911323880723268462e-02
8.474733399376073451e-02
1.767990702740765974e-01
1.113095473940690638e-01
8.286334738934794664e-02
1.054630490462183240e-01
8.681279366884497861e-02
1.075337526561968571e-01
1.178499794968015935e-01
1.267261731759115606e-01
6.599174236361414481e-02
5.417785356313970652e-02
7.093456389742798518e-02
2.049665693848979342e-01
8.657352496125819696e-02
6.307471086515360759e-02
8.681279366884497861e-02
2.435136163394505393e-01
1.265177747057174840e-01
4.852585976137397950e-01
3.727000448520138010e-01
5.707092540901421290e-02
2.894895398247027130e-02
2.474416611248247411e-01
7.413917629203532755e-02
8.718488473305398279e-02
5.495957579227812168e-02
9.045379748809836973e-02
7.485742106914250460e-02
4.118442433195380614e-01
1.098979348948255219e-01
6.572251086838108713e-02
6.402692286474107597e-01
8.641845893610630713e-02
3.685177303352289713e-02
1.779994873710886993e-01
1.507654732251971774e-01
9.136413109994832860e-02
8.899420172336264256e-02
3.755732309281411413e-02
8.149686385609372641e-02
9.508546005129853151e-02
8.162404146401597282e-02
2.562912637299279428e-01
8.071016792891394509e-02
1.273926493615820665e-01
8.612613779684287485e-02
1.396189836972175358e-01
9.286210896378059576e-02
7.850261749673517753e-02
8.071016792891394509e-02
1.566177164877833872e-01
1.696463810737093014e-01
8.162404146401597282e-02
8.067596179422888147e-02
1.062637076675045922e-01
8.102507167855270420e-02
1.103288430160529049e-01
8.162404146401597282e-02
1.093966068553999110e-01
6.678334542900576931e-02
6.255407833463903777e-02
1.598440452244484500e-01
1.053413057375594958e-01
8.220671696511590298e-02
8.160496061367397691e-02
1.631951786681853922e-01
1.063924564666252764e-01
1.187279461812205672e-01
1.141105240299588874e-01
1.155346132509500884e-01
5.933139261541304360e-02
1.678624575404701058e-01
2.234937142971128166e-01
6.022732825275548679e-02
5.208378288103344966e-02
9.029692571455713579e-02
3.045318555405279737e-02
3.045318555405279737e-02
2.415587608615615833e-02
8.700479741670262557e-02
1.903904375895476841e-01
6.669437196926111810e-02
7.757952246775592919e-02
1.391647793560837343e-01
8.583184933268275807e-02
5.635787780924733648e-02
7.059103092460879136e-02
1.963194167612782315e-01
1.846327891857702796e-01
1.666487623653721550e-01
2.663448506382120051e-01
7.188382959345908374e-03
1.408535108855888396e-01
1.556091864777422451e-01
3.755183100640144822e-01
2.565882641480053961e-01
4.345645953814217810e-01
1.193547278920286531e-01
8.516836231347754693e-02
8.176096388921737235e-02
1.756778392801885136e-01
8.187739640869589469e-03
6.387081239342202732e-01
8.455559345901886292e-02
4.192506328063959065e-01
1.412060388926394405e-01
1.029515076583927963e-01
8.877132581282834445e-02
2.739767272709728307e-01
6.186771665604185594e-02
1.014853208197328549e-01
5.099094000219130118e-02
5.369957021604506581e-02
1.216474249699719123e-01
2.323714261687832849e-01
1.014853208197328549e-01
1.397716139187293038e-01
2.140924654580730335e-01
1.456175575783992260e-01
2.593740759564708842e-01
5.922152815897083894e-02
9.345610171189333570e-02
6.670619231880431377e-02
8.567339106860190345e-02
1.309315022075146773e-01
9.544344852357300457e-02
5.768714692433360436e-02
9.986851135394800294e-02
4.038357116825543047e-02
1.333979577261660276e-01
5.755842366830919016e-02
5.401511057384496273e-02
1.149325909143291830e-01
1.003529267871385577e-01
5.510365783926595568e-02
6.304779213418294781e-02
5.988044047643636958e-02
6.486697792619804115e-02
6.614175415010119241e-02
2.675124596373204544e-01
6.614175415010119241e-02
1.467954038632654779e-01
2.382917245297042630e-01
1.408230343253818184e-01
1.717233114321848608e-01
1.961102715559829290e-01
1.683574770603851467e-01
1.672434984983027506e-01
1.205168658799378040e-01
1.721257998971289505e-01
6.895054996275784553e-02
2.816796867130731408e-01
1.520211753822284240e-01
1.250788482715645134e-01
1.262953739741830561e-01
3.621972940437287458e-02
4.866020953841913854e-02
1.954657164800324698e-01
7.233678119972276888e-02
4.832258064151378346e-02
3.457281685633329521e-02
5.445526438717558648e-02
1.176094642406971674e-01
6.536551347758882968e-02
1.157043453270658884e-01
3.955775201937768853e-02
1.097912734371972593e-01
9.441195761381925011e-02
9.441195761381925011e-02
7.263123929623613306e-02
1.209911253533190040e-01
1.810185263030980041e-01
1.210368375723529094e-01
9.611581577754943484e-02
1.146211294717555257e-01
1.130298902973427277e-01
1.826185521701188252e-01
7.579260652626700068e-02
1.647911895768480739e-01
3.671227833950667374e-02
2.575501405282025202e-01
6.911776117819005971e-02
7.213604724517685973e-02
7.828000063927929852e-02
4.840047689438443657e-01
8.996106853124055669e-02
1.450455469648422036e-01
3.611897368277160181e-02
8.932979538593636970e-02
4.009797853000911932e-02
1.379208155501024657e-01
5.641295847199558067e-02
1.039411645213334651e-01
2.157954556051972506e-01
4.356396260426639161e-02
6.806845199247017753e-02
1.316975150561062180e-01
9.380314016141769184e-02
1.231670778353281398e-01
8.145130255542537556e-02
6.039919842441044545e-02
4.309710228149381955e-02
1.909880168279349810e-01
2.418872317010880846e-01
9.685417741564156247e-02
1.096463395461954038e-01
1.420529971503410038e-01
1.644972557452274164e-01
9.380314016141769184e-02
1.075397048847217402e-01
3.402042337768704239e-02
1.503130922426050842e-01
6.085438357425396183e-02
5.636279500528607739e-02
7.164636190890695533e-02
9.147558285166543235e-02
7.653214391940563188e-02
1.566823990527007604e-01
1.860675067090384327e-01
5.030702802542169616e-02
9.380314016141769184e-02
1.109269367292856773e-01
1.175849705992614985e-01
1.197961492545875223e-01
1.564529795074171281e-01
4.357755209572903299e-01
7.148002609329764945e-02
9.786922066748657278e-02
3.791748437742414324e-01
8.050395234559651336e-02
1.458636157341464124e-01
1.198764203053899330e-01
1.208855523146234873e-01
9.472243255532843131e-02
1.321220922667542819e-01
9.657758485328370168e-02
1.743584088264060195e-01
4.973907504952162356e-02
4.028242903537056913e-02
1.135755882855529059e-01
2.339314770789588105e-01
5.616893262321789870e-02
1.714006625219085048e-02
2.732028519627776042e-01
9.879558223300949349e-02
8.842014574837260554e-02
1.511857960077682417e-01
1.371475859208343973e-01
8.264732560160588382e-02
6.096600343464303462e-02
4.228027357531385921e-02
2.866407898070346127e-01
1.475573438995895215e-01
4.191407765462515922e-01
1.732624887368451883e-01
8.002086793941025344e-02
9.609350679404420059e-02
6.598662993676249200e-02
4.991631988294548822e-02
1.208691394257171009e-01
1.729890513525063067e-01
1.054204078673331019e-01
5.250046504763136029e-02
2.110333763298911577e-02
9.253101859482940061e-02
6.117909117829701399e-02
1.810846084523757837e-01
1.059069292451595978e-01
2.550655872291158199e-01
1.337841513819232053e-01
7.959586760372161507e-02
9.648505011722335878e-02
9.905888744272710322e-02
6.621289762565550630e-02
5.886820239883287786e-02
8.542555486815935073e-02
1.313808240972074159e-01
6.177805544012392180e-02
4.998786462044615964e-02
1.297119906332117600e-01
3.709545699615024450e-02
7.743185052591577966e-02
2.608289400419238624e-01
1.657932207805014671e-02
8.388129961318702144e-02
2.242450152941135866e-01
2.287241595344760570e-02
1.569157363366864219e-02
1.802132618323060986e-01
2.354251980322347448e-01
3.293479806969817902e-01
1.212887700532727098e-01
4.104940181018398859e-02
1.144776525885341095e-01
3.605826625061389068e-01
1.061946998518606827e-01
7.130757389601592722e-02
1.061946998518606827e-01
5.669852843991451952e-02
1.431172246885584198e-01
1.431481748342475491e-01
8.972783961973954114e-02
1.444288004502399525e-01
1.803071584292050278e-01
7.960888381193655106e-02
2.271676067051159598e-01
2.372804006178734770e-01
1.678317873019293527e-01
4.751409553263910013e-01
2.830697187010485991e-02
5.311199295302694579e-02
3.513398482520417587e-02
1.623649071364782204e-01
1.639235740208376257e-01
5.847420685687046427e-02
2.085778833888822167e-02
3.323884852366906090e-02
6.501772357682618353e-02
1.349952971865880369e-01
6.468130607844613245e-01
5.107956832966156768e-02
1.358238228692950078e-01
1.437376916765139290e-01
1.476781604044474228e-01
6.834332046531634008e-02
5.380856027812308540e-02
3.456664771948605996e-02
2.667182220070433707e-01
2.070140658175667961e-02
1.271765152048170457e-02
1.531427175956222297e-01
6.401931270141138219e-02
1.826681758407789347e-01
5.756961607709662476e-02
4.755194127972192653e-02
6.305618046823137368e-02
2.552304399525245904e-01
2.725116585043181952e-02
9.362545051084314451e-02
1.436912702143512965e-01
4.589238124153890291e-02
5.937717907527460814e-02
1.343477397361387271e-01
1.437376916765139290e-01
4.740298021940700379e-02
