7.116689070365794789e-02
5.672205820214772098e-02
4.203026205444440611e-02
3.131139016787908291e-01
1.030403973851303778e-01
7.505920129741298907e-02
1.233560416371272672e-01
2.784631904616770570e-01
1.111655567843938403e-01
1.238970118017582583e-01
2.241571584108456305e-01
1.918634177507490268e-01
1.936355827887479286e-01
9.588397760787642499e-02
1.143851715939056268e-01
6.911993576732983202e-02
6.038975476771261952e-02
9.920261472124988766e-02
8.184389229615825212e-02
4.203026205444440611e-02
8.090693532327972171e-02
2.362671059753725100e-02
5.446757299136072844e-02
2.447662681298758691e-01
1.862441856158460196e-01
1.463177275900279795e-01
1.063736123281448509e-01
4.067784389529437855e-02
2.479684053718329839e-02
4.909359950045836807e-01
1.451412804246005606e-01
2.582787318223051520e-01
1.844238407515579395e-02
1.747746170678664002e-01
1.038049059497172660e-01
1.359132868837787389e-01
3.152605862322127028e-01
3.103144291619103767e-01
1.400545057143075534e-01
2.048573131362572686e-01
5.728551125925622767e-01
1.353454019253520768e-01
1.351929250732479271e-01
6.712831267960624182e-02
1.351368305711670159e-01
6.714077654413949658e-02
7.664340262458937958e-02
7.812110031682741040e-02
1.351816657382189646e-01
1.351142618241820414e-01
1.352206537355358229e-01
1.351929250987432274e-01
1.351929238919355736e-01
1.107270971738777143e-01
1.351929239568841756e-01
1.121235991084241906e-01
6.386759672193127735e-02
1.070962966085839824e-01
6.714077654413949658e-02
6.705954263221249045e-02
1.324340814390554399e-01
6.715819126799228711e-02
1.333779727244951974e-01
1.281621648593208040e-01
1.351154136031281483e-01
1.351929250990680509e-01
1.349848994698316096e-01
1.351857949311659757e-01
6.714077654413949658e-02
1.352951808920092591e-01
1.351946574375819665e-01
1.351931469393019281e-01
5.728551125925622767e-01
1.350218684934714752e-01
9.974693506355821748e-01
1.352692172489105282e-01
1.349015118009044001e-01
1.351930306223467493e-01
1.184123347514769997e-01
1.237704118172971296e-01
1.195378063656851869e-01
3.138126287211160936e-01
7.285932583516992189e-02
8.260244985836513731e-02
3.062195966034690908e-01
8.362401127452175065e-02
5.121647038981194666e-02
1.876443614596942366e-01
2.383719034585623786e-01
8.798571108123807993e-02
4.689471395331469561e-02
2.582467850177046567e-02
1.409885099799490782e-01
1.056371865934940812e-01
8.260244985836513731e-02
5.152205810837344468e-02
7.784616713494729723e-02
5.740791821601712308e-02
1.277260788559854421e-01
2.143813890127852506e-01
6.826082870953474602e-02
7.784231743167065176e-02
7.784616713494729723e-02
1.238478950919913169e-01
2.984983217015327317e-01
8.260244985836513731e-02
8.702533373543754058e-02
6.581575021966269701e-02
1.260797909783984982e-01
1.173680312335118880e-01
8.260244985836513731e-02
1.698661342391654394e-01
8.260244985836513731e-02
7.964451520769146031e-02
1.366962784559685173e-01
1.008926347552774189e-01
9.015201786145694840e-02
5.740791821601712308e-02
1.103464175257134611e-01
2.747675762097388438e-02
9.762705481858000023e-02
1.700929265480772556e-01
9.840592931836680823e-02
9.537456959244290655e-02
1.207248751835001827e-01
2.202830304723734367e-01
1.100531047369674026e-01
1.357476197846671784e-01
8.070486533560319864e-02
1.209471060725923197e-01
1.209471060725923197e-01
9.749901906864107126e-02
1.038276009742438721e-01
1.533350008672542952e-01
6.744226366036298881e-02
1.319603987746908180e-01
1.556359324081147966e-01
1.192211613613282511e-01
1.041120229026965965e-01
1.448480066254173859e-01
1.211539393015101523e-01
1.053679280946787367e-01
1.087481197136933447e-01
1.897728398810787365e-01
7.302408417756724168e-02
1.432282216242509454e-01
9.378465908990306354e-02
9.485739020886707618e-02
2.612546312067838827e-01
1.284383832371704393e-01
1.129218452628689418e-01
1.544581286278868260e-01
9.292562476148068240e-02
1.336854221443366519e-01
6.642780420333617430e-02
1.453352727794455790e-01
1.074405595573401928e-01
1.617538950556996757e-01
1.344591197764858082e-01
1.147472110513334115e-01
1.439638612368289716e-01
1.374240922171319490e-01
6.751534033401886126e-02
1.194259002513682055e-01
6.195638335628468607e-02
2.331331928177350354e-01
1.473179209414178514e-01
1.040236317892173079e-01
1.194259002513682055e-01
1.798133840982208964e-01
2.753770585455357356e-01
1.923811138817861366e-01
3.397310427733284954e-01
1.297140259233900972e-01
8.345169543540562063e-02
9.831001543871790982e-02
1.074045691133149183e-01
1.538037600986718323e-01
1.015395883163003610e-01
5.151242273682455491e-02
1.194259002513682055e-01
1.437442613570467584e-02
8.415589756703682756e-02
6.122649527429669530e-02
4.563421137875054573e-02
1.060327403751821912e-01
1.081182795704587890e-01
1.016650798428821861e-01
1.773221764024250358e-01
7.204348903361143530e-02
7.342885959754039127e-02
1.750260190226626475e-02
1.708017522943787170e-01
1.750260190226626475e-02
1.521368389604600413e-01
2.477282411578347332e-01
1.021270655970021729e-01
4.109292460683526271e-01
1.132421208736267976e-01
4.329789594839228775e-03
1.470151294362612437e-01
1.091876668898442010e-01
1.122377983841334470e-01
1.134213317646290964e-01
1.474141357660753993e-01
1.324784682764334753e-01
1.443915228560545272e-01
9.223643797523420340e-02
9.618092965565902541e-02
9.847661112596214905e-02
1.467242474729772150e-01
9.817457454669528683e-02
6.197688628430883528e-02
7.752013626208718866e-02
7.888829218641241203e-02
1.287859116818263761e-01
1.108654461000381786e-01
1.394173581722832622e-01
1.039144194392372933e-01
1.563082251312027937e-01
9.638534708003698714e-02
9.638534708003698714e-02
1.382733322559472067e-01
1.149007318601109190e-01
1.048184754429949544e-01
1.486201733447792273e-01
1.040420635065877758e-01
1.096809160929471810e-01
8.346128077189145233e-02
2.073225714289494426e-01
8.756170998658444060e-02
7.530711648431202831e-02
7.637916575976698430e-02
1.047064302415360443e-01
9.503934665088137335e-02
1.123021060670507665e-01
8.762732050861200828e-02
2.229680374420613398e-01
1.146862391722905938e-01
9.276987540075519456e-02
1.293707445826695057e-01
1.116717299625623744e-01
1.102724005795499146e-01
2.201577240844312666e-01
7.577189481022809925e-02
1.421055145242627049e-01
1.264224901627315489e-01
6.823387706829933674e-02
1.407994357071103708e-01
1.093979707770941223e-01
7.172182516428186883e-02
8.995880881747687907e-02
6.733912402085485971e-02
1.092242495448013384e-01
8.161724950846675763e-02
6.208742280943406466e-02
1.388116987058145291e-01
1.442888768670602118e-01
1.833787094263469863e-01
1.282396538432935829e-01
8.735885301633453115e-02
7.172182516428186883e-02
6.441227326457045488e-02
1.021256708538410968e-01
7.130434107849444036e-02
8.169420897793210068e-02
1.082807342465035433e-01
8.115424108535967962e-02
1.099098195891204666e-01
1.241417312026267677e-01
6.761960439100972442e-02
8.695312032629660959e-02
1.137943462636357983e-01
7.172182516428186883e-02
1.265409175884978921e-01
1.007385734320493942e-01
1.590793943569704105e-01
1.304077229413866668e-01
1.793430116766361881e-01
6.542540198717398947e-02
1.123131585901888524e-01
1.759707579947646927e-01
1.458203791384469483e-01
1.202589541178896299e-01
1.086190708928829185e-01
1.769416646158588347e-01
9.128418735024346198e-02
1.038424191469409091e-01
1.733537053500543990e-01
1.214614587742011836e-01
9.830832411396203674e-02
1.109842245782449582e-01
1.588099658741181086e-01
2.812627470972385302e-01
1.208414815865122838e-01
7.353013452273572670e-02
1.489483283297406979e-01
1.545518811265673698e-01
1.529709265856586120e-01
1.448814165391144604e-01
1.587687847764196469e-01
8.599107722112626917e-02
7.495585809917917897e-02
1.236340629238215916e-01
1.894094200032394315e-01
1.366279086081838567e-01
1.671956663296468026e-01
1.995661768488775079e-01
1.545518811265673698e-01
1.243985081929007003e-01
1.036875397292365414e-01
1.864580800962883367e-01
1.554791161760363805e-01
1.614711158860057949e-01
1.102932259285790417e-01
1.300834140012629148e-01
1.310839624012610505e-01
1.009292830957269349e-01
1.362505517838688562e-01
1.553837695455453916e-01
1.442593108111653033e-01
1.349347628204669025e-01
1.293307349198914158e-01
7.858372226444168551e-02
7.538434997075253718e-02
5.350582614915895541e-02
4.164319865741656496e-02
9.426810726408220431e-02
6.861181055597025125e-02
1.373894350386120899e-01
1.037282051906279756e-01
3.061431086719063749e-02
9.547895056779985568e-02
1.483097106179175617e-01
7.380731001008211667e-02
2.036452612857606592e-01
5.983664232069120514e-02
1.300759736214733842e-01
1.267914444835059606e-01
6.353349505654980189e-02
4.204689741571542710e-02
1.601926712633868488e-01
1.498573533970437577e-01
3.120450474662490592e-01
9.835191525542703872e-02
7.068710237716396838e-02
7.263519339493258731e-02
2.425466805684092786e-01
1.037282051906279756e-01
9.355013177016460735e-02
1.037282051906279756e-01
2.422805219164975987e-01
1.724761646688980632e-01
1.373771653356931910e-01
1.116181018358921861e-01
1.338645601439293342e-01
1.413183125815095365e-01
1.000567905541721592e-01
1.313793311835420863e-01
2.025778293949953568e-01
1.169732186344056429e-01
2.230970265953327869e-01
2.396308185886621839e-02
1.007680961061142438e-01
1.445948742507807971e-01
1.153133222608396236e-01
9.341272002669900876e-02
1.672908714171592592e-01
2.700988068910918291e-02
2.989388319767040045e-02
3.527509281446986056e-01
8.120555072464630264e-02
6.670800700330860034e-01
2.339720864429457176e-02
7.878453026343472387e-02
1.016326594567149577e-01
3.294525543958197189e-01
1.013763819337175354e-01
6.253925419605371738e-02
3.298956196960540349e-02
1.940926352854591974e-01
2.686823587874168778e-02
1.915416920842808249e-02
2.129192798467579029e-01
8.895515532543783743e-02
1.654613727952670144e-01
9.330071585412075263e-02
5.000000000000000000e-01
1.501987278130474147e-02
1.877817297271263119e-01
3.340019513477556629e-02
1.216131663307435523e-01
8.431031483526102432e-02
7.542907641150227438e-02
4.735660096445855338e-02
1.760592888996356797e-01
1.016326594567149577e-01
9.595544542572001512e-02
