1.258247069070517754e-01
6.011381219316373065e-02
2.239854380852450769e-02
1.018441624020625103e-01
5.543228808280332293e-02
7.926801095016344778e-02
1.113967553636334429e-01
3.786746175838604511e-01
7.546846381217359179e-02
8.628911335466886434e-02
1.369570730502687184e-01
1.754718721932423398e-01
3.131137710164789145e-01
1.720494358024553805e-01
5.916613435717256453e-02
1.749319314203120201e-01
2.495932579457542724e-02
1.137756591187391586e-01
1.131908212718619744e-01
2.300838833322808169e-02
6.087031612927624319e-02
1.325167168086968487e-02
6.867119959715796418e-02
1.275029816127834503e-01
1.000271360910450352e-01
1.737316534525234768e-01
5.074759310756617181e-02
5.965034041296569250e-02
7.520485054360678823e-02
8.044311855105554798e-01
2.330171446250492787e-02
4.076768768362694084e-01
1.579945596872548222e-02
7.856419446463530631e-02
1.224793357191732435e-01
1.433336276638113305e-01
3.828406894434169261e-01
1.846004756377860045e-01
3.282234493482272253e-01
1.172889951515764528e-01
1.818741686527829138e-01
1.316453880720368230e-01
9.426428236803172100e-02
1.041013532713021134e-01
8.032893805637948692e-02
7.903388969645520901e-02
3.647192687793329724e-02
1.630182398722383741e-01
9.523387289144219503e-02
5.432459915368419850e-02
1.683034395141224104e-01
8.169886529325026681e-02
7.088745334710601365e-02
8.727712123890388196e-02
1.578769500696989569e-01
6.362588006700492516e-02
8.832297904482040718e-02
1.141915914735883858e-01
7.659863671448617628e-02
1.215217247268966932e-01
8.253883224175746769e-02
1.121602591610160321e-01
9.548335628144800913e-02
8.480573419489639830e-02
5.288763614420914638e-02
2.133736726027138653e-01
8.906802514353200084e-02
1.744561527058095252e-01
8.453550862519253195e-02
2.675142326021354156e-01
3.205356745226691229e-01
1.698911129295361533e-01
3.140291043931185966e-01
5.060179360377247554e-02
7.306318508838742509e-02
2.586999678220701648e-01
6.393487185232862857e-02
9.063931717584167158e-02
9.798921707475363729e-02
7.297149056123254651e-02
7.840559128428778446e-02
3.102730956497726789e-01
9.094777461650892236e-02
5.559317189561981121e-02
5.000000000000000000e-01
1.176221529472841754e-01
4.301482244581809888e-02
1.143074110456021447e-01
1.590162554747147350e-01
1.083280149452297558e-01
7.520168085172442007e-02
4.594253954257803557e-02
8.433942913064917946e-02
1.013911743364194901e-01
6.138677380026073827e-02
2.184647722726721086e-01
5.710835707299588559e-02
1.268653314913852359e-01
1.169814582220363580e-01
1.681643203686760124e-01
1.188851962147544211e-01
7.511488461710219555e-02
5.710835707299588559e-02
1.542627294753234346e-01
1.693023445365366420e-01
6.138677380026073827e-02
7.896607246229375709e-02
1.114491820279590595e-01
7.086128789179151066e-02
1.065304183084303524e-01
6.177137981877948991e-02
1.650337822310399549e-01
5.902448978761243997e-02
9.461868013617515116e-02
1.240780380142463973e-01
1.121682221489709724e-01
8.070754791463775890e-02
1.009288427237797908e-01
1.564975394835504130e-01
1.392716274050416481e-01
5.056728041366515686e-02
1.647325137949128826e-01
1.836295354648395939e-01
1.412962868990276233e-01
1.249557916490455362e-01
3.450973770074639568e-01
1.203243421785517575e-01
6.099434720480831351e-02
9.895274310863745593e-02
1.606506835971464875e-02
8.209703608514438977e-02
3.638681185104329641e-02
6.415691706059276078e-02
1.865401932343043190e-01
3.889147487095830774e-02
9.489036330746454528e-02
6.628635301421634263e-02
8.409663654380689080e-02
8.709730561430067963e-02
1.564863071773346381e-01
1.592573968156093533e-01
1.093859573567702026e-01
2.735189464699304129e-01
1.554392390464745533e-01
2.784169904611925525e-02
1.879358261498993155e-01
1.368656240478542951e-01
2.711377740119433888e-01
8.531803036648860639e-02
1.406169682715311675e-01
5.042377505586986136e-02
1.299060346534018362e-01
2.056883825185635076e-02
3.105850135080227004e-01
3.597801984629365318e-02
2.565843238154601469e-01
6.676923433634356086e-02
4.797013567035097736e-01
8.128864891323221709e-02
7.993230677014302732e-02
1.260302352359755351e-01
3.763531945524887234e-01
7.719144332401291220e-02
5.847945436732308183e-02
8.806235141033905145e-02
6.692471320386134126e-02
1.375504209613156725e-01
1.259202932715873247e-01
5.847945436732308183e-02
1.237888879917271312e-01
2.295526631483396363e-01
1.642509534108677616e-01
1.673578232203144778e-01
9.263493207523634809e-02
5.471137892423802440e-02
1.099022273924478432e-01
1.058323814384948547e-01
9.665805062397993253e-02
9.468807102978041290e-02
1.173131027854938113e-01
5.945273855317816103e-02
6.711160408607844130e-02
1.391621783829708192e-01
7.873816536615944883e-02
7.408132327265219697e-02
1.472619976991458024e-01
1.071182456564120644e-01
3.041106040032543617e-02
7.917705266085307836e-02
4.962386525283030841e-02
8.646102628009266766e-02
1.230503050023486616e-01
1.743547375687908851e-01
1.230503050023486616e-01
3.609228543399954359e-01
3.138808226167044690e-01
9.391785907070993034e-02
2.208255480964194106e-01
1.672856938169682006e-01
7.985880927570923604e-02
1.164738961954435298e-01
1.028358163635364336e-01
1.386530076902434683e-01
7.354989245836471290e-02
3.415662914050139332e-01
1.360589174316133021e-01
1.231106509684206513e-01
1.323634392345962030e-01
6.437657294341669889e-02
4.931459273518703362e-02
2.932242625446551676e-01
9.340676457967078683e-02
5.643096295967309217e-02
1.267904733647321272e-02
4.909694688662612216e-02
1.066823156191199357e-01
6.699429002785153853e-02
1.264230953323817741e-01
7.363028647364826262e-02
9.980010744524789312e-02
4.377436985696708110e-02
3.365780056020280242e-02
7.945198395622690701e-02
6.905506318305132396e-02
3.359139086705503208e-01
1.107167188291986321e-01
2.056700095094919911e-01
2.887152623003111929e-01
7.821893188297125710e-02
2.209493018321863067e-01
7.649151227398028052e-02
3.440664543824015209e-01
3.975156359043344190e-02
3.426741387797053728e-01
8.661826893528995486e-02
6.962031734320395238e-02
7.904537949055129298e-02
4.216010317309987210e-01
1.015061857412965646e-01
1.024099141462023743e-01
1.624664856205530056e-02
9.938388176783803651e-02
2.230754230228023174e-02
1.445663603497069349e-01
2.830124034945631986e-02
4.025334607587701535e-02
4.838253564990500633e-01
4.701497737918624437e-02
8.676311446291577745e-02
1.702255789410285769e-01
4.738281032874828297e-02
6.401759604281405391e-02
8.395730552604666053e-02
5.354866900633668131e-02
4.264664913047207240e-02
1.867845173125429192e-01
3.001278862522667179e-01
1.394981537427340823e-01
1.074052118909069181e-01
5.140925560191246246e-01
1.602760548921800254e-01
6.174246530945224493e-02
7.321923344971417724e-02
6.042576310645733639e-02
1.419748030731567134e-01
8.075675460043751919e-02
6.475481907609496879e-02
6.330361608704514198e-02
5.854020185642027502e-02
1.175030003088778363e-01
1.330182953921485722e-01
2.157031229038664788e-01
2.399195624490238141e-02
6.174246530945224493e-02
2.595798311037921247e-01
1.150503302888421647e-01
1.823973484783587007e-01
9.785013720213935062e-02
2.138102620173552293e-01
3.572840849662659024e-02
1.595528018922477420e-01
1.987040616178957497e-01
1.803645063166864349e-01
2.050163066092600128e-01
1.137886559595555347e-01
1.888955308056015359e-01
1.568983640594630857e-01
8.014205020516716738e-02
1.245211829590569946e-01
1.213709628433615323e-01
7.702411350945952140e-02
8.807694218478356873e-02
1.110709402940355250e-01
1.544693702796118562e-01
1.183989712827486496e-01
5.954643515162388184e-02
4.697215437050941689e-02
9.923144121304075527e-02
1.476909985490916510e-01
2.679466728393489761e-01
1.441280195265559616e-01
8.400081294095222695e-02
5.235523867340112492e-02
7.904848773158086594e-02
1.950997771036096784e-01
1.928314669300755513e-01
1.535615703991320413e-01
4.004240514061694345e-01
1.084445106342967341e-01
1.342845948427012770e-01
1.653328641523016396e-01
1.504470739854222305e-01
6.395958883109600923e-02
1.672547789247281202e-01
1.464180606543442620e-01
9.209476741788662213e-02
1.478963866712355579e-01
1.105552334373001017e-01
1.001715628954032294e-01
2.089086333484190261e-01
1.064434724870315790e-01
2.800574215907881692e-01
1.375176117262710274e-01
5.185842069610735461e-02
5.296273132039094195e-02
1.384360598961453248e-01
1.082644930405126521e-01
7.601705859977279933e-02
8.933356410342294107e-02
8.185868007089441845e-02
6.860751230718652172e-02
7.238928903292932149e-02
1.065989712037645198e-01
4.502762351497698046e-02
9.550902256348747787e-02
1.511095070540221241e-01
4.764647850490336123e-02
5.216543499069154627e-02
2.410968297006617911e-01
6.160158997103486189e-02
2.534688047102830535e-02
1.316709234510424487e-01
2.133322158460569662e-01
3.468463329543937657e-01
8.645623593953837005e-02
3.646564928080288370e-02
7.559149759486522013e-02
3.292026744014678319e-01
4.297054952057390020e-02
1.318610966317008415e-01
5.464062881181367543e-02
5.265619495019600166e-02
1.057551174843704561e-01
1.692163957891220372e-01
8.433837523834454564e-02
1.347160966603175858e-01
1.642194089706555393e-01
1.440993197655277003e-01
1.804600704574450265e-01
1.232816725324899082e-01
7.530120646243801397e-02
2.403445589521624459e-01
1.459532346207228180e-02
5.252302593297914629e-02
3.198954033837789201e-02
1.261420112935962290e-01
8.257602227975546771e-02
6.140477094486081894e-02
2.573094856312536233e-02
4.291581954967364082e-02
1.119945096762405140e-01
5.658572989736901371e-02
5.614197059081486030e-01
2.330222122163189136e-02
8.607202584037107473e-02
2.067125427384139402e-02
1.294356788856514118e-01
1.250988629627312332e-01
7.451684688442158921e-02
5.099233527168049035e-02
1.772731502774384793e-01
1.294341770732760667e-02
1.119402032244196966e-02
1.416335626077147025e-01
2.378253683427916307e-02
1.251562935667322185e-01
7.523935562968737945e-02
7.930932155960603719e-03
3.110481943633986238e-02
2.436688719514696622e-01
2.863995986967367638e-02
1.535532189463144070e-01
5.913801830908224644e-02
6.331493051993329624e-02
4.739110663936177414e-02
2.616380590710081777e-01
5.005991262640921598e-03
1.020149992179344850e-01
