1.189230803804820491e-01
1.095327019421117737e-01
1.220759828537954644e-01
1.903581313859078195e-01
1.366636127263357314e-01
1.313144456497226942e-01
1.338616677732937799e-01
1.343532730776605122e-01
1.114272465732999984e-01
1.164377709196309091e-01
1.019169558111770457e-01
9.564537862138945690e-02
1.365097200962589741e-01
1.297702156448805044e-01
9.633745004969590520e-02
1.284223024682357162e-01
1.153870264833718184e-01
1.104270712425518414e-01
1.152864739366264435e-01
1.262241889175430565e-01
1.159868927482677198e-01
1.300020845047709928e-01
1.533208467181578494e-01
1.427497774048756829e-01
9.253948953559780477e-02
1.097297241288403141e-01
1.383967316978104711e-01
1.128362340962155014e-01
1.046599024932142741e-01
1.768463685057971024e-01
1.422390168514328368e-01
1.364563244534043873e-01
1.110819805011920847e-01
1.416692653005064972e-01
1.123255169241498402e-01
1.455772256009519316e-01
1.336592329902953069e-01
1.087092445191236018e-01
1.343729119071984668e-01
1.534486798016121145e-01
8.909654152576432784e-01
1.388692997594744294e-01
1.382650602427455133e-01
3.468397376344639627e-02
1.242089227195088547e-01
3.413103104370673185e-02
4.009330524565270226e-02
4.549839005628856375e-02
1.381839104660172735e-01
1.337952305698752453e-01
1.387959094992552989e-01
1.382652005141420115e-01
1.378342135619566033e-01
9.923333861571877190e-02
1.382634095725835677e-01
1.298173966389500056e-01
3.104996138854240403e-02
6.151210360952916872e-02
3.413103104370673185e-02
7.092924780140802410e-02
1.265593840464277198e-01
5.588453034467611574e-02
1.382889423397953843e-01
1.238591112175331799e-01
1.375093603298458977e-01
1.382647537236980084e-01
1.327971998044102375e-01
1.381011079608321090e-01
4.191240864176259268e-02
1.383803401305408742e-01
1.382650567962642463e-01
1.382604956234949056e-01
9.828416689690221419e-01
1.379022335062328186e-01
9.999985307016274749e-01
1.399840487115810161e-01
1.372714841243050377e-01
1.383355156599684055e-01
1.245981496891398616e-01
1.233714947846087234e-01
1.187532688890346466e-01
1.181376677644845469e-01
1.195053985493076398e-01
1.173269040720054529e-01
1.458208719160142552e-01
1.069405942234013945e-01
1.092541482452028812e-01
1.159979767769065001e-01
1.325115165269053485e-01
1.268914912517140892e-01
1.265652784848699808e-01
1.005593050434047675e-01
1.293650901006065390e-01
1.320461195641604302e-01
1.173269040720054529e-01
1.367619424970034914e-01
1.132544542628113188e-01
8.233133991646915395e-02
1.461846568883714836e-01
1.694690441003709191e-01
1.179214044910208703e-01
1.108297631010400353e-01
1.132544542628113188e-01
1.095191203832290294e-01
1.458052982781289919e-01
1.173269040720054529e-01
9.887762230894969750e-02
1.037982863680325663e-01
1.188315324626855185e-01
1.467488492857356996e-01
1.170434666871745105e-01
1.540363028302400850e-01
1.143321843419539269e-01
1.025443015634587007e-01
1.566205670640972991e-01
1.215224710828447102e-01
1.048480875911954047e-01
1.165186663639819070e-01
1.430837892906933750e-01
1.126145275525731321e-01
6.105942214197321305e-02
1.869762071210835930e-01
1.330741092781118906e-01
1.351808482522304233e-01
1.641341238498312538e-01
3.477007376526836668e-01
1.446632951143678736e-01
9.886129842358128139e-02
7.740647291538692298e-02
2.626206364820562675e-02
1.220269132681564977e-01
4.597646658115227963e-02
9.354540413242515284e-02
7.970994786574905899e-02
5.162491878029226017e-02
1.891963638728844099e-01
7.962367650785757978e-02
7.294570002289066379e-02
1.309510349347816627e-01
1.543181911311261312e-01
9.125666877932046839e-02
1.399808386144495709e-01
7.666691325959441861e-02
1.444095574795961623e-01
4.436253907771743610e-02
2.089428348654085443e-01
1.079633324313419573e-01
1.606363761645192012e-01
1.022767221048432318e-01
8.943511070346069070e-02
2.207659292178616381e-02
1.183368776519706789e-01
2.465447967751685510e-02
1.689948822183576782e-01
3.997192180729172706e-02
2.062949353523702845e-01
5.877515321703875167e-02
4.644996235255429706e-01
8.326811113955528976e-02
1.635138222476516523e-01
1.858522172417062246e-01
2.792648196482012679e-01
6.371850822622049382e-02
7.738615648765172217e-02
5.291151541580130235e-02
1.690070448691919913e-01
9.987110597511798804e-02
1.411004678537320367e-01
7.738615648765172217e-02
1.232033764349930866e-01
1.906872043180393439e-01
1.990258949106439301e-01
2.045686945560464820e-01
1.431134549923768207e-01
5.717337482316641600e-02
8.530755022093206019e-02
1.210631606980822200e-01
1.379310261130577420e-01
8.140604678237568781e-02
1.086089967748367496e-01
7.738615648765172217e-02
6.127730902633107130e-02
7.964121797490510135e-02
6.330489306055919752e-02
7.751795379491434324e-02
5.989751418532790472e-02
1.508083055980639353e-01
5.188883987491109406e-02
1.528904811710665168e-01
6.829251620383151866e-02
6.975526422384240033e-02
8.032954808139031178e-02
1.335672949112219343e-01
8.032954808139031178e-02
2.259086839149924975e-01
3.279591209382493044e-01
1.165384350973964200e-01
1.691867483094013080e-01
5.949730322474962307e-02
1.994490591366840024e-02
1.136880367541672210e-01
1.162014365411193906e-01
1.651835668303540394e-01
1.051460162027380296e-01
1.250158244617274594e-01
1.432292107595216635e-01
1.315350685517950591e-01
1.179631478097513675e-01
1.406298820582434217e-01
6.916431133161107803e-02
1.523602560911832271e-01
9.840390963844911076e-02
9.705549871317198374e-02
9.793689865327689925e-02
1.079226734829405177e-01
1.143680157870446273e-01
1.167499488822798387e-01
1.283550910124584277e-01
1.001753194906762900e-01
1.374078559414620704e-01
9.747411044091970622e-02
1.005610772695657851e-01
1.596910445687574898e-01
1.114152567494891000e-01
1.549242430055400577e-01
1.045932000174420173e-01
1.732263388230771417e-01
1.703053693610833141e-01
1.648237322704375618e-01
2.453505209982511925e-01
1.242854150014692100e-01
9.021885923123766637e-02
1.276066298263710819e-01
1.196642495860268662e-01
9.899082868014871806e-02
1.362278491023401761e-01
6.897527351358206937e-02
2.092914542733796956e-01
1.242778226413024656e-01
1.304391388815149821e-01
6.209245446788706768e-02
3.201391645735280483e-02
5.829393949058472857e-02
2.157277928593601124e-01
5.889827162253673948e-02
1.093444356509552240e-01
3.849479203462234378e-01
1.078132275900737375e-01
1.591176421293043763e-01
1.239181345420998642e-01
5.156785285066918523e-02
7.117114528124457440e-02
6.146741029256985039e-02
9.120753394964681293e-02
8.280994818615308728e-02
8.737258206069234423e-02
2.988801977369062168e-01
2.960369100875853698e-01
4.054076543356347484e-01
1.446404885858438016e-01
1.261540144374705685e-01
5.986627233587595021e-02
1.040527107229260867e-01
1.094195496566234410e-01
8.792722422692896000e-02
5.197465632912644240e-02
5.760716750776506689e-02
3.349245192265299514e-02
1.028069820286780511e-01
9.312647760354925142e-02
1.156706715178433265e-01
1.314115850587003753e-01
1.199744690433604544e-01
5.986627233587595021e-02
2.976234087703494291e-01
1.229012287151472343e-01
2.208621766930863595e-01
1.164603961653327135e-01
2.892317195642400418e-01
5.532037887784155977e-02
8.684234879942369367e-02
1.511903008987794672e-01
1.471625286682949341e-01
8.961187589306585100e-02
9.748153775136142452e-02
1.501701945546083938e-01
1.428006674226802164e-01
1.101604782373862973e-01
9.203865531548194312e-02
1.474617917679539869e-01
6.646252653413735334e-02
8.773740361860590808e-02
1.323158684629762161e-01
1.563093209949985574e-01
1.160368870129959012e-01
7.183599013234642783e-02
2.051986216878944058e-01
6.349760499700986272e-02
1.539909557517822603e-01
1.780260722400045792e-01
6.535882952217436648e-02
1.019982148663356597e-01
7.879115667543300228e-02
1.055089477212005772e-01
2.448578590204543715e-01
9.507134308732521910e-02
9.546601147770349127e-02
1.946622347781740148e-01
6.349760499700986272e-02
1.492042014889025381e-01
1.176367163512628544e-01
1.325614123906814490e-01
1.483742793017816530e-01
2.095326002600718940e-01
1.283103445864658965e-01
1.072985006452781415e-01
9.168717147777177834e-02
1.664699877999799849e-01
9.382510573119295927e-02
2.101014650986068044e-01
1.026083316395336453e-01
7.132686504165144936e-02
1.668013448113725983e-01
8.237290916691462905e-02
4.162554636108061618e-02
4.167655601028545653e-02
1.423756066811129040e-01
1.330347331768986507e-01
2.676629304407848048e-02
4.673470725299808809e-02
6.173346445157235768e-02
2.456840682657221095e-02
9.747888503217232159e-02
6.594271362321128815e-02
7.790625428960336329e-02
2.515958777640341926e-01
1.137725814523591339e-01
1.239393521966774131e-01
1.674158769193464513e-01
2.861945973053127423e-02
3.796839026559059582e-02
1.748783566147238400e-01
1.644728186076348242e-01
4.711000123965531361e-01
1.302870477831905571e-01
3.654816738581106311e-02
4.355427047054014761e-02
2.507318814130510831e-01
8.763902840903206592e-02
4.878906809856240617e-02
5.224522087867662645e-02
2.309517853656074260e-01
1.606836969504935320e-01
1.766006177743280336e-01
1.249775428979934960e-01
8.601990582921213713e-02
1.422074503784014066e-01
7.803810392039536858e-02
8.321331886638462516e-02
2.262383861016057651e-01
3.031241533392682319e-01
1.183504631073114127e-01
1.141315275967031695e-01
1.180771634154421934e-01
1.121265233122477889e-01
1.197373142104719984e-01
1.491473383115112239e-01
6.985841263074249463e-02
1.421523898260825813e-01
6.315386782530080234e-02
2.275169171932691359e-01
1.158731639351330001e-01
3.202288759133204432e-01
7.688158257722145505e-02
1.520143609892903869e-01
9.497847483911409094e-02
1.426829048343268014e-01
6.116783545771568159e-02
8.585328832487816586e-02
1.358106830027805134e-01
2.292957088457432957e-01
9.873103837444978381e-02
7.210581118145047153e-02
1.136463369323337524e-01
1.652122863588350865e-01
1.846447044330644383e-01
8.943758001354534803e-02
1.198536654507420390e-01
8.769643657833670058e-02
2.055666905719527870e-01
6.616001897533493881e-02
9.225218765916183561e-02
9.540345754675787215e-02
1.005804648507315074e-01
1.533535173779788929e-01
2.045587711044223322e-01
1.017583148210516042e-01
9.572653009496981391e-02
