6.028616888530458767e-02
9.193830947646022822e-02
8.524525777359345802e-02
1.036052975757909972e-01
5.950193172697606364e-02
9.395170448945172614e-02
1.433417406308872544e-01
1.379280679566064760e-01
1.028722481189437432e-01
7.003016907843577499e-02
7.439155384678498850e-02
1.080061358555167439e-01
9.324318212558196928e-02
1.029154238778484526e-01
9.476364071056267435e-02
1.354973532904520384e-01
1.299378794328761855e-01
7.685202980137469109e-02
1.200478013008260958e-01
1.041918326145132440e-01
9.549011263886117429e-02
6.987695858909379054e-02
7.587459755508607628e-02
7.452670460597539404e-02
9.434646044984452973e-02
1.493236757714889451e-01
5.679035547786315946e-02
5.888217386324538088e-02
7.420893416024688938e-02
8.732918248139207029e-02
8.732918248139207029e-02
1.004468690850789242e-01
9.391443646191020844e-02
6.082240235255855637e-02
1.406642599719647724e-01
5.320364611057563226e-02
1.035953576743721127e-01
1.000547855470694247e-01
1.737381490754419666e-01
1.239249252074633989e-01
1.427310873832038085e-01
1.071006884538892312e-01
1.119274586090531348e-01
1.266328377498938673e-01
9.088069192860712131e-02
1.142217023318227997e-01
8.716755021406261128e-02
1.803125089303428963e-01
1.202228612710952715e-01
1.204563662996072093e-01
1.464226391573203723e-01
1.050450904105655198e-01
9.262612698512581733e-02
1.214616826192665144e-01
1.293653859483503699e-01
1.422364414349246153e-01
1.426030914209147904e-01
1.246502716740509609e-01
1.154266515780161123e-01
1.204288071186414982e-01
1.205341402278938129e-01
1.320387665623714568e-01
1.038219278952178942e-01
1.344104302595439671e-01
9.176379988057020709e-02
1.640556146182395869e-01
1.046149920360381763e-01
1.262602574768279529e-01
1.156453990079155114e-01
1.216333581650772266e-01
1.623514443416370356e-01
1.726264997548920266e-01
2.608517734178577019e-01
1.072892824967566633e-01
1.826425672764350472e-01
1.853963900944241294e-01
1.489252580474476062e-01
1.230586802363676513e-01
1.210962427335100372e-01
1.233300457369306130e-01
8.550228297761149066e-02
1.330547537425126603e-01
1.038756749455090056e-01
9.114318876923889479e-02
3.129834556238911270e-01
1.051628819252411057e-01
6.984785918185552889e-02
9.511987399341595428e-02
3.177209525997976569e-01
2.408940882869624045e-01
1.270839915469364478e-01
1.427484838011305324e-01
1.286397130993652549e-01
1.151659415203139525e-01
8.550228297761149066e-02
1.986327144023146141e-01
8.758378575475084249e-02
1.125441903133389959e-01
8.542213168605729268e-02
1.966115404307121894e-01
8.483602020928703025e-02
8.788482130316997709e-02
8.758378575475084249e-02
1.425866041227825676e-01
1.191326772438883602e-01
8.550228297761149066e-02
8.274825850546764505e-02
1.095636618932743084e-01
7.980037604825494790e-02
1.025104429716806737e-01
8.525771389182591753e-02
1.896032115663236206e-01
9.624154551405476876e-02
9.678578034287671494e-02
8.647246374053690898e-02
1.118427640958100794e-01
1.287837136095195123e-01
6.454203315003013974e-02
1.189461160522781169e-01
1.986520329722778755e-01
1.261688563774213401e-01
1.266412877274858684e-01
1.216716897390496960e-01
1.279042374021660822e-01
1.293423850154487853e-01
1.336998227843528286e-01
1.307905987773835543e-01
1.156293516147599010e-01
1.309424085700215679e-01
1.040514203979084895e-01
1.127717364453837690e-01
1.241068778633374198e-01
1.153834596309780414e-01
1.211314751648571303e-01
1.265513201844389035e-01
1.275046759637651073e-01
1.108276694869690937e-01
1.420799477102336339e-01
1.212174419141352211e-01
1.250653625405299119e-01
1.246324812555857642e-01
1.216370350738444767e-01
1.547739405602242546e-01
1.295658830150262231e-01
1.346376168298050735e-01
1.315759705693985981e-01
1.280301015475982795e-01
1.322375171429329144e-01
1.204711105574568647e-01
1.208816373864800009e-01
1.150587376526373551e-01
1.158754709271119371e-01
1.133910368167379973e-01
1.487765619240564718e-01
1.347664558552379710e-01
1.147817162937684876e-01
1.139637701951461551e-01
1.585910197315134329e-01
1.108276694869690937e-01
1.200560026052693297e-01
8.880421179188477399e-02
1.562237624900742194e-01
6.027819653852363457e-02
5.627636293752043967e-02
1.202297927934012356e-01
9.739061270467896936e-02
6.027819653852363457e-02
9.484703927034381088e-02
5.627636293752043967e-02
7.536707959520430600e-02
1.219721508015951250e-01
1.126760691958859639e-01
8.150868904510974455e-02
1.424099698199954578e-01
1.095562146815964033e-01
5.236360842123839732e-02
5.375867095386415578e-02
1.171589576300586938e-01
1.139462479929052030e-01
1.074183808946065494e-01
6.027819653852363457e-02
1.455354837330699869e-01
6.978101198571821928e-02
6.027819653852363457e-02
1.233389168311251477e-01
7.966055694742005255e-02
1.119888008848959754e-01
1.358604452758744863e-01
1.369796851282033268e-01
8.576513051499484730e-02
1.305103582138093243e-01
1.146040785790260752e-01
1.815686985747216320e-01
1.146040785790260752e-01
1.041333869395460465e-01
1.062924073313221141e-01
7.891070439812145065e-02
1.119952541564165766e-01
1.251196348861451924e-01
1.027862976226075337e-01
1.072306237880630425e-01
9.538054794191687391e-02
1.157893177110984467e-01
1.006555944874776148e-01
4.648223139038827334e-01
8.108367330398945361e-02
1.042987175433795349e-01
8.232754732836321254e-02
8.763224385394652316e-02
8.121472793724597572e-02
1.157048072768459418e-01
8.861367668784592144e-02
8.421592293575314025e-02
1.315935524433554105e-01
1.145348325612220997e-01
9.402717642418782773e-02
9.046356111945538792e-02
1.585392286389730454e-01
1.010217659152710529e-01
9.265083675934761287e-02
7.265622005510918857e-02
8.533133133572978757e-02
7.876993144779693978e-02
1.206767780764842896e-01
1.665769981168737923e-01
9.311615396880365547e-02
1.197132917742107505e-01
7.821838987413944067e-02
1.379356522048324485e-01
1.358614199105610820e-01
1.025614571117586804e-01
1.442540128764065732e-01
1.009446848513733674e-01
9.351661028474352044e-02
8.664656542926267579e-02
8.685364148153143504e-02
9.004997326902702826e-02
3.147222718877331626e-01
8.203848078276865241e-02
9.525673267659146015e-02
1.349075953553594831e-01
1.349648288397968243e-01
8.118282711241633920e-02
1.304440196312319222e-01
1.339596789599653281e-01
1.349559011210151593e-01
1.225012151513409364e-01
1.082232708511045582e-01
1.329774133938271263e-01
1.337127428707362564e-01
1.009678808766259067e-01
7.284554232640436111e-02
1.267896654936326861e-01
7.640482638095508205e-02
1.347678949580644880e-01
1.350555737794959799e-01
1.347530576637007149e-01
1.271929847058195506e-01
1.349640040382198980e-01
1.340953784292700790e-01
1.348755171878093795e-01
7.280032010248735364e-02
1.349454233444036810e-01
1.348585699738280574e-01
1.349506563375418300e-01
1.349482744476619145e-01
8.720824861576581544e-02
7.287583702681733888e-02
1.346338909595080069e-01
1.349651830684606701e-01
1.698975852298240108e-01
1.331624951116808508e-01
1.284664866308793951e-01
7.280032010248735364e-02
1.341496402599521298e-01
1.349428449954178377e-01
1.347308646536093668e-01
1.344703455307859896e-01
1.347787577769332668e-01
7.287209158700523604e-02
1.247899358595522812e-01
3.190686937627367770e-01
1.190586471927182338e-01
1.040460320523742682e-01
7.457140867211112245e-02
1.365355012652718358e-01
1.513512919025371273e-01
1.111029507734529326e-01
1.079250618076873919e-01
1.238994988564064564e-01
8.275372985768018885e-02
9.353235092069793477e-02
2.539054762610307714e-01
7.493679449934917414e-02
8.898457839974970029e-02
1.232055349712712772e-01
1.280491173053663334e-01
8.180189069847876304e-02
8.778598718248979693e-02
1.186066521014214337e-01
8.264757088173928234e-02
9.778402264843670533e-02
1.282107606516499632e-01
1.196494844412743092e-01
1.218024757830255406e-01
1.075931557560076551e-01
1.204619091641355583e-01
2.625437770933968795e-01
1.017949692598976441e-01
4.374689273766032005e-01
8.306761237372467521e-02
1.249745671539414932e-01
1.193116061960178415e-01
1.233605904274926585e-01
1.207440047448042203e-01
1.283868877770613370e-01
2.312373431863326834e-01
8.479022845913572470e-02
8.049176650367612096e-02
2.291602233509711373e-01
9.380658589290642724e-02
1.605071455895193955e-01
7.937886228538568179e-02
6.621863317750072142e-02
5.991616723538531475e-02
7.965719933689892340e-02
4.694190850031690343e-01
4.455985242841950522e-02
7.091298668575135578e-02
7.529780346389305934e-02
6.527857646775496459e-02
9.166448597035153911e-02
1.433743187508077777e-01
8.057860046035388024e-02
1.104955675731128101e-01
5.481931127663099146e-02
7.863250183719433517e-02
8.393297226173597470e-02
2.291088038112905345e-01
5.974146371998866750e-02
8.379578185200835250e-02
3.018488054805087417e-01
6.934512810995009657e-02
4.013860986909170148e-01
1.084525571553295598e-01
8.541533269262593930e-02
6.712678691246322382e-02
1.412150849373668415e-01
6.115688918482961034e-01
7.785605389053788794e-02
1.107192231674938437e-01
8.275391333635434554e-02
1.982454180830710636e-02
7.822519414164579021e-02
4.047332878627877828e-01
1.439778006112392705e-01
7.237871285871950999e-02
4.750865155479724877e-02
5.000000000000000000e-01
7.678651040868288147e-02
1.121451833206660587e-01
3.703270711309475938e-01
6.593365012443658246e-02
5.151986268948384462e-02
6.306710060868722656e-02
8.055902466131284467e-02
7.335097978946930608e-02
8.624614095291945060e-02
9.164626610805182150e-02
8.930615017284716795e-02
5.973281632097697524e-02
9.077103983323184244e-02
3.982667753042607450e-01
6.005128135320628169e-02
1.037741643686825865e-01
8.828804949304826233e-02
4.638969398838131003e-02
9.631545255816940931e-02
7.492212591926532793e-03
4.801202137748802196e-02
7.885416581730585184e-02
1.749530906145739181e-02
8.431283539989659070e-02
9.793330739647387873e-02
8.654216343990984994e-02
1.051125149294281913e-01
4.440894302995940929e-02
9.631857207628080619e-02
8.503404981083501069e-02
9.532794087844718989e-02
9.489166669990671543e-02
2.367988625449007206e-02
8.488452268470583761e-02
8.580879277000390271e-02
9.761459832448811380e-02
9.663569263022717126e-02
9.557493320102911083e-02
9.560706346484784679e-02
