9.731237723706666343e-02
1.128712792139075632e-01
1.084627713434424545e-01
1.015201264942943021e-01
1.051840372499390219e-01
1.015201264942943021e-01
1.036859385181626014e-01
1.114916359210798291e-01
1.248122574822877057e-01
1.217937873611732724e-01
1.115325306605982336e-01
1.128948994349636137e-01
9.731237723706666343e-02
1.210840613656003623e-01
1.154295549567780355e-01
1.036859385181626014e-01
1.069030120591063782e-01
1.153172598543593386e-01
1.002412876609875408e-01
1.217937873611732724e-01
1.598281273580338113e-01
1.015201264942943021e-01
1.013263475452799156e-01
1.155939624447158975e-01
1.054131040399175212e-01
1.168780480246081332e-01
1.301737483978083199e-01
1.234271770355039738e-01
1.072480514436823795e-01
1.598281273580338113e-01
1.598281273580338113e-01
9.696552223830924577e-02
1.075877569320333599e-01
1.081777753623474059e-01
1.062432229958721192e-01
1.070788161517548243e-01
1.067304577738021343e-01
1.013806934921277630e-01
1.132524210519646191e-01
1.015201264942943021e-01
1.229860176302536995e-01
1.299602850850535007e-01
1.246568857488087184e-01
1.245999128245995485e-01
1.268389147309813003e-01
1.261772199622072932e-01
1.251941917865138365e-01
1.246001057265967160e-01
1.251350006570030038e-01
1.275082484022302121e-01
1.245994383258761107e-01
1.251348331684535575e-01
1.245994969869926305e-01
1.258443014854428721e-01
1.238871446171420365e-01
1.215735313045602367e-01
1.246001057265967160e-01
1.245994383258761107e-01
1.261772199622072932e-01
1.243327729658268849e-01
1.246003419173927346e-01
1.204277577074077121e-01
1.213960514311093197e-01
1.250795385755441025e-01
1.269832477624202871e-01
1.245991975925602735e-01
1.252724483271764888e-01
1.245996065588593632e-01
1.259267523501818586e-01
1.246003419173927346e-01
1.195342954373494609e-01
1.245989573204350775e-01
1.241294379631182332e-01
1.249189299054581648e-01
1.245994969869926305e-01
1.201923630965153617e-01
1.245994969869926305e-01
1.250137335613589473e-01
1.264437199423225633e-01
1.240449262825115001e-01
1.227856815164443255e-01
1.266937033678183777e-01
1.219567553455159908e-01
1.227856815164443255e-01
1.278071594953141821e-01
1.228460658869552496e-01
1.220718200654713897e-01
1.267164661311006024e-01
1.206282582659242292e-01
1.267362960660523008e-01
1.267315332779145876e-01
1.268967578233030080e-01
1.273444613413610704e-01
1.267368684817969660e-01
1.227856815164443255e-01
1.205606572340230942e-01
1.216696918395377552e-01
1.267368864522606942e-01
1.221757052757585643e-01
1.282431108405626963e-01
1.232560358308768256e-01
1.216075469111555785e-01
1.216696918395377552e-01
1.316397268294412226e-01
1.484290926420802903e-01
1.227856815164443255e-01
1.248464849552032851e-01
1.267353958754716681e-01
1.264242854729789312e-01
1.229545507856030506e-01
1.232990576064047772e-01
1.266365253578436434e-01
1.225550915342040470e-01
1.263145282438304651e-01
1.267349218735373539e-01
1.266330644790705784e-01
1.245802259525506384e-01
1.270044745319190982e-01
1.274301319842069402e-01
1.267379991877050638e-01
1.232424455958805731e-01
1.065183225447980109e-01
9.732789137515850120e-02
1.205921410138450084e-01
1.171107185638076281e-01
9.243863409104510764e-02
1.177241137414893751e-01
1.080026756047730851e-01
1.145005570932524919e-01
1.501959355241104521e-01
9.396345582990785206e-02
1.004556387233634523e-01
1.268839484893080627e-01
8.836528518463056259e-02
1.107993472695481957e-01
9.819839993421780600e-02
1.232424455958805731e-01
1.171017341829622554e-01
9.483812718520101548e-02
1.229311716503625473e-01
1.044358025263387030e-01
1.539219872851700643e-01
1.065183225447980109e-01
1.044358025263387030e-01
7.976806764135738193e-02
1.133009368494436314e-01
1.052904654573444954e-01
1.044358025263387030e-01
9.276305600964963871e-02
1.244459540728683616e-01
9.521057509423075382e-02
1.063803553126174417e-01
7.990419951869975890e-02
1.142721816678902158e-01
1.044358025263387030e-01
9.657673971122344991e-02
1.219277066748200022e-01
1.000116667875764198e-01
1.232424455958805731e-01
1.358469341537081321e-01
1.492057966448439854e-01
1.186722370337630894e-01
1.273542069519222331e-01
1.273542069519222331e-01
1.167762038669395708e-01
1.208491560462732900e-01
1.273542069519222331e-01
1.245347547761537083e-01
1.273542069519222331e-01
1.485344047804836032e-01
1.052714426337349740e-01
1.213346317797852902e-01
1.257808249694889191e-01
1.098627417781900401e-01
1.258281645246687175e-01
1.279674794980368568e-01
1.330156720754832045e-01
1.290999672633151019e-01
1.392581416987199450e-01
1.107784287661004591e-01
1.273542069519222331e-01
1.230258112863176767e-01
1.187912979740250868e-01
1.273542069519222331e-01
1.186155307698716493e-01
1.273542069519222331e-01
1.303151475840963469e-01
1.516849989401214405e-01
1.274817291340079317e-01
1.334848131475220856e-01
1.637564354827490964e-01
1.862759898425879745e-01
9.603052499007715126e-02
1.862759898425879745e-01
1.301955108227471070e-01
1.213787741155961802e-01
1.013209149061714415e-01
1.091309451781452278e-01
1.350057855623904568e-01
1.237475102176174013e-01
1.243176292832588042e-01
1.196144513793618441e-01
1.078732784401387756e-01
1.258615793644419223e-01
1.308385371436924516e-01
1.308385371436924516e-01
1.310545281274214102e-01
1.272371395473021194e-01
1.357844016539727638e-01
1.231737935096288844e-01
1.286436560809638974e-01
1.260443328624567538e-01
1.310545281274214102e-01
1.272371395473021194e-01
1.310545281274214102e-01
1.345108541842621463e-01
1.195477823487076374e-01
1.689322637622978629e-01
1.166534804696103683e-01
1.303759658336433314e-01
1.339698508559614698e-01
1.275683519639336516e-01
1.219491060134990784e-01
1.205178888942961685e-01
1.246699209810025050e-01
1.140773262731959725e-01
1.213190744057351805e-01
1.213190744057351805e-01
1.310545281274214102e-01
1.372492863109259498e-01
1.221408919040935515e-01
1.177920857845882047e-01
1.245034560245800448e-01
1.434200637198765893e-01
1.158846152986088701e-01
9.557739745664942110e-02
1.226267978969288602e-01
1.189550587386595804e-01
1.334898216870447907e-01
1.310545281274214102e-01
5.616025148557898111e-02
1.330221184753570263e-01
1.122055751165565163e-01
1.388045201706566978e-01
8.351151402664552803e-02
1.388045201706566978e-01
1.162612193219503820e-01
6.251624043965028910e-02
1.784073685728000680e-01
8.706372806416645682e-02
7.609724304800638550e-02
1.117147511310706970e-01
1.388125159186185398e-01
1.056578421635083059e-01
8.091822155967015595e-02
1.391805699577336464e-01
1.336413495557428333e-01
2.334803152033314011e-01
1.441616082258942166e-01
1.306333293291584707e-01
2.534953049913266088e-01
1.136803592331209894e-01
1.699065503163569857e-01
5.585207770082692424e-02
1.388094890951514504e-01
1.388094890951514504e-01
8.147697285565135006e-02
4.150419455973605731e-02
1.262053742877909668e-01
8.211298226084934315e-02
1.388092872624336893e-01
1.471489364188520998e-01
6.550431410605873916e-02
1.136803592331209894e-01
1.388125159186185398e-01
1.962816332769037331e-01
7.038547687859425528e-02
8.706372806416645682e-02
1.156444209729308864e-01
1.215500604063815826e-01
1.289065653582222026e-01
1.143984042550964531e-01
1.248584069309736366e-01
1.289065653582222026e-01
1.281861147456922478e-01
1.289065653582222026e-01
1.281974779746778148e-01
1.289065653582222026e-01
1.289496056661421919e-01
1.153784797028021281e-01
1.194515681766543935e-01
1.255204720121534390e-01
1.289395804243994859e-01
1.272383421265370351e-01
1.251794073400992191e-01
1.078826827809273858e-01
1.289341698764485955e-01
1.254654306698474997e-01
1.191172090955420343e-01
1.254235112186029566e-01
1.254654306698474997e-01
1.289324511664744766e-01
1.213449946286372511e-01
1.294223055451771409e-01
1.289065653582222026e-01
1.252477676101720339e-01
8.882765844604439964e-02
1.281861147456922478e-01
1.254654306698474997e-01
1.296229910770043403e-01
1.289332889114692959e-01
1.289366743198936405e-01
1.289395804243994859e-01
8.005528590153888902e-02
1.274117881252937179e-01
1.268741290555210344e-01
1.268741290555210344e-01
1.289324511664744766e-01
1.293760693346947266e-01
1.175800078820896100e-01
1.440291034934543524e-01
1.617371434641996786e-01
1.402551024051649220e-01
1.411192373651643239e-01
1.433584041720845359e-01
1.421924378405339806e-01
1.355988838096030269e-01
1.429219130094621093e-01
1.500433818743358849e-01
1.500840130956686280e-01
1.439609919521747106e-01
1.315057370833556949e-01
1.406506803751773338e-01
1.549161711027401689e-01
1.409264646428911028e-01
1.582278398703050037e-01
1.429219130094621093e-01
1.509846123316800626e-01
1.562348302693339630e-01
1.535545401940368593e-01
1.629687481805874583e-01
1.410949021387932767e-01
1.373556121394335638e-01
1.514013598286750306e-01
1.659353855346839823e-01
1.376363268606890233e-01
1.385556246022789373e-01
1.421366229225486388e-01
1.338723372599002481e-01
1.372016544765931045e-01
1.384564207949376125e-01
1.538475604149733278e-01
1.429219130094621093e-01
1.355988838096030269e-01
1.307222903369225087e-01
1.453851701094259763e-01
1.670223399193783154e-01
1.423573291022109388e-01
1.355988838096030269e-01
8.191208460037791017e-02
8.328860721455480509e-02
8.967624002534381467e-02
8.822532882585894243e-02
8.594214049064320682e-02
9.439040236255498428e-02
7.439014433771370949e-02
8.462264825692773773e-02
1.205530303635911071e-01
8.993821957111480803e-02
1.205530303635911071e-01
8.671236361189997577e-02
9.232951430670155446e-02
8.162705645968730550e-02
8.191208460037791017e-02
9.522721110719291338e-02
8.699215884267594290e-02
9.763486325185098680e-02
8.698542425720021121e-02
1.019646575890305468e-01
8.907182363998199237e-02
9.045083717810105395e-02
8.822532882585894243e-02
8.566076688821390450e-02
8.967624002534381467e-02
9.846869478193351344e-02
8.100447406155229790e-02
8.411536535123455283e-02
1.210801247714407836e-01
8.761216648073506807e-02
9.155476053444905338e-02
8.809928441567128898e-02
8.411536535123455283e-02
9.526572175455984282e-02
8.692604987164229136e-02
9.247199808284752021e-02
9.271291783119055274e-02
9.744963841557481576e-02
8.968846299277173639e-02
