8.424919325657521940e-02
1.119048367168470198e-01
1.178112432015888528e-01
1.322206386759813834e-01
7.101905940343705703e-02
1.216969530124323434e-01
1.259811948244731195e-01
1.127088131891071793e-01
9.912954383621837284e-02
7.808036438798818257e-02
7.809293921805723904e-02
1.185647230565142901e-01
1.237671843582029835e-01
9.156671951533770781e-02
7.809410254804304008e-02
8.798614046067980421e-02
6.940469910818759802e-02
7.471981216818380789e-01
1.178112432015888528e-01
7.101905940343705703e-02
7.432636884935577004e-02
7.809794471579868669e-02
9.191779625265192322e-02
9.654027869238372694e-02
7.808875748875293565e-02
7.101905940343705703e-02
9.524375941075714780e-02
8.211386883281576732e-02
7.809794471579868669e-02
7.809794471579868669e-02
8.513671871352745946e-02
7.809794471579868669e-02
7.101905940343705703e-02
1.502166141226612961e-01
7.813940791875904901e-02
1.127088131891071793e-01
7.810900777644862181e-02
1.039523849142054285e-01
7.835308488305127439e-02
2.152271850703133815e-01
1.085204591453597378e-01
1.040572406269096722e-01
1.537629490101194152e-01
9.792332100404751993e-02
1.150216567591055700e-01
1.211197176231628148e-01
2.424145791321304644e-01
1.044979093831006484e-01
1.704747888272293566e-01
1.343557432307713739e-01
1.054597253975144838e-01
8.298941319190336618e-02
1.276580735167870961e-01
1.161483329853831431e-01
1.353524019012427582e-01
1.099229250284138176e-01
1.180415740816773834e-01
1.087907303355479527e-01
1.480429191627699592e-01
9.849328898420099676e-02
1.046023623013975640e-01
1.090414491581728623e-01
1.453698875403377500e-01
1.026004772829791217e-01
1.521811680067405304e-01
1.249223542507708895e-01
1.021864144483832643e-01
1.087907303355479527e-01
1.415219325470919165e-01
1.342164418634897438e-01
1.531989830421752186e-01
1.461685003903281377e-01
1.387218468497561086e-01
1.535628095087077094e-01
1.531077622435746965e-01
1.299154492851799236e-01
9.905710294027465779e-02
1.085204591453597378e-01
1.050439133686024012e-01
1.039612155002932747e-01
1.318110867068787995e-01
6.343638082024660729e-02
6.000150278037987006e-02
6.126346703223307655e-01
9.101181153299468807e-02
6.196368970629326234e-02
2.395490768445219520e-01
2.517801655408581918e-01
8.564828350778999622e-02
8.961483530340771941e-02
1.189834471896514534e-01
1.101508633516478791e-01
1.236820146117156294e-01
8.425600558011828167e-02
7.632023184150962813e-02
8.425600558011828167e-02
8.421371091333437753e-02
8.425528543012696103e-02
1.420902018912633125e-01
7.794938803221249102e-02
8.425600558011828167e-02
8.425600558011828167e-02
1.208800642879882398e-01
4.695277073304879312e-02
8.425600558011828167e-02
8.425594983550889483e-02
1.083337599614921376e-01
8.679788477799478541e-02
1.130640379574718302e-01
8.425600558011828167e-02
8.852289718471240132e-02
6.490287764834458406e-02
7.779021272916876450e-02
8.426560603937423288e-02
8.055964848301544468e-02
9.833905690011861267e-02
8.425528543012696103e-02
7.315830949027704588e-02
1.046085271910034559e-01
1.680657463083556902e-01
5.478399671621590056e-02
8.651814211542914468e-02
1.327737984984685427e-01
2.073213451685743947e-01
3.070139467169258896e-01
6.477209204151829214e-02
1.309768493698660885e-01
1.150652424581345284e-01
1.309768493698660885e-01
1.309768493698660885e-01
5.994638299617025684e-02
1.309768493698660885e-01
4.222526434230822190e-02
9.187560412450028469e-02
1.574539764177956130e-02
4.390418251907333286e-02
2.023426112020090539e-01
7.716876374307937714e-02
5.307067207239760109e-02
2.939270196655828851e-02
1.469927308509594022e-01
7.324970438975362264e-01
1.884242084749375989e-01
3.911719623131494628e-02
1.196143278561563050e-01
8.459128244857042067e-02
1.480971980214777217e-01
1.466364004317550485e-01
1.047786249082506699e-01
2.454527737013319916e-02
1.309768493698660885e-01
2.681846485631736443e-02
3.300682648768880623e-01
3.911719623131494628e-02
1.309768493698660885e-01
4.390418251907333286e-02
6.180562580537340978e-01
4.390418251907333286e-02
1.053370705549347697e-01
2.771660230762856836e-01
1.052219581633582202e-01
1.035347590010775726e-01
1.054115633084337506e-01
1.409956901838968213e-01
1.102406824516542622e-01
1.035347590010775726e-01
1.347137386499756284e-01
1.054115633084337506e-01
1.141862916877432327e-01
1.172067237966400999e-01
1.166430659025987360e-01
1.303777312238114938e-01
9.628747911668326942e-02
6.938092353722039030e-02
1.020729854576434698e-01
1.278807183729409602e-01
9.611339437583904521e-02
1.027841900012093634e-01
1.323620061384876700e-01
1.035347590010775726e-01
1.244938115859783034e-01
1.504086107591172672e-01
1.035347590010775726e-01
1.004946621411069302e-01
1.214322740611277623e-01
1.468913235726889144e-01
1.266745468973444200e-01
1.220627627377417479e-01
1.110807830216738873e-01
1.267439652531162364e-01
1.347137386499756284e-01
1.566692353788015357e-01
1.347137386499756284e-01
1.347137386499756284e-01
1.201969309876523562e-01
1.236039895158658058e-01
1.250311695855865768e-01
1.302722682241763408e-01
3.728562498250678758e-01
1.071386454572749447e-01
1.755505448244936428e-01
9.557911553762846180e-02
5.691972660592414801e-02
5.792463805759189288e-01
6.016074501380924699e-02
9.555138177699781799e-02
9.049124289393324638e-02
8.476458522723710753e-02
6.313730999916233877e-02
9.808217578129682646e-02
6.472172403449556743e-02
5.663829065804737439e-02
1.185337776531587839e-01
1.069213377608850268e-01
1.467943768632742618e-01
4.710351203420400784e-02
1.564580137914705626e-01
9.557911553762846180e-02
1.154616507854774321e-01
9.557911553762846180e-02
9.557911553762846180e-02
4.116099908722231637e-02
9.557911553762846180e-02
9.557911553762846180e-02
9.557493430219213271e-02
6.197276248806349308e-02
7.745613325732202126e-02
9.946712900660928391e-02
1.051375703063336942e-01
1.616654939665373436e-01
6.142858761276835666e-02
9.560157639755285930e-02
9.388944976686469657e-02
2.407435828730650762e-01
5.994128884880787350e-02
1.239758632442729269e-01
7.169968173664284516e-02
9.557911553762846180e-02
1.283940016970692155e-01
9.790363928772577440e-02
9.486623723620248028e-02
9.304146695597180494e-02
8.920889123265436649e-02
1.293455379513986092e-01
1.275447639533205113e-01
8.574726656873850328e-02
9.304157808988917921e-02
9.861424612995410566e-02
9.305178529529808951e-02
9.302403125957793562e-02
9.012942830201413347e-02
9.302403125957793562e-02
1.245794274761516801e-01
1.351124207672036726e-01
1.303600894879405059e-01
9.658313902802614925e-02
1.347545284448797287e-01
9.304146695597180494e-02
1.339380975501350546e-01
9.305178529529808951e-02
1.364749627497285067e-01
1.017200419485210089e-01
1.314231370160094670e-01
1.220005866776509296e-01
9.304160361030554272e-02
9.303278400621922684e-02
1.345197932967078236e-01
1.347574341083747351e-01
1.573191409257115314e-01
1.299533096965455048e-01
8.624174524430412714e-02
9.305178529529808951e-02
1.077132429543259662e-01
1.363186997199068717e-01
1.340501611031051921e-01
1.311023285361505031e-01
1.329199956053027654e-01
9.303382805330953631e-02
1.354220918829701359e-01
1.346447894919090560e-01
1.341370499378471692e-01
1.206748835655859775e-01
7.625444468396412601e-02
1.421770732161699025e-01
1.228269846508090180e-01
1.011675140283919555e-01
2.263993998945671160e-01
1.267136201704843201e-01
9.268782540647969859e-02
1.324484903542717251e-01
1.655542595738107581e-01
1.060269128845018061e-01
9.270379109395422701e-02
9.267896628041719098e-02
1.699553813037851524e-01
9.268759570331441822e-02
8.766458824172145003e-02
9.261265877448499051e-02
9.266622056267546925e-02
1.088367474404666052e-01
9.266542288675100325e-02
1.358933755989608638e-01
1.338786978537713779e-01
9.263660481285022896e-02
9.266544898595545365e-02
1.852339892126809162e-01
1.333256676816698960e-01
5.666985450064990770e-01
9.270379109395422701e-02
1.349983552171190593e-01
1.291299932766568903e-01
9.270379109395422701e-02
9.627163558970097679e-02
1.350705847789060721e-01
9.270379109395422701e-02
9.270379109395422701e-02
8.627127123611298687e-02
1.748200437480250669e-01
1.334863294283140656e-01
1.315926349731790790e-01
1.029739475327624970e-01
1.029377133274332889e-01
9.624966513181103245e-02
1.317936891332422977e-01
1.029783488444710460e-01
1.068838463421034057e-01
9.624966513181103245e-02
1.030165136678665577e-01
1.236674217806629922e-01
1.292338757705036589e-01
1.285959435726877487e-01
9.887757323265500276e-02
1.030165043574153561e-01
1.105574082992774043e-01
1.040431015007316218e-01
1.307028920598184707e-01
2.808931411692591751e-01
1.284411973523330586e-01
1.074070684826287508e-01
1.317034276122748260e-01
1.303641501721079510e-01
1.267505244215027804e-01
1.114531970784548298e-01
1.029944092359157543e-01
1.029792484726726048e-01
1.274935585881060429e-01
1.029783488444710460e-01
1.302391922789451484e-01
1.029783488444710460e-01
1.280128634357841078e-01
6.799042104048917678e-02
1.029800740543953819e-01
1.298977328453145563e-01
1.239182434410755901e-01
1.315262590308150237e-01
5.273527160225108257e-02
4.298066347402018095e-01
1.213105849579146911e-01
1.166783874527332621e-01
2.391750376382312249e-01
1.190110927914372063e-01
1.024055309720152407e-01
6.128898986760596135e-02
1.568605599968763697e-01
1.283154311387375568e-01
6.280137317940738539e-02
6.978526600544038283e-02
6.554249956452078141e-02
5.978800659196951972e-02
8.758971524212307014e-02
2.703264027465825392e-01
1.328664186571762995e-01
1.020774920457900997e-01
1.283154311387375568e-01
6.168908148694587923e-02
1.573003612454357270e-01
1.101314387789266575e-01
1.283154311387375568e-01
1.566382311227137447e-01
9.751121497126119531e-02
1.031751497570687348e-01
1.194475013201458241e-01
7.656217800072975810e-02
2.000716150245580305e-01
6.201425173896648463e-02
1.696931143908680384e-01
8.758971524212307014e-02
1.010856271592436850e-01
1.017218126065886075e-01
1.226891100341657992e-01
8.758971524212307014e-02
8.192513667609600814e-02
1.693864377677442024e-01
1.265821370321855432e-01
1.283154311387375568e-01
1.779220271475552007e-01
