2.871176483934019807e-01
4.657996395495078712e-01
3.438801968526036257e-01
2.036449098732530383e-01
2.346106598658265485e-01
2.494363534640518798e-01
3.748015864656210616e-01
4.597648482959754146e-01
2.057419688916407863e-01
2.740599480993669568e-01
2.789871127599394818e-01
3.925081211194984543e-01
4.447603382171345099e-01
3.093947691877807493e-01
2.703395035685637882e-01
2.612374058107278518e-01
4.055215404419058034e-01
2.320989267752724960e-01
3.280202505317030282e-01
3.026346160999037194e-01
4.575337993191948560e-01
4.810034154813339624e-01
3.782207423997847040e-01
2.750375898978174583e-01
2.882512294449983692e-01
4.328188629399333798e-01
2.872696788882135310e-01
2.889286587799531625e-01
3.588314561561998239e-01
2.889286587799531625e-01
2.901662981842219047e-01
3.680778448702227146e-01
2.512597100165057662e-01
2.535320695152280535e-01
2.645334250325599990e-01
7.303572727637618334e-01
2.320375355416113838e-01
6.007030269562879665e-01
4.204652795849919689e-01
4.512272286878867833e-01
3.182456909653246235e-01
2.841605821576340674e-01
5.526080594524235279e-01
4.738151433054033634e-01
2.188208490554727770e-01
2.447484630453867216e-01
3.767635150445732273e-01
2.270937498766008589e-01
1.902851902655702809e-01
5.000000000000000000e-01
3.056757642443670986e-01
2.057419688916407863e-01
2.635058189241830107e-01
6.840828064112756124e-01
3.152451610672233895e-01
5.109722431504460927e-01
2.485072507494485994e-01
6.847324864411343803e-01
2.557576912827340676e-01
2.817167828026683751e-01
6.888368949379396478e-01
3.850799231153174684e-01
2.578165924394865138e-01
2.674957619772787010e-01
4.205972938829686814e-01
2.320989267752724960e-01
5.998689312559836173e-01
2.041548595098069963e-01
6.577135777016548390e-01
3.638412319672478246e-01
4.674707697612232038e-01
2.967295312702959986e-01
4.748338739648572115e-01
3.471430985606820951e-01
3.497153197950462200e-01
2.792624668243254282e-01
7.955716397556187314e-01
4.475100087916550895e-01
3.406425703370127289e-01
4.144299441602428691e-01
3.170130530071373354e-01
2.910341235000291071e-01
2.592035489426562922e-01
3.519508175707303232e-01
2.900492297347740389e-01
4.305738306779262614e-01
5.000000000000000000e-01
2.502509576800160396e-01
3.695216512636437245e-01
2.129538084422839539e-01
3.801591036913075095e-01
3.091858791430459052e-01
3.738146489931282179e-01
4.174878712472336884e-01
2.261327630803335320e-01
2.601424804538876034e-01
2.622673568140651001e-01
2.155774556840634459e-01
2.391109794384572440e-01
2.796749435759463553e-01
2.864286838400067481e-01
2.818800221079795221e-01
3.708432781738401074e-01
4.333082666265048455e-01
2.551672348990921546e-01
7.955716397556187314e-01
3.843018254619687823e-01
4.781348633990568642e-01
2.887029829008889714e-01
2.641055511130706579e-01
2.529571914004895006e-01
4.768319220197992925e-01
6.390770466768727065e-01
2.357193479045384676e-01
2.563226317999121595e-01
2.651478392978079968e-01
2.570895892559870166e-01
5.596601096343143400e-01
2.300424202935121565e-01
3.076662073206369308e-01
3.654378787987065391e-01
6.421808691017503179e-01
5.189841648545457931e-01
2.775603028066025435e-01
4.111078782589109859e-01
2.729858449119964003e-01
4.531520713574287429e-01
4.236529541402283550e-01
2.673947454916466016e-01
2.653715605171549918e-01
4.211697538332301871e-01
2.389533162532167243e-01
2.458471843485222075e-01
3.829547065685971474e-01
3.538054221990052373e-01
4.417407761220756290e-01
3.562587786288729519e-01
3.026701568571121825e-01
3.711210781271483961e-01
2.307777060145479175e-01
4.405532022610407772e-01
5.759831295114502536e-01
2.768033066884323934e-01
3.101520308113999147e-01
2.413349436981734875e-01
5.313396979046403068e-01
4.041312038192318434e-01
5.000000000000000000e-01
2.413559572493537697e-01
2.150317344971528488e-01
2.887885005560615337e-01
6.431961668704428980e-01
1.815833935169738067e-01
2.413276082807683520e-01
1.968642008174797398e-01
4.062945094484983755e-01
4.699273518090903434e-01
3.553257470364177273e-01
7.846995056566405946e-01
3.416767613359630307e-01
2.407819023548694037e-01
3.512027527608106436e-01
2.988737674951367773e-01
5.109190041051644426e-01
2.826408883195329902e-01
3.733217030801511127e-01
3.501415532940062025e-01
1.984288801250676249e-01
5.092434577539930451e-01
1.992156750101820029e-01
2.375299182241482343e-01
2.339704813700517472e-01
3.874779202750254226e-01
2.569044603042640040e-01
4.733222991407269875e-01
2.817877644152795846e-01
4.562128450633055055e-01
6.550088835263465636e-01
2.771626229241052064e-01
1.850851097388455657e-01
2.412593168732587723e-01
2.211699878952147758e-01
6.729125185280182553e-01
2.815540778496995467e-01
7.830657628867526698e-01
4.365602021968796320e-01
2.427574945605773526e-01
3.866421050555199912e-01
2.505265181595151547e-01
3.515093668371799263e-01
2.610005829622903950e-01
3.596060375229013784e-01
2.936692248015976281e-01
7.000747094414974114e-01
4.159632018079614246e-01
3.452878385243871584e-01
2.357936770222220091e-01
5.448951534823360809e-01
5.249564435331559586e-01
1.856355326361128766e-01
5.531903258419471614e-01
3.395431092405056250e-01
2.937464478749213792e-01
2.738656066928875643e-01
8.931003407002526817e-01
2.804032014544082796e-01
2.875676399845757403e-01
5.659834983555289689e-01
3.441224690429592337e-01
5.000000000000000000e-01
2.855426162962802494e-01
2.238865003199567438e-01
8.091587432058651164e-01
5.657241542420169411e-01
4.944511090214409044e-01
2.102789565496553104e-01
1.612414479341117979e-01
3.577223969231432266e-01
2.835019740339809746e-01
5.846728274407385628e-01
2.134456230687976908e-01
1.717538195099652665e-01
2.960068879487828819e-01
5.000000000000000000e-01
5.813126639156463993e-01
4.385817641322484195e-01
3.963116476972158853e-01
4.317725196288221823e-01
2.047101993949345666e-01
2.664902389854288955e-01
2.103099970281346875e-01
1.723090361069226917e-01
4.888814510873313868e-01
3.353100515645526802e-01
3.840391554565449894e-01
2.156031250311817860e-01
3.215140227700574727e-01
3.291086198304913335e-01
2.403373224823682763e-01
1.634386323605736546e-01
6.506109766559295959e-01
1.898121279039101383e-01
3.196558242525097682e-01
1.634386323605736546e-01
3.289687696973265796e-01
2.072713427871187286e-01
1.978502956056604756e-01
3.043143185217028757e-01
1.825155632326254662e-01
1.967311775077976721e-01
2.386429499953281463e-01
2.080827266477936477e-01
5.000000000000000000e-01
5.953692403974806258e-01
2.603703015274252963e-01
4.145708457637329314e-01
4.011389212544514971e-01
3.062819275449846224e-01
3.843026402037807987e-01
5.507393650158920462e-01
3.847685719230833357e-01
4.173147291279271642e-01
4.146138447020565887e-01
6.684167917575640772e-01
6.615959869028419371e-01
2.314286646477478615e-01
2.255423746713967892e-01
6.939873732786511207e-01
2.628153258207202025e-01
4.439929858201576707e-01
4.306777497127212695e-01
4.673291696995247047e-01
4.773602106279067891e-01
5.135547408239103939e-01
3.497557960271248656e-01
3.127531241382481841e-01
4.377331321172832079e-01
4.649919139441208715e-01
4.475365402391443537e-01
6.424042732096219011e-01
2.921133125784234896e-01
4.874794880728959834e-01
2.296477029308904017e-01
3.946594172313226401e-01
3.996556670477472983e-01
7.987461863931381023e-01
2.114845664890833143e-01
1.759843485449998357e-01
5.270095623284843933e-01
6.591263494107403309e-01
2.046432408493051025e-01
3.557425571653240470e-01
2.777539791538060077e-01
1.895916528712418281e-01
4.672752425250232267e-01
4.189731876874590033e-01
1.958943052982584365e-01
2.814641322425209258e-01
1.890306027080647377e-01
3.231711852229783299e-01
2.047022500384375887e-01
1.488558147155740474e-01
2.945171000072634437e-01
3.454393122913579917e-01
2.129754766693803536e-01
1.568228333700436850e-01
2.046256271300365692e-01
3.183198874412595525e-01
6.466901170405807697e-01
2.347623666307958323e-01
3.514130949958438332e-01
3.535270438361164946e-01
1.895916528712418281e-01
2.140862093771296049e-01
4.630485852931023327e-01
6.739912943247390320e-01
5.210300748951306460e-01
3.915542960608393575e-01
4.470469543789115652e-01
5.472163575233546240e-01
5.066573919472553422e-01
5.472944337162282125e-01
2.863398472041213116e-01
3.595620012982235214e-01
2.046192876410160844e-01
4.574676810576569497e-01
3.307673675029414451e-01
2.046394734956820949e-01
5.124441509149425533e-01
2.903409524648505324e-01
4.374008278528856430e-01
2.235355277259597484e-01
2.047057842815850903e-01
2.047223440030754293e-01
2.584214924505942590e-01
3.341787162010953494e-01
2.659337263694693254e-01
1.777576244197690003e-01
1.580365270219813711e-01
2.825070370574497836e-01
2.047336177977443494e-01
2.746994327952888004e-01
3.674479291451511753e-01
3.866575208408908892e-01
2.354986232521441292e-01
5.862889865901387276e-01
2.672731096706543186e-01
2.930987425065341156e-01
4.377807642290354462e-01
2.580440458830037254e-01
5.115677253653643231e-01
8.104720630365330747e-01
7.131703323168233633e-01
5.816391920769258261e-01
3.962369979178942403e-01
4.439401918325654450e-01
4.017002141153043770e-01
3.693322913758299575e-01
1.806443693332277223e-01
5.612396680330451471e-01
6.067832320809768420e-01
4.421488036585991543e-01
4.600600632026793368e-01
2.702162991908571565e-01
5.104021350385032907e-01
6.067832320809768420e-01
2.270850863859653346e-01
2.204015342401322297e-01
6.067465815484623937e-01
2.442240386852417844e-01
1.803459417279067167e-01
2.040156161665201973e-01
3.362340579500248672e-01
3.797480923742369008e-01
2.516637950176899841e-01
3.172895155098749975e-01
4.054248914765665179e-01
6.583843500749321231e-01
1.463794822565133158e-01
5.690321081087681421e-01
2.511391000933138606e-01
3.047207006670938911e-01
2.375586420804787768e-01
5.378180110472434716e-01
2.375399964999956592e-01
4.106951319601784833e-01
3.143035215059153398e-01
7.176930919338760928e-01
4.570588979504390248e-01
2.457931100186407369e-01
6.151735786770802239e-01
2.358126667858085890e-01
5.687923963311619646e-01
2.010212541409770459e-01
1.616010860077200517e-01
4.514218800523367436e-01
5.220042720076739640e-01
5.000000000000000000e-01
2.933691276088993272e-01
6.067408438148332861e-01
3.371366986660808140e-01
4.581276942555138620e-01
3.910309435554264468e-01
2.934413842145440765e-01
4.917365697925856205e-01
4.657273858749293449e-01
1.717945996223714522e-01
3.039599413982905785e-01
7.994377980568395659e-01
2.692623802952548995e-01
2.454316341989635497e-01
2.147097442483446583e-01
1.457337606991599976e-01
2.624120917913220774e-01
1.577371604112671466e-01
2.632777598123404728e-01
5.310493098461085415e-01
1.800694124472421165e-01
5.451793979653668520e-01
1.970497322103870186e-01
1.819656410426005733e-01
5.000000000000000000e-01
3.348995950516497899e-01
1.806800869379439622e-01
1.804140482656146072e-01
4.464477332656393571e-01
6.401759582635877521e-01
3.503133571040407679e-01
1.680476959435015516e-01
4.616567116754809463e-01
6.157286659665246464e-01
1.860755826871388352e-01
3.418321042749278837e-01
2.278273724956652313e-01
1.684945336035318375e-01
1.562074474953196179e-01
3.972586927737252749e-01
2.543961143048425466e-01
4.688704221923321591e-01
1.461731624516057204e-01
2.872846019491967495e-01
4.014571038676111314e-01
3.297887106295387394e-01
3.859654593196696903e-01
1.684945336035318375e-01
3.799125091307606894e-01
6.470777255096562541e-01
3.675566389878081042e-01
2.480485026506282220e-01
1.852788806034578184e-01
6.517547902240923285e-01
2.300581919129159325e-01
1.491071342123602983e-01
6.470777255096562541e-01
5.080538968344452400e-01
7.413066148296345581e-01
4.532302690556447300e-01
3.527693634778575893e-01
2.567120677147559094e-01
1.190823856599290964e-01
2.404333036910770438e-01
4.623911436228713701e-01
1.734881387247116658e-01
4.906305685603515876e-01
1.478234539729876840e-01
7.299796102041030688e-01
3.191816570894697724e-01
5.327243216487130839e-01
2.877997604245924879e-01
4.025086344690989026e-01
2.036143271820990974e-01
4.293888972113824587e-01
2.228324184517349871e-01
3.762077409543527207e-01
8.474693609471379840e-01
1.955431672267207988e-01
2.376683922995274645e-01
5.000000000000000000e-01
4.320465314236788257e-01
2.735566710544548030e-01
5.162385919914777022e-01
1.409876693464577058e-01
1.861478221021353185e-01
1.700418109297854308e-01
1.832956041796635072e-01
7.474491087099414122e-01
1.860755826871388352e-01
6.976395218477754456e-01
1.627299315871754137e-01
7.177443455715081244e-01
4.684093997364867090e-01
5.000000000000000000e-01
4.407485754775531395e-01
2.735230173738332216e-01
3.563024440728572162e-01
2.861184664736547978e-01
3.784431514803048846e-01
2.115481255403867111e-01
4.214115516404666195e-01
2.840694959933008912e-01
2.759759219367297622e-01
3.042453740279484342e-01
6.161833088004291525e-01
3.454133885938505677e-01
2.713570601458774045e-01
2.155950310558437388e-01
1.789990461702612445e-01
1.744366640771845833e-01
5.392579094146792151e-01
2.681176070923407262e-01
5.468371334744235313e-01
2.240034424524105783e-01
2.243672974205375981e-01
3.094595970870862023e-01
2.156646285114927064e-01
3.683027533490660366e-01
5.257381652321425625e-01
2.838215626219018906e-01
2.936972348966614965e-01
4.338050053039284593e-01
2.325808952461543011e-01
4.359350812560761623e-01
2.244166502162494581e-01
6.963757321294969937e-01
3.091898944231204482e-01
3.391711602221934574e-01
3.927085579367146084e-01
1.882692803707979312e-01
3.880500853792224758e-01
3.900282014105901918e-01
2.155991282371659268e-01
5.348765514425022349e-01
2.159440346389347454e-01
2.312618400388759821e-01
6.452543360171022480e-01
4.171405058187627191e-01
4.399879407102242346e-01
3.818785617232707819e-01
2.033864066377435720e-01
3.904028181599582537e-01
2.836256544028830096e-01
4.640734901182704264e-01
2.360719293899274651e-01
1.560629899415669208e-01
3.187391474638441857e-01
2.136634991930572991e-01
2.564782171195885141e-01
2.136634991930572991e-01
1.836397819524557273e-01
4.414964819766802884e-01
2.156554647266063773e-01
2.987137684422165873e-01
2.679019621609557422e-01
2.569392641838320612e-01
4.407957088787715083e-01
2.998716355649779786e-01
2.156396501700416912e-01
2.325144047856789742e-01
2.940544167646483853e-01
7.898124018102949950e-01
3.077019971274045917e-01
2.008381600961030578e-01
2.232374331464210271e-01
3.915613486099470686e-01
2.551110960003933337e-01
5.251365387390954931e-01
2.524161645186890901e-01
3.802727055368128051e-01
4.923415002116710570e-01
4.294736860446499715e-01
2.259549233680999691e-01
2.496698841872524999e-01
2.975717576185585300e-01
3.820371499282248506e-01
2.806448004206939517e-01
2.844176785062567658e-01
2.700006286695061930e-01
3.376943108355264789e-01
2.578011488507526150e-01
4.074308802235721561e-01
2.665599397990557340e-01
3.935958101002639542e-01
2.276719804510019818e-01
3.405920856779646178e-01
7.573639124882670659e-01
2.462788727636681940e-01
2.563729334682671723e-01
2.848596064214702905e-01
2.492908199668543712e-01
2.358405633025346670e-01
2.695223927360669847e-01
3.688673796332944677e-01
3.587869877417736997e-01
2.283248573948296056e-01
5.431559752760416471e-01
2.320668623536208952e-01
2.362682393721430574e-01
3.372510786538954197e-01
4.178518398650746257e-01
3.318056324376932320e-01
2.283248573948296056e-01
6.530748070596772425e-01
3.275954994119272268e-01
2.908106573503990155e-01
2.983148254782305164e-01
2.667846464945402563e-01
2.748644089761083098e-01
2.792223584852293050e-01
6.476054289293645683e-01
3.917393888504696053e-01
6.386788531014936376e-01
6.690922857505897658e-01
2.246667193186777378e-01
4.908337900370912110e-01
3.365012206273169659e-01
5.080219150712028675e-01
4.889317495858931939e-01
2.990215782448620296e-01
2.938604311784330791e-01
4.760645860168890020e-01
3.741637974231165065e-01
2.492604551795541967e-01
3.285462192971809747e-01
4.325622457758155903e-01
3.040914461931024104e-01
4.118582380037748014e-01
4.249818842083042947e-01
3.373934829317483119e-01
5.000000000000000000e-01
3.457398113671278361e-01
2.745312309647389148e-01
5.766214354218253124e-01
3.309487568432094018e-01
2.551490117967050164e-01
3.194832565017340920e-01
7.515185233675892862e-01
7.377533956023853978e-01
4.457257600783699480e-01
2.540733497954361653e-01
2.783775078374833845e-01
3.114052522966169745e-01
2.862703707761324323e-01
3.964989201663423057e-01
4.076144223750542417e-01
2.359581087953490919e-01
1.930262779412815211e-01
1.944538099632419914e-01
2.180545938500852432e-01
2.667216749356955408e-01
1.921455310191810262e-01
2.203852308159876539e-01
3.068894023602148913e-01
3.950988174420458909e-01
3.955065297715378292e-01
1.785516683715099584e-01
4.512026503341681760e-01
2.197736486416880519e-01
3.656629778561694133e-01
2.266939181091469635e-01
2.977196932198473700e-01
1.766424138701470636e-01
5.000000000000000000e-01
2.625024954353704087e-01
3.189276824225008578e-01
2.045768164763396291e-01
1.934630793548705041e-01
2.984526918032828213e-01
2.810617404390338137e-01
2.996342247733059794e-01
2.014054762719879044e-01
2.247777881755423091e-01
3.346147838019858933e-01
5.587732536226637237e-01
4.727342783019694017e-01
2.231804340032674250e-01
6.144484930650683241e-01
6.655239583424986671e-01
2.730576859251242494e-01
4.442683767605011269e-01
1.936242662420917526e-01
3.472567698842893846e-01
3.112647255966267679e-01
3.874113739454901895e-01
1.871215238029030614e-01
1.934630793548705041e-01
2.377369795863440438e-01
3.471920349400073325e-01
1.912541282864342052e-01
5.902051743765115432e-01
6.918979648761446333e-01
5.546953454454622845e-01
2.200434460156832084e-01
5.656422054172652869e-01
2.382501810976724588e-01
2.059270385753443622e-01
1.977299746679883063e-01
3.540368159908174328e-01
3.342352384806889232e-01
1.782153450999766631e-01
4.199844236331443659e-01
5.860141101210391001e-01
3.163142865550598315e-01
2.321810937286472865e-01
2.749399469429454901e-01
7.311203578261203928e-01
4.465558350441670155e-01
4.001917699454848321e-01
6.127139318746994689e-01
4.226078534849494472e-01
3.962831702328431516e-01
2.296219769493612617e-01
6.659075308185284925e-01
