2.376972485462384155e-01
3.928227800229450173e-01
3.224156016055161333e-01
1.763000788934433738e-01
1.980764535595248288e-01
2.015358617404485464e-01
4.645799948231880694e-01
4.853345974525942741e-01
2.057118785914301140e-01
1.804967800402290934e-01
2.782950149438992438e-01
2.330434007530076679e-01
3.648628772352133787e-01
4.932476867176317503e-01
3.117821928074034910e-01
2.103475187993264217e-01
2.445449572334725263e-01
4.007223273571453026e-01
1.578993544947927541e-01
2.950640808324946351e-01
1.895969432612096828e-01
2.658461451221972860e-01
4.511007135584606531e-01
5.568404030305893482e-01
4.088223756644687179e-01
2.399127728037729335e-01
2.529030275280074180e-01
3.952508669801619856e-01
2.482968665640915007e-01
2.485810788178018094e-01
4.184811101504366526e-01
2.485810788178018094e-01
2.939460930937650707e-01
4.198424798954362158e-01
2.057118785914301140e-01
1.957297538517450974e-01
2.106738956274385455e-01
2.028665707129331808e-01
7.608662789972714391e-01
1.820469763963056542e-01
6.797819107945419770e-01
3.063241232348586918e-01
4.623508862373073569e-01
2.922593335573988593e-01
2.919957731400292245e-01
5.883612659668142619e-01
4.830639912037820172e-01
2.725219148515283241e-01
1.961515011601752956e-01
3.936931920501199889e-01
1.894484892736512938e-01
1.383076717551121049e-01
5.821185429409434509e-01
2.057118785914301140e-01
2.805870190317007462e-01
1.484153292521715184e-01
2.594472908615191864e-01
7.309687777859350533e-01
3.653441556857445760e-01
3.651699142352856087e-01
2.855385433544054830e-01
7.291626684704977102e-01
2.057118785914301140e-01
2.767660772428128801e-01
1.957357786405492517e-01
2.193753117272489728e-01
6.089305855808933021e-01
3.858167726057704638e-01
2.086965736929243254e-01
2.382046981913818473e-01
2.057118785914301140e-01
3.089550171470083484e-01
1.578993544947927541e-01
5.400512924175225882e-01
1.448317264485368960e-01
7.345560485356410485e-01
3.346328902146069040e-01
5.095928416551539497e-01
2.767012119463168607e-01
5.277030592967842937e-01
1.589522198105043915e-01
4.345910372571556435e-01
2.778088652065051622e-01
1.870513275266975917e-01
1.610344953209518204e-01
7.378899277936847856e-01
7.701632876792711135e-01
1.870513275266975917e-01
1.657218856143229113e-01
4.126429613073963609e-01
4.548121945273294608e-01
4.760602992435311598e-01
3.494674815951253621e-01
1.853339747784062963e-01
3.499212155323351836e-01
2.068599211687512929e-01
3.537683372291245409e-01
3.605712948871549473e-01
2.084270409212440889e-01
5.316493081524884534e-01
1.114003943828021231e-01
4.801095890412782063e-01
3.278798612374635990e-01
2.136539826708175882e-01
6.702920536116345751e-01
3.522982971234052685e-01
9.920122229182574969e-02
1.999899158127252941e-01
1.040404405339008798e-01
1.774179011734300648e-01
8.026424164150522400e-02
2.298577599722928799e-01
1.870513275266975917e-01
3.192400710781956863e-01
5.181651989011369919e-01
4.788500691520926611e-01
2.123315780661459984e-01
6.446152416144556030e-01
2.556643727746962247e-01
5.501503086103129991e-01
2.380259643659348445e-01
2.494026990232629526e-01
1.870845361087659919e-01
5.187266327924298093e-01
6.355456288070023829e-01
2.170017460655140062e-01
1.556086734281970918e-01
1.849932879428241861e-01
2.331766315296493752e-01
2.222431683386631440e-01
5.190764932397124998e-01
2.154717884640252878e-01
3.858243641160266635e-01
1.311125450386131097e-01
5.755930548867552732e-01
6.278149554496160745e-01
1.387142954295926545e-01
4.920926329644970121e-01
2.091589752150916359e-01
7.312717215306397955e-01
1.495676400039679388e-01
4.899031605654495247e-01
2.468110804011481862e-01
3.762923045916197196e-01
3.600941598655004183e-01
1.765162778195959736e-01
1.645261408683085513e-01
4.752174789109754882e-01
3.731194705015758450e-01
6.527711796954598356e-01
4.565072112761886514e-01
2.253704416278549949e-01
3.794877644736806555e-01
5.698298705018307597e-01
8.676465854872972283e-01
1.866600651604245209e-01
7.195442536504643716e-01
4.170090870718494158e-01
1.453947509185409825e-01
1.999621441389150267e-01
6.468429021406205681e-01
5.375464959787111807e-01
5.595998981577763320e-01
2.010986484719806955e-01
1.720508990340482436e-01
2.711031002878536156e-01
5.712005677268521264e-01
1.474524362106371667e-01
1.944973956960601436e-01
2.007536905729243593e-01
2.083520389113845961e-01
1.668635854890709314e-01
1.944973956960601436e-01
4.345463917578257784e-01
5.488076806625995507e-01
3.223941006512728302e-01
8.515536374634747885e-01
2.832945841465119852e-01
1.957722611598708973e-01
3.106056449823471066e-01
2.636465486306338035e-01
6.127775237369105232e-01
1.879483940842365530e-01
2.248940743287223820e-01
3.514639610012541548e-01
1.463913439279679318e-01
5.755534853692669817e-01
1.371283425026651737e-01
1.882980415372214889e-01
2.069674281860720000e-01
3.700943331119872504e-01
2.840644453816783543e-01
5.770787893715989547e-01
2.045664508168034967e-01
2.520800852808526282e-01
5.332387380596889104e-01
6.801424716628985401e-01
2.181591089125893834e-01
1.645865007373674971e-01
1.959598121116792047e-01
1.687687361816876952e-01
7.371727793861221345e-01
2.351035377836551699e-01
8.524216975458188683e-01
4.864145152717267440e-01
3.086866977791982158e-01
4.639661685675072200e-01
2.115385784396623670e-01
3.003939216347852326e-01
2.314050068478776812e-01
2.961339089635427468e-01
3.460406946435817255e-01
7.515029142224201042e-01
4.852929820237262826e-01
3.166266734112048176e-01
2.041032234633291254e-01
4.545965770902925529e-01
4.194719339465387553e-01
1.336974534127791103e-01
4.804144646709537225e-01
2.678567368842476037e-01
3.778654882946019811e-01
3.022522412354801125e-01
4.768258181174441779e-01
3.509886113218347314e-01
9.079008024379174868e-01
2.640321514201091624e-01
2.995674560489852145e-01
5.552306768051699093e-01
2.764292943242572242e-01
4.576493215419717431e-01
3.592813492033106182e-01
2.257385063954717164e-01
8.289935032976687435e-01
6.082700078536965593e-01
5.706308747724193609e-01
1.695645513175873809e-01
1.172579927662699556e-01
3.368936265002266950e-01
2.566476356580949525e-01
5.730214965479494271e-01
1.990176148793503796e-01
1.519023091357025179e-01
1.423525981021042386e-01
2.513847154872472789e-01
5.878889355265947136e-01
6.056143229604420419e-01
4.465026080431056532e-01
1.398067686855140601e-01
4.604148388195113961e-01
4.106018301075020638e-01
1.440647909767148460e-01
3.451990539353313459e-01
2.365402857193029118e-01
1.110898360579698346e-01
4.593781747623876810e-01
3.152822578045648694e-01
3.750102813259480472e-01
1.735955032744840865e-01
2.703257204283382453e-01
4.443087719093711807e-01
1.655681087671380392e-01
1.584048521672650478e-01
6.107724177537141586e-01
1.476034867476849477e-01
2.912788644394083137e-01
1.469402751625902004e-01
3.351339593270863948e-01
1.513508563825109454e-01
2.550320289788604033e-01
2.267677258090205206e-01
2.939116697630047015e-01
1.200382433620965361e-01
1.513508563825109454e-01
2.225291562164011250e-01
1.817769061578488055e-01
5.941609501854658859e-01
7.239605585281789768e-01
2.463503625907482730e-01
3.036631306223969151e-01
4.008005306808785084e-01
3.365438602639925780e-01
3.637788489583291818e-01
5.899821703862114797e-01
3.774707330341692813e-01
6.647801524672589668e-01
1.821760522600428533e-01
3.754681738021906634e-01
8.590837647938406318e-01
8.296457980654615705e-01
3.676013138181656870e-01
2.451764966221942343e-01
1.676458295519058228e-01
7.046201382928541923e-01
3.930043979770481699e-01
4.269430925458803094e-01
4.109183677599829165e-01
5.063869482620172446e-01
5.196277934025312906e-01
5.389431747451788324e-01
4.398448746153868494e-01
3.432662509991388222e-01
4.941050570291304900e-01
5.223136859546019251e-01
4.426516179614899960e-01
6.782766744463762931e-01
3.343745298620274808e-01
1.678959465699342568e-01
3.864315791432804681e-01
3.041888696267738834e-01
3.856984850408241017e-01
3.397086116905811415e-01
8.654209504385911300e-01
4.710280414496739176e-01
2.058122923836736007e-01
1.398136684302369315e-01
4.931004298221765558e-01
7.115186573390828162e-01
2.196045275949454201e-01
2.642388654399014380e-01
3.811418900085914996e-01
1.742020387284299587e-01
1.893124619850374279e-01
3.585551149995883091e-01
3.689256679872048306e-01
1.270244091739872461e-01
2.707335924612437883e-01
8.778735881075833136e-02
1.027862493119072462e-01
1.079208758139521412e-01
7.210560941697535808e-02
2.647784617985787237e-01
7.014762516600762110e-01
1.574106231876216955e-01
7.795276070893122911e-02
1.685296375001608948e-01
2.258638699887645374e-01
7.167720650786603143e-01
2.578760728252266765e-01
2.629179515932429378e-01
3.616566538697141842e-01
1.685822238855475552e-01
1.314581382989118141e-01
1.807694028470106518e-01
7.391541888652208847e-01
5.258843247028687218e-01
4.628266460343019584e-01
4.447147256566477136e-01
5.350850530449772213e-01
4.081301305787835010e-01
6.839739400588641383e-01
5.509456776778854925e-01
5.000000000000000000e-01
3.496584776059120658e-01
2.003205723462758436e-01
4.123541714942944303e-01
1.329831878207095031e-01
1.524361167051228871e-01
6.868541019713985118e-01
2.556183637380931017e-01
3.336537390487295807e-01
1.662020680707478049e-01
1.872887540462379041e-01
2.165832793919713617e-01
3.038182472730338035e-01
1.077127314441527761e-01
2.463454035119098939e-01
2.338646220278648991e-01
8.456757135791088953e-02
1.222356288092600884e-01
1.684956149331380271e-01
1.684956149331380271e-01
2.956622559881521006e-01
1.682157622098567062e-01
1.641552630135336699e-01
2.877040849210287243e-01
3.806006824622763518e-01
7.520451997531418797e-02
3.516892758815108877e-01
3.152589908175233990e-01
3.354300679499929161e-01
5.764300436139767614e-01
2.851484341212948692e-01
3.618087833205965720e-01
7.598148561324902239e-01
2.575462601971201804e-01
6.089327035451362891e-01
7.607161398838861999e-01
1.684956149331380271e-01
3.985426526906499234e-01
5.801677651154114601e-01
1.884073822198401027e-01
3.919600355086964028e-01
4.713778880375097957e-01
3.635802815267846766e-01
4.641517790258962162e-01
5.663788135810242652e-01
1.550242359287153371e-01
2.470575645617223703e-01
6.430442374024893937e-01
4.883870064955441181e-01
1.481649417764022703e-01
1.589355895765887927e-01
5.000000000000000000e-01
3.146865423878190682e-01
1.146460394336840660e-01
1.295949122788987440e-01
4.860417312783278931e-01
4.000952776053522397e-01
5.576099967609617902e-01
1.826444589222594728e-01
3.187316894277418267e-01
5.000000000000000000e-01
2.415012584980258392e-01
8.238305000348257467e-02
6.347871064413230791e-01
2.089999100850009062e-01
2.494018645697066439e-01
2.152891955039457350e-01
1.522632270668365095e-01
4.203037724923338603e-01
9.738201753006281436e-02
2.280202094347176245e-01
6.505518670349637045e-01
1.549665202972351497e-01
6.913704238821132275e-01
5.399404965268621570e-01
1.359067539904912358e-01
6.020826553922984381e-01
1.517696761192367794e-01
7.342851691537600756e-01
9.048269986057573544e-02
6.325000013648092445e-02
7.279453214764494140e-01
7.671969931928200870e-01
6.530998172422638470e-01
3.447619151854401376e-01
8.106157827291158302e-01
3.135727329561261989e-01
4.000152324053508068e-01
4.741788160615941217e-01
3.675716706169650516e-01
5.381992897684255706e-01
4.298289225693298632e-01
1.703419589397028311e-01
2.550295409282030135e-01
7.197094917174551298e-01
1.821374223514584112e-01
3.530872467215870336e-01
2.399753107753325732e-01
1.354796770214882484e-01
2.698110154606785382e-01
1.062709551502800248e-01
2.682367005302755403e-01
6.714267412701722115e-01
1.074950719589059384e-01
7.222750490267885182e-01
1.347207680954201070e-01
1.018098034018588005e-01
5.783060246892659517e-01
2.532099494540945295e-01
1.071777803218181557e-01
6.155380902738084858e-02
1.245398258111598544e-01
2.281784952966984803e-01
6.475276082179942660e-01
6.085828307353270405e-01
5.686443907881536530e-01
6.536031180070498436e-01
1.613335223905082993e-01
1.550242359287153371e-01
3.088301667103351411e-01
1.370683954415868600e-01
2.650372544933135566e-01
1.433728094656853969e-01
3.652814964930622410e-01
1.623156833614445571e-01
2.514728205284754714e-01
6.777403317219250489e-01
1.933674254172756124e-01
1.445105775620167399e-01
6.589815934616415349e-01
8.741549833426885685e-02
2.983804243132917033e-01
2.569902331976872678e-01
4.101111723901378348e-01
1.469864546968598917e-01
1.683841353506024263e-01
3.327679284393504910e-01
1.170413830856675969e-01
5.125094617309156053e-01
6.317142174881950067e-01
2.008577077478031214e-01
7.264494566249315444e-01
1.567422927147711920e-01
5.868910731377097179e-01
1.948690478788853153e-01
9.725439888735654126e-02
6.317142174881950067e-01
5.463089064145905116e-01
1.852577425021807722e-01
7.259213908361695777e-01
5.120903334102758775e-01
3.016083146237760193e-01
3.289401189064117270e-01
1.416945065792357961e-01
5.632533584783325775e-01
3.080664802718830475e-01
2.129882568121689579e-01
6.493182547535695237e-01
1.852612132430627168e-01
1.508022310525580778e-01
6.979428252902029062e-01
4.647890708873844146e-01
5.682505753650947122e-01
2.720923047836321107e-01
3.587209410608594995e-01
1.595228286857572342e-01
4.066253617990468472e-01
2.393249194071084551e-01
1.803646924566003895e-01
8.618580303201516246e-01
1.910864083334149754e-01
2.177767425216869113e-01
2.464001885634094224e-01
6.981115054086589611e-01
5.243126327788201202e-01
1.844642998505396370e-01
5.981914462523379994e-01
1.581536984281221858e-01
1.856540739244636473e-01
1.608093170406279249e-01
1.776496170795638374e-01
6.005251799482278496e-01
1.931070326813801308e-01
5.524136893009674587e-01
1.032836522317194666e-01
6.252762816216078656e-01
2.369712037300154284e-01
4.844599797147526310e-01
2.136158825492398272e-01
1.987783142014754867e-01
5.280161712995149470e-01
4.036920551268542434e-01
3.036285489341188359e-01
1.733201290236649483e-01
3.037208253579761763e-01
2.649623670094496952e-01
3.660099017646509800e-01
3.153540402951964250e-01
2.812847287821554354e-01
5.780858925760805622e-01
3.479581084050429318e-01
2.300736169162784783e-01
1.691348194593081389e-01
1.604624006757066068e-01
1.872805760936601116e-01
6.191890712234959793e-01
2.284960599773461221e-01
5.464333938887860898e-01
2.177899764171884189e-01
2.107039517004196949e-01
3.713660202403020194e-01
2.284234739372550671e-01
3.424879845072693052e-01
4.416256732892510084e-01
2.564403878023758243e-01
3.461492604945548002e-01
4.083823911804764228e-01
3.052335879705440624e-01
4.393798802880913290e-01
1.925066644990171827e-01
2.127394109471709427e-01
6.890528688377388633e-01
3.038826536890079644e-01
2.643768092324076946e-01
3.391264871536117109e-01
1.756137465547913390e-01
3.582393400871334843e-01
3.885865291915232000e-01
1.802510989361354177e-01
4.220696703477388456e-01
1.861537650261388954e-01
2.106396706744479153e-01
1.621160716170034211e-01
5.479026244724936046e-01
3.923697914984529689e-01
1.856634081854370011e-01
4.631057586009693083e-01
3.423596480745260684e-01
1.913423894804106296e-01
3.713636090383823363e-01
1.935880805942479244e-01
2.453359526228426346e-01
3.921354769259945416e-01
3.081538669458583346e-01
1.388515305067228311e-01
3.963726656364137679e-01
1.655015803291693122e-01
2.591497954269328940e-01
1.655015803291693122e-01
1.596456117509856276e-01
4.891345879547434605e-01
2.065713068208900605e-01
2.753919746278769565e-01
2.032746024545909191e-01
2.113728098114627252e-01
2.233057937504752399e-01
3.278199725002770570e-01
2.586591663748023517e-01
1.753577076859485218e-01
1.944496285286919091e-01
2.024082584449800881e-01
2.238302809550650196e-01
7.617908799186877689e-01
1.993090179694249064e-01
2.992088187068451255e-01
1.941673068793378643e-01
1.825215962884781662e-01
2.355748462966766599e-01
3.764880663937224536e-01
5.875584836186279469e-01
3.482714839552977781e-01
1.911862293262449608e-01
3.212585361804023432e-01
6.835888288410968405e-01
6.955018280660234531e-01
2.646756059680432371e-01
1.634865479536971034e-01
1.812147999524326147e-01
2.611556690920668333e-01
3.100714278254256273e-01
2.740987307024197461e-01
4.280911460223182918e-01
2.033936677789204839e-01
2.294954171866842862e-01
1.777685051474080513e-01
4.020332415371812851e-01
1.239900492173481028e-01
3.127378863369170148e-01
1.530599934674423679e-01
5.352780359057882631e-01
4.276313897046759571e-01
2.844116505674682549e-01
2.146129172923101625e-01
2.049036482868020481e-01
2.414709737324261252e-01
1.786874931561928670e-01
1.623211665977017382e-01
3.547092785746447929e-01
1.882714939944474808e-01
2.536809867739290292e-01
2.750474831061304748e-01
1.286183645880119297e-01
3.421960509311790521e-01
1.299549343952420832e-01
2.049586536474292953e-01
3.490471941165347314e-01
6.491944106177174323e-01
3.280305345932854055e-01
1.286183645880119297e-01
6.256542609737200111e-01
3.045329319740067708e-01
3.434670021276828855e-01
2.642804051037115909e-01
3.083213421524608755e-01
2.248073123609691526e-01
2.440711037315155540e-01
5.274491980280977543e-01
3.686972285562125085e-01
5.486310137050415259e-01
5.607905150481978795e-01
1.179230385595343572e-01
5.709312264558654704e-01
2.855407233781334653e-01
2.049036482868020481e-01
6.961929069057504194e-01
7.074926492089729235e-01
2.335647414838286084e-01
2.928571528404228519e-01
6.739579101887493984e-01
4.197357672002597906e-01
2.049288116846682550e-01
3.112219906959027282e-01
5.497576231584010431e-01
4.084886241435063403e-01
6.012616314193528488e-01
3.535261172678955677e-01
2.049036482868020481e-01
3.277489530262631678e-01
4.597580584263618042e-01
1.593138954061717183e-01
2.669298569646511576e-01
2.032655560521290927e-01
5.000000000000000000e-01
2.045397448487636660e-01
6.357067949929479100e-01
3.926820278291475730e-01
3.392749369805254100e-01
7.112857891000502475e-01
8.318419176935878401e-01
4.922100318306439903e-01
1.890141356496586600e-01
2.649604654837848794e-01
2.127503256093655759e-01
1.701255603992755938e-01
2.252823012571239236e-01
2.252075486527707893e-01
4.585324058750902543e-01
4.237988102422680092e-01
2.732500689293753116e-01
1.486385052037931531e-01
1.137683127411889122e-01
1.587632128927750907e-01
2.126122484658884704e-01
1.227350173491776192e-01
1.369965284586602827e-01
2.207121834330332266e-01
5.752527853150048998e-01
4.066134822015260997e-01
1.061055070932665351e-01
5.052987294424836628e-01
2.254817685609366851e-01
5.793971234680190818e-01
1.908696880606229607e-01
2.144316564732495489e-01
1.187047119286601116e-01
6.250247294529051034e-01
1.979850979234426545e-01
3.232161654240096604e-01
2.653673935435870157e-01
1.626412529521068517e-01
2.684456345636850871e-01
2.839249838696979444e-01
3.063846204877210821e-01
1.332094375268081388e-01
1.840294503684273275e-01
3.412101376694505750e-01
1.595430495814267324e-01
3.528733106602058300e-01
6.724755497008293448e-01
1.630204097577361844e-01
5.381692165506499759e-01
7.468659574071550011e-01
2.279492061291851779e-01
4.754730589310199873e-01
9.842404502800894406e-02
3.628376749437313697e-01
3.808360632065483919e-01
3.590231861921623913e-01
1.308038083161859044e-01
1.439729664347896843e-01
3.527587465402517997e-01
2.024883465521059300e-01
5.415265125340527064e-01
1.258704377944312447e-01
7.560564941400597094e-01
7.665243697459330763e-01
7.043789317721389498e-01
1.585941678782172015e-01
5.707785959364534145e-01
1.905258697906445919e-01
1.494096991960623400e-01
1.066365780264330598e-01
3.409208244038349211e-01
3.219514972694937360e-01
1.087507821193191698e-01
6.257637672913581861e-01
6.525460180120399301e-01
2.735248567503155703e-01
1.743731610260863818e-01
3.527587465402517997e-01
2.459865071137058989e-01
2.537499440959124497e-01
7.975115554759601988e-01
4.210589961453480301e-01
4.589138259679596543e-01
7.047350253817411536e-01
5.000000000000000000e-01
1.796455316043165107e-01
4.075675795796516732e-01
1.946557136781409403e-01
7.453036607433478622e-01
