3.807445155673636616e-01
3.959737494674724911e-01
3.953386744093735916e-01
2.270555940475973977e-01
1.833751621947376231e-01
2.865688098944523809e-01
3.978515591808067242e-01
3.953331549835367165e-01
1.023880453182122591e-01
1.023948523625644730e-01
3.841040963182884571e-01
3.943326034889602649e-01
3.953311370438419292e-01
3.953389325984276725e-01
3.953301995501578570e-01
1.312393815759978211e-01
3.616168150958889993e-01
3.953302548363941127e-01
9.190231453436786824e-02
6.339558912169969140e-01
3.953331526403391916e-01
3.953341835437417795e-01
3.953331454964261749e-01
3.953335081380251470e-01
2.136520702406392580e-01
3.949660394696107302e-01
4.024305554602903845e-01
3.703556001811990073e-01
2.176125689019937637e-01
5.965872154163469610e-01
1.869415035712835294e-01
3.588048050136420364e-01
9.127850867816489355e-01
3.235140974105162881e-01
3.953279318160681788e-01
3.939894735670438908e-01
3.954177256341401270e-01
2.938981113847207727e-01
2.966123115957180478e-01
3.883540395039809523e-01
3.953331549745902618e-01
3.953129285747815636e-01
3.952960201683915487e-01
3.921706376289140761e-01
3.953331549824429803e-01
3.916307880969698840e-01
1.598809328423940190e-01
3.953444093651917179e-01
3.750754054445583630e-01
3.855298251843483626e-01
3.957013313816810096e-01
3.953331435026252172e-01
1.252801378006805633e-01
3.707769483464722349e-01
3.954368677902962981e-01
3.953330218560688891e-01
3.953293802073898355e-01
3.953297859637264766e-01
4.041406644888977939e-01
2.897651778477625117e-01
3.924716714115873417e-01
3.953335543402816121e-01
3.953341312025515641e-01
3.953327172291943303e-01
1.676739365418505323e-01
3.944485753565849517e-01
9.190231453436786824e-02
3.953331549818136503e-01
9.787693328895746836e-02
3.952912390120224551e-01
3.954206052115779024e-01
3.953484309264169161e-01
4.014615094817134411e-01
6.630904907048126851e-02
3.980881915972306895e-01
4.041859889210095425e-01
4.082949460142418219e-01
1.709080768601486666e-01
8.354198969708485079e-01
5.000000000000000000e-01
1.801531870528964852e-01
3.805015325789704028e-01
5.771059171507407770e-01
2.981954878971277423e-01
2.059560683194981978e-01
2.343235225342379935e-01
4.345523526890712196e-01
1.864300515658001423e-01
5.437757759310352101e-01
4.852386801231159397e-01
1.661991668250598353e-01
2.568874165353623451e-01
1.629182184052545002e-01
3.857016647161178313e-01
3.408810144439861634e-01
3.876885913615296664e-01
4.815967382663299823e-01
1.818119490672205074e-01
1.993148242054455233e-01
1.818124767358315907e-01
1.670287702457138035e-01
1.645353611824650619e-01
2.388616126058009104e-01
3.005047118140580786e-01
2.462004543818433200e-01
4.290674262565099539e-01
4.174480799840362133e-01
1.807396504146053795e-01
8.608332818421029486e-01
3.911567973740411874e-01
5.504054688622820324e-01
2.483071296053840638e-01
2.166171480540982075e-01
1.809851117401808929e-01
5.275881698147765198e-01
6.433735657055775770e-01
2.073905182763700894e-01
1.365736576872654817e-01
2.296801956145250179e-01
2.091743654205345526e-01
1.817661541307257211e-01
6.706492821045697550e-01
1.859679701536285368e-01
3.501410304401884610e-01
3.934146104037512526e-01
7.223525463700048999e-01
6.796227719676164458e-01
2.365308171073768895e-01
4.341671644491221782e-01
2.085304803475631352e-01
5.445107105779505297e-01
4.799632994671079178e-01
2.139839442886972420e-01
2.274015586680408485e-01
3.417846943590845954e-01
1.625439444465771321e-01
2.005921006618053004e-01
4.611066501180646204e-01
4.484680614062583892e-01
5.281357088058730165e-01
3.987070125462048864e-01
3.085408976553339899e-01
4.016171666891483749e-01
2.011128168660319959e-01
1.817167517093164486e-01
5.572977650016088802e-01
5.053798980941847097e-01
3.984733633178350054e-01
6.618543843777641156e-01
2.893901395423657541e-01
4.480474229868144365e-01
1.755640666044796516e-01
1.831368945025542150e-01
3.380869884056713626e-01
4.659932303458729774e-01
1.923370639304946283e-01
1.755064605608099570e-01
1.703484045186123563e-01
5.588578733850647629e-01
3.792490039552994241e-01
4.308121438153084681e-01
4.434558700913056040e-01
8.190310331087834461e-01
2.399233940750747085e-01
1.616324072358075181e-01
4.136428975899145155e-01
2.817036762537966643e-01
5.432614865693823347e-01
2.435103465502448383e-01
4.368042978690339639e-01
3.878450915865961912e-01
1.716339042247317370e-01
4.512991411698771271e-01
1.402939474756036142e-01
2.426929945287375767e-01
1.776241575383195603e-01
4.137353774658900085e-01
2.539450838992283743e-01
6.706248240383159143e-01
3.552392592565338791e-01
4.341508796538779413e-01
6.465083030903123751e-01
2.882133009379101996e-01
1.665092874741022355e-01
2.132951636473288948e-01
1.733217931645546217e-01
6.145659693320641992e-01
3.395088183217288003e-01
7.669983548909674598e-01
4.011858033825864700e-01
1.799423917637631709e-01
6.508868064243024110e-01
1.908452366397081212e-01
3.861194998219856234e-01
2.908584466648663214e-01
3.789759476094135549e-01
3.696324500655979173e-01
4.890032370590807753e-01
6.304427684709722479e-01
5.136706425216858163e-01
2.205404178525627867e-01
5.276603636362278138e-01
4.856518278060790728e-01
1.850947657888029063e-01
4.746840393453034546e-01
3.563538215874092474e-01
1.755064605608099570e-01
1.793548395065849010e-01
2.018234875578611420e-01
3.596572048000686861e-01
2.258574288214586223e-01
2.760570041754206172e-01
2.319838248107176093e-01
5.544065516008004346e-01
1.907879995719464483e-01
1.823720872220889189e-01
6.760464190144742647e-01
3.507750247530165288e-01
3.372181552359104773e-01
4.167138593345131037e-01
4.122252879998055120e-01
5.199452574180941644e-01
2.966559217490618017e-01
2.078060736896642502e-01
8.318966585144758064e-01
1.527315846936049548e-01
2.970823975008817230e-01
4.738968795289761893e-01
5.969377571600313903e-01
4.829840622837512365e-01
3.826313778728093196e-01
4.016704043042422234e-01
1.283992558416832408e-01
3.082567830666606001e-01
1.605267630628666176e-01
1.460769860700185663e-01
3.731329276398139272e-01
3.037123840085768633e-01
3.771577998756127093e-01
1.818811703951382641e-01
2.631078656200827037e-01
2.958230132616919139e-01
2.204017645666844771e-01
1.326617594590674409e-01
3.888600808115761920e-01
1.491009016133977572e-01
5.540422882877075184e-01
2.729455532297099252e-01
1.326617594590674409e-01
2.573313137234068404e-01
4.492716894349783052e-01
2.123011769982562635e-01
2.681629940852002236e-01
3.189667132321529763e-01
1.699056889017984961e-01
1.743702191741154650e-01
2.336927369934469478e-01
1.737875697818733467e-01
4.370763372108597555e-01
7.899071989541722738e-01
2.108496864970291207e-01
3.427444712405587901e-01
3.833004429631711729e-01
3.389090287657320344e-01
4.044151376211441717e-01
4.578780118249852205e-01
3.916861507615497784e-01
4.110871539672996677e-01
4.229952110007443311e-01
7.239709685827708796e-01
8.728555594262392692e-01
2.399468509065982580e-01
1.552426551087239259e-01
1.712917972278248657e-01
6.082467264935865758e-01
2.343240464268845358e-01
8.944233919442895475e-01
1.654513026771518014e-01
4.293857371598549522e-01
4.112056451058572759e-01
4.652998348071734069e-01
1.897421913456221743e-01
2.572645441135809063e-01
1.491009016133977572e-01
4.909659533684383459e-01
4.251936058540277119e-01
4.603289369174486390e-01
5.276209671853495653e-01
5.081623493328664143e-01
3.511155864754465505e-01
4.913245731435729180e-01
4.248844328585539287e-01
3.867052820948685410e-01
4.456987776560082382e-01
6.910400581002957843e-01
3.417743084862447933e-01
5.495694691087174011e-01
2.689015575632722199e-01
4.012433220724639371e-01
4.045066412564221614e-01
4.704868114876806229e-01
4.060670685761267884e-01
1.660035709642527779e-01
2.994059728987568669e-01
2.179961542481768655e-01
3.423963134429526822e-01
1.054651916727462752e-01
1.076623855544763253e-01
3.130066352747885583e-01
3.513352156420944672e-01
1.960763755565568256e-01
1.643457873408002978e-01
6.319625718230843514e-01
1.644267991850600630e-01
2.826795507929725226e-01
6.974814676018089576e-01
3.721567379962173461e-01
3.466556627454286388e-01
4.901580821595564186e-01
1.589123138863096363e-01
1.661800878835514861e-01
1.568531707045279500e-01
1.818579349474754581e-01
1.661800878835514861e-01
5.384837298812761297e-01
7.300093027315263106e-01
4.912901060710162526e-01
4.001809210415905316e-01
4.459439914621192158e-01
6.245206459267351740e-01
6.039846071991595844e-01
6.154072092872280297e-01
3.868034990867617040e-01
3.819728644888006897e-01
1.891559711433710989e-01
3.609525650237801475e-01
4.136853489769268810e-01
2.011454234472357661e-01
5.569704719945015592e-01
3.659383407773029173e-01
4.804453183017835527e-01
1.613765543348635312e-01
1.643066791964498119e-01
1.643965474042770047e-01
2.493985059542780380e-01
3.605699763724617424e-01
2.439478572933164169e-01
1.614207089794254257e-01
1.306105449449964095e-01
3.341426851709439760e-01
1.700164090669826766e-01
1.609411733193996108e-01
2.672708742931091397e-01
1.126293498673177906e-01
5.098553457985106618e-01
2.067574990485354092e-01
4.136910040106428488e-01
4.890020754413104132e-01
4.023214210274672631e-01
5.000000000000000000e-01
2.767435631829378018e-01
4.858217287647728089e-01
4.015313010794656079e-01
4.054272395009472785e-01
3.294636020973538693e-01
3.043917690233861606e-01
4.482615682225777887e-01
1.398286721671109789e-01
2.907760604858022901e-01
5.518454190167874085e-01
8.224929694264470070e-01
8.401679680332233557e-01
6.191080119421519257e-01
4.070729756361158302e-01
1.950380455573205996e-01
2.233277067343778788e-01
3.683532585778228063e-01
3.124799320378133793e-01
3.476124444281010195e-01
1.244206402760890950e-01
3.341468740816596061e-01
4.462506072652979161e-01
4.538732353241025641e-01
3.939270111847886779e-01
4.172027080387162856e-01
3.185374480603197500e-01
6.202893967691945898e-01
3.809059648597143966e-01
5.211911786033196492e-01
1.462380341824180141e-01
4.021711357690339605e-01
1.860179656028398965e-01
4.103224147630830099e-01
1.500092715827807122e-01
3.234269701842583666e-01
1.931819764340009238e-01
3.621747417055832252e-01
6.490927698876133300e-01
6.323205033730917579e-01
4.085040372353617166e-01
3.446941410320499832e-01
3.956746894363429856e-01
3.006509852595622978e-01
8.084942871168991907e-01
1.964411010631556542e-01
1.678094434322426054e-01
6.186169944423007827e-01
6.632667114355792481e-01
6.174723096385533738e-01
4.470825430770996034e-01
8.464265787237966743e-01
3.477064362061684788e-01
4.679403864775256161e-01
3.579518318544738786e-01
3.755426002089803372e-01
4.686467208881333613e-01
5.256368935232431649e-01
1.525181213054685181e-01
3.528053490346301779e-01
5.619852822147906046e-01
3.378228555169005554e-01
2.481608753841614556e-01
2.255804528295492495e-01
3.829199257897729636e-01
2.546477015500949737e-01
3.281299610428276559e-01
1.878748209104172395e-01
3.560655352466365886e-01
5.508345854199496738e-01
2.582120334181401411e-01
7.922938472273244326e-01
1.684265114909967720e-01
2.098544406140026020e-01
3.962038076534117326e-01
2.841655021361161326e-01
1.485476300267638550e-01
1.578192102691083343e-01
5.345240465372055327e-01
4.428623498984950446e-01
8.105600600182724103e-01
4.754475159892056491e-01
4.890958211005449474e-01
1.720297188668666877e-01
3.853169328864018972e-01
2.962397702979715497e-01
1.720775986123098678e-01
1.511794815492583099e-01
3.843095880342919379e-01
2.653645275225707256e-01
5.121236496440256802e-01
2.980820814340922054e-01
4.435396606771695449e-01
1.732511070132810582e-01
3.591301037656917661e-01
4.005790023079683904e-01
1.511808531773186359e-01
4.367422178109239828e-01
3.705702596181198460e-01
1.456649207781984812e-01
3.431511862444754923e-01
5.953110968772765688e-01
4.016813845229241786e-01
3.846736409882275387e-01
1.679891163519850739e-01
6.883952140657357832e-01
1.980794252614162809e-01
1.238882555848242889e-01
5.953110968772765688e-01
4.553450120290461478e-01
1.565289721184589256e-01
6.205089091581728056e-01
4.559772260296890978e-01
3.398038391541179926e-01
2.309168649567656384e-01
9.800169396609115235e-02
2.246612852843659913e-01
4.801534853371971501e-01
1.386458690979656405e-01
5.226259968688491409e-01
1.650575387787389658e-01
7.727592988720375367e-01
1.610857874295246461e-01
2.313381597452289218e-01
4.949667360605092825e-01
2.657074341741086365e-01
4.061507974319452652e-01
2.028773559374287550e-01
4.167641934700767048e-01
2.887379479627099621e-01
4.260518115213765000e-01
8.589796350942364711e-01
1.667389765027653126e-01
2.850464417166713171e-01
3.697272136065741233e-01
4.853405960748061188e-01
3.372546013820213462e-01
5.000000000000000000e-01
1.354304340770113024e-01
1.592577369636895002e-01
1.462559250844087944e-01
1.839915297344231759e-01
7.814995737832574063e-01
1.610393059222768875e-01
7.654526626340970585e-01
1.260790424718339076e-01
7.053959721391545035e-01
1.318080974711958453e-01
4.424798529366242850e-01
2.978229931577233147e-01
3.196189652319408880e-01
2.981326678297900323e-01
6.080202450074572162e-01
5.890010923050791325e-01
3.493782007718553295e-01
4.290326485551163027e-01
2.865218397538273898e-01
2.377480925290059721e-01
3.809741827238710687e-01
2.222042777819419890e-01
3.849795909526951831e-01
2.713936339243239182e-01
4.418235109629280455e-01
1.801698411471127081e-01
1.568383728830307633e-01
1.474859348750987842e-01
6.255764882611296596e-01
2.876561361328667799e-01
5.287242544738177674e-01
1.976258143536033796e-01
2.196879276429357375e-01
3.197506811223181922e-01
1.590009771406300787e-01
3.545649640749521381e-01
5.622506602043996216e-01
2.574473061211234870e-01
3.200949077129647269e-01
4.619866963172854502e-01
2.819774942998839462e-01
4.301860937914007699e-01
1.965615969339936098e-01
6.601544940370783765e-01
3.283100828321292575e-01
4.076003638546699670e-01
3.720402662310962616e-01
1.578764295744579382e-01
4.179597908341244339e-01
4.441012957109610193e-01
1.807837909363348705e-01
5.763657596285062246e-01
2.248158090318840840e-01
1.836841879602480465e-01
1.612717765223269928e-01
7.068348273008169258e-01
4.455307349120145588e-01
4.334868360982292446e-01
4.179621342070719003e-01
1.718590298922688109e-01
4.047344842970809209e-01
1.973269699930182974e-01
2.667248122634482410e-01
4.153527787649616276e-01
3.025115658220320913e-01
1.874138098508735806e-01
1.326348223803270610e-01
3.010715970614681880e-01
1.803249632224087073e-01
2.549469015399631333e-01
1.803249632224087073e-01
1.714619050113178056e-01
4.513928608228510164e-01
1.802556313982227876e-01
2.765451415058279849e-01
2.445153971957501338e-01
3.072514774244176072e-01
6.371830947418291036e-01
2.715116565935290494e-01
1.937052429974065737e-01
2.019873806686982021e-01
2.658935497373623447e-01
7.885174094889072505e-01
3.428672097599391178e-01
1.863135368506392830e-01
1.936919305839791272e-01
2.156860863328959321e-01
4.232242650291467290e-01
2.161399894277578337e-01
1.283299984946173200e-01
1.787493829864160721e-01
3.468294862473530471e-01
3.943998421311850078e-01
5.000000000000000000e-01
2.175753095372763846e-01
2.111796977703381262e-01
4.137323268775872642e-01
4.263027386647950112e-01
4.106926138000129844e-01
2.963233157429893683e-01
3.205066005888608238e-01
3.141445674420725864e-01
3.491624699227948159e-01
2.310212618836444687e-01
4.103812780227152346e-01
2.300340504586378676e-01
2.603899220455058172e-01
3.810790059057783119e-01
2.180229845521400311e-01
3.705336157017317666e-01
7.741150929518892942e-01
2.448213598471637442e-01
2.379679596552898568e-01
3.411748512913456155e-01
2.477765995854354364e-01
2.632934981350066872e-01
2.953858410416578817e-01
2.352165353791609570e-01
3.559646857758540506e-01
3.557260457858212876e-01
2.271956222619386789e-01
5.000000000000000000e-01
2.307762576611577521e-01
2.199318888914263692e-01
3.662069018664523834e-01
4.103892162347009820e-01
3.934871635962322034e-01
2.221483227260311888e-01
5.624090667579220160e-01
3.316682042357906313e-01
2.653343939688148079e-01
2.707384600482151127e-01
2.982492937305717406e-01
2.657157280094252783e-01
2.878767322191439493e-01
5.431114676634303251e-01
3.563503910029808264e-01
6.459147886206477729e-01
5.604302538161539671e-01
2.448395556425378983e-01
4.769788489516708641e-01
3.649566929506473656e-01
4.872179630228256064e-01
4.235974092034710536e-01
3.083838109489032142e-01
2.906061596570168049e-01
4.531207294939142982e-01
3.713709585977663097e-01
2.447074751593610598e-01
3.316798087912907755e-01
4.202357569029733231e-01
3.016200245897966425e-01
4.109688459289849161e-01
2.554587658984003862e-01
4.819575175393295274e-01
3.483374421154633027e-01
4.829571468618663044e-01
2.341610235865969059e-01
3.558414389313544479e-01
2.796762206571595799e-01
4.929457181651944464e-01
2.454653189655459922e-01
3.215636157548988905e-01
2.141240018079730301e-01
2.352165353791609570e-01
3.201533133364148354e-01
2.373643220969681999e-01
7.008379766285049994e-01
7.048184376231048098e-01
4.443139485446109815e-01
2.455961535192253964e-01
3.020891595965976562e-01
3.344950905305790201e-01
2.952914094666153066e-01
3.982987704548950902e-01
4.073711932989100282e-01
2.675881100865534767e-01
1.293497694181803825e-01
1.543120760370454703e-01
2.513192611577605984e-01
3.412783763190861408e-01
1.226628265005361984e-01
1.683132560496875263e-01
3.160305403971837013e-01
6.594335605350696294e-01
4.156787653373689162e-01
1.474457838573109136e-01
5.485529281850628491e-01
1.633904784096584795e-01
3.039182097354981571e-01
1.684044724639900126e-01
2.516219911343284266e-01
1.657808968344130773e-01
7.092871467320428502e-01
2.047398216627683010e-01
3.924297530034293602e-01
1.749950641049165534e-01
1.236499727356742406e-01
2.438476680280739217e-01
2.892048631963627381e-01
2.731976801452616344e-01
1.795795130414964136e-01
1.452414754772069772e-01
3.480561135686179308e-01
4.413047607558996388e-01
6.298733483061955685e-01
1.764407936999100868e-01
1.457372050620228399e-01
4.565099319498728270e-01
5.681044837994299046e-01
2.384528894051728409e-01
4.909888157881091009e-01
1.577930926104292031e-01
2.791504771029398868e-01
4.077757004833569288e-01
4.447765009967059591e-01
1.730817239815997943e-01
1.236499727356742406e-01
1.682881211893353102e-01
3.343147248320909037e-01
4.268376874413196131e-01
1.388432691993797263e-01
5.809575916778623172e-01
6.976142330295315164e-01
6.714860608418460330e-01
1.683388620735361274e-01
5.860134400457368553e-01
2.112409468147930236e-01
1.382869408188666105e-01
1.521570282624468418e-01
3.962716982312752267e-01
2.923340400108088710e-01
1.339399573482004946e-01
7.289920165656148532e-01
6.896984695103626217e-01
2.883788448045535580e-01
1.565971931939875716e-01
2.172932013315649613e-01
2.297003356417396114e-01
8.171722390728518581e-01
4.892875108268024409e-01
3.510099765676092942e-01
6.615986800054856065e-01
4.436525614238912008e-01
3.841336432426749603e-01
2.145168781495263577e-01
6.992425108349995533e-01
