1.548840871131543784e-01
4.173147039652419510e-01
3.909774449357529824e-01
1.481645691722069391e-01
9.985726797554846101e-02
9.997452952299760998e-02
5.416754022569201243e-01
3.854143047526987775e-01
1.512252954002294425e-01
1.320407291331751609e-01
2.879823650825114600e-01
2.979737404157676295e-01
3.431724743364494845e-01
4.864168644536961961e-01
3.532996851095921986e-01
1.631220282650572007e-01
2.192433837342348535e-01
4.148950100996108836e-01
8.554066822195943720e-02
6.451278689850992176e-01
1.033735206970310128e-01
3.283087500702889239e-01
4.017259679346293355e-01
3.982719460025594405e-01
5.135348596684217171e-01
2.165385156922288723e-01
3.023181994340020107e-01
5.654531431521168106e-01
3.118912784479866973e-01
1.758820397689229709e-01
8.261871430868186206e-01
1.401616121971100692e-01
3.829083552794659284e-01
7.816895633703884183e-01
1.339654481741555658e-01
1.766294818160027424e-01
2.017465694903490536e-01
2.946056950020478626e-01
5.561463694580343065e-01
2.441687374738964189e-01
5.000000000000000000e-01
2.223313281068399760e-01
3.832946508918416151e-01
4.735200789025154067e-01
2.974885982635698256e-01
3.690770022423732755e-01
3.866143110679804984e-01
3.040511541201983414e-01
7.991157800091133745e-02
4.039850345880405813e-01
1.805838727817661860e-01
1.636338731802046420e-01
5.289191613121465574e-01
1.339654481741555658e-01
3.485357363507394779e-01
9.953535704993118904e-02
2.027919718186421694e-01
4.558005480232208972e-01
3.896994857081945152e-01
3.575776511763568144e-01
3.162391070185947006e-01
6.547594098618579883e-01
1.339654481741555658e-01
3.787340517532380990e-01
1.339972330156217473e-01
3.135242108138139860e-01
3.917059769656643931e-01
3.960066328283173842e-01
3.163158546030984120e-01
1.583404468777302176e-01
1.339654481741555658e-01
2.158364956042373439e-01
8.554066822195943720e-02
3.770558292487778407e-01
1.276713086558443622e-01
4.864832019291149279e-01
4.272913328403949995e-01
4.596705589836846406e-01
4.013645727992596890e-01
5.792162907575594266e-01
1.433780433460055959e-01
5.600539194355059758e-01
3.686353800426510618e-01
1.314552091527665389e-01
1.108171143868057346e-01
8.468429661439554890e-01
5.776656981028209792e-01
1.314552091527665389e-01
1.802220300635307693e-01
4.249182881626893393e-01
5.808734974809152130e-01
2.949426334219425461e-01
2.655478321869005343e-01
1.647674748528154265e-01
3.947221543806674338e-01
1.392644162917769102e-01
5.000000000000000000e-01
4.493013818603923126e-01
1.164378180672121371e-01
3.489175084286580963e-01
1.150589080977244133e-01
4.011507425920086689e-01
3.886859157559320876e-01
3.811336947164301603e-01
5.000000000000000000e-01
3.106754252281378470e-01
1.744612625096814695e-01
1.485701785789593221e-01
1.313774657612167829e-01
1.091556036052584860e-01
2.202289462393617336e-01
2.440322559163837779e-01
1.314552091527665389e-01
1.962529672839720962e-01
4.831770479673877516e-01
4.141624776973357736e-01
1.354143230321824543e-01
8.359567157473378751e-01
4.008650441709035728e-01
5.529720569437104327e-01
1.736482667868993468e-01
1.765009956609729092e-01
1.407294350713731712e-01
6.222385355658847095e-01
7.048899035419441406e-01
2.270034915935893460e-01
8.529483896994048686e-02
1.860209854670281382e-01
1.733074051049769970e-01
1.502330371313738977e-01
5.514601543704831244e-01
1.380647407986605735e-01
2.873957622887329255e-01
3.729777355277557049e-01
6.843407245274545359e-01
6.503871506179506046e-01
2.056188735735097750e-01
4.163423521532865768e-01
1.695340343424585616e-01
5.287672839915872336e-01
1.269405958786457289e-01
4.763334452303368827e-01
1.776532033464695570e-01
2.968286758110120216e-01
3.516910893513152669e-01
1.492911173231189215e-01
1.869883668324254511e-01
5.391958192550572182e-01
3.556248680572824394e-01
6.680964508062943175e-01
3.798896378710854838e-01
2.706053491044870807e-01
3.780218259038879425e-01
1.500921111143606601e-01
1.391700120824493903e-01
4.726534229160487821e-01
6.923931692198423971e-01
2.834292555591224061e-01
8.125557906526030827e-01
3.914070925324191208e-01
6.410559599880460979e-01
4.347421428346622263e-01
5.237003640500977886e-01
2.018517298022661777e-01
1.858511135326072761e-01
2.734470463711675126e-01
5.233543821796150519e-01
1.792079576697587218e-01
1.802852265683851651e-01
1.966610326542559684e-01
2.009670491733165920e-01
1.691708520303572272e-01
1.802852265683851651e-01
5.094454238113671485e-01
4.754173023934563092e-01
3.491801954003619368e-01
7.813057883517849911e-01
2.812428916432720416e-01
1.668375392139175017e-01
2.945643400751175589e-01
2.450296341731340310e-01
6.618796096875068091e-01
1.739371988167716654e-01
2.206428084754494812e-01
3.432789724281722354e-01
1.660575784092269969e-01
5.480656033647273162e-01
1.478481708679929008e-01
1.836772577829542952e-01
2.030707614125258076e-01
3.612084873547408148e-01
2.763150824145662043e-01
6.072643924538911886e-01
2.044653145865794885e-01
2.697881151587166459e-01
5.551315062297229597e-01
6.491715047841036812e-01
2.466368704765081188e-01
1.627165500460678316e-01
2.180187797699307262e-01
1.560356530338371794e-01
7.182491660645122789e-01
2.828364982341011746e-01
7.462498356889922801e-01
4.618431133757924800e-01
2.995994285459735451e-01
5.000000000000000000e-01
2.080070399028738914e-01
2.827727257116072201e-01
2.400831558045680991e-01
3.100843550939441640e-01
3.674337719861717200e-01
7.234713568074929713e-01
4.589898767126783796e-01
3.748629169878764933e-01
2.072836985185721459e-01
5.378267188444547653e-01
4.288080541899130238e-01
1.410530987521394775e-01
5.000000000000000000e-01
2.698551919677812383e-01
3.646309139322339021e-01
1.788109325881041545e-01
3.279667448051606926e-01
2.795829795058657474e-01
3.809596198695498481e-01
2.865503562529519987e-01
8.762044636082527704e-01
2.971794254589802953e-01
3.016966196804914402e-01
5.176772392321633554e-01
3.298314128794370692e-01
4.288882908090566604e-01
3.502252281826148117e-01
1.926618950088357929e-01
8.130508544058957510e-01
5.822352725837637299e-01
5.934496565902706022e-01
1.701676690724479857e-01
2.363977565380594725e-01
5.057736984600226249e-01
1.994895104534168129e-01
1.853804648503619423e-01
1.494932315983864279e-01
2.726598486165716095e-01
4.923308821047459594e-01
5.238875093363775104e-01
4.409532858996922933e-01
1.375623147872777063e-01
4.082359864926844439e-01
3.833381091341369618e-01
1.088097162031352594e-01
4.183267398822218541e-01
1.895975403636616652e-01
1.224122291609775898e-01
3.299856560640059833e-01
3.024710314720597260e-01
3.629169408498473248e-01
1.728482275079097630e-01
2.515377377632171951e-01
3.763251643016656267e-01
2.021214548109479259e-01
1.472042980407945456e-01
3.406076393434254723e-01
1.374277964358622262e-01
2.777834758766707934e-01
1.387061252356190932e-01
2.427928032228610089e-01
1.357986694827438279e-01
3.153499114558688809e-01
3.117436087706044745e-01
3.152029702876705253e-01
1.338298125720808751e-01
1.357986694827438279e-01
2.362850026532536951e-01
1.917520403812334462e-01
4.664403053096667917e-01
7.806737107618336724e-01
2.238581371660648967e-01
2.601832086574167868e-01
3.742381881061496163e-01
3.613595799477894999e-01
3.687091317828675163e-01
3.703426547881386033e-01
3.753130095507147823e-01
5.532250425236163727e-01
1.836303496102978106e-01
3.780711554282579767e-01
7.689603432081525414e-01
8.723364894301727235e-01
3.892698201184002782e-01
2.413115642819710638e-01
1.603288312375692470e-01
6.077665325847106947e-01
1.971855316352939536e-01
8.949103893425061074e-01
4.639422491624702327e-01
3.483433240494646643e-01
4.429593265088857534e-01
3.983821213034581810e-01
4.755319410121963686e-01
5.381422557188070277e-01
5.000000000000000000e-01
4.106794254525735766e-01
4.751813533797188405e-01
4.656723454837793374e-01
4.178269823971057506e-01
4.189357109918521727e-01
6.791002464319240151e-01
3.599221367823033368e-01
1.526503011554199152e-01
4.207529689613132007e-01
3.654570360510545624e-01
3.780155647107042438e-01
3.651922582769804859e-01
6.630037836563918985e-01
4.500596517293643517e-01
1.838566023637358826e-01
1.919806830425781208e-01
2.522203033537751549e-01
4.226920049594441453e-01
2.730173537497492808e-01
1.652121681962528399e-01
4.374591459840073138e-01
3.594440862693241701e-01
1.351937705851349592e-01
3.160031137059315931e-01
1.415444502739998389e-01
1.157987346897725728e-01
1.019479213464705991e-01
8.009634817517180538e-02
2.883623117387058565e-01
5.283456456432676918e-01
1.811449398723249393e-01
8.028006361010828207e-02
1.649699514607118056e-01
2.991127289791012944e-01
7.641043145299734052e-01
3.674481679566143910e-01
3.555304708298904770e-01
2.207835165306745173e-01
1.649623901647950253e-01
1.649723128267588379e-01
1.094462054910932958e-01
1.711376989033150664e-01
1.649623901647950253e-01
7.810437075056666512e-01
4.683890208048256953e-01
2.995249011525056293e-01
3.932122055000803473e-01
4.289262021903572641e-01
5.590562549030156925e-01
7.668423651188281953e-01
7.089909892963922600e-01
6.614606706567769390e-01
3.813613697780470768e-01
1.946213660149901936e-01
2.417701686003579375e-01
1.635258370361328262e-01
2.538943186689184284e-01
7.854974580142011220e-01
3.034405450853155384e-01
3.861586558212800058e-01
1.349945323589487045e-01
1.740849944249953929e-01
1.736182795771069876e-01
1.971848905015613496e-01
1.156617947499423010e-01
2.920477557493381671e-01
2.449455494903792774e-01
1.066373881612770053e-01
1.462855259873454272e-01
1.606549430289141434e-01
1.606549430289141434e-01
3.376684955820936085e-01
1.536821920739525338e-01
1.564967107713081118e-01
2.504582968329501225e-01
3.526609778069356715e-01
9.458877640228002814e-02
3.956074375931104559e-01
1.723372311582405392e-01
6.027436359941594768e-01
3.300433896447892423e-01
4.218681966463779798e-01
3.549972786606547248e-01
3.927677925818892080e-01
3.540306672285976064e-01
6.891086662383640871e-01
3.344107383278822621e-01
1.498332085067165809e-01
5.147401891812211083e-01
6.268489061163636800e-01
1.606549430289141434e-01
6.564320813156940826e-01
5.618086163043508607e-01
2.284518695371280383e-01
4.552389311345616529e-01
5.272039615549981573e-01
1.119558900453821171e-01
4.170351933722327709e-01
4.856392245552321740e-01
3.049808057170851350e-01
1.499362407470804515e-01
3.473698626549865942e-01
8.584679166517404925e-01
3.144925776525274719e-01
1.120325173222904702e-01
3.221144602014769376e-01
3.521879526226797674e-01
6.361248977712861130e-01
4.073249518858613194e-01
4.685860879370576937e-01
3.381863911850563342e-01
5.436622153155988846e-01
4.064774714659062371e-01
3.025754993577559060e-01
8.380991876196929036e-02
5.234457946615731494e-01
1.482485487323961793e-01
3.187207827728477660e-01
2.826243451448232080e-01
7.751793468758043371e-02
5.071495583977330135e-01
7.775187367652484915e-02
2.712602445552281250e-01
3.854841268017109024e-01
1.118679137618618369e-01
3.929263474703573733e-01
3.972775001355658420e-01
3.283494744800589116e-01
6.207614741353146837e-01
2.762349283393684685e-01
8.315270472375768662e-01
2.317656569727186422e-01
1.059313115772851227e-01
9.029906080413053759e-01
9.146050179620871523e-01
9.015271823605993662e-01
3.667223708685910522e-01
8.622083428873901223e-01
2.755154862555591055e-01
4.428658828943600190e-01
3.969765586134235691e-01
5.651453981954871475e-01
4.333064746495760011e-01
4.536250312908465809e-01
1.619444212818659523e-01
3.817739395541588365e-01
4.324638777260854661e-01
1.635394542238686189e-01
3.093840294802767676e-01
2.398175933237911284e-01
3.732309083791506277e-01
1.765369376687742353e-01
3.187433161439730545e-01
8.736526245346232233e-02
3.753221333740686116e-01
3.411859146898511552e-01
2.250560040972476028e-01
7.461221243585243190e-01
1.135616163129092998e-01
1.612863125500506034e-01
4.325956168554243031e-01
3.351265235321299052e-01
6.245281410716704146e-02
6.028741852325870260e-02
1.220258275489490563e-01
2.218901343331208531e-01
5.199791794497380382e-01
8.325743764833344329e-01
4.744027138994724169e-01
4.624275572511742372e-01
1.066207716968184810e-01
1.119558900453821171e-01
2.971991814451255820e-01
1.363169229798585069e-01
1.931387804310805423e-01
1.802128591934028801e-01
3.491485876098564534e-01
1.585693826523516814e-01
2.738520521773504246e-01
7.930493607831740066e-01
5.000000000000000000e-01
1.441471154842552671e-01
5.733357424314744488e-01
7.207019925711689867e-02
3.422128375072711615e-01
2.697423091559751351e-01
2.522240133372504189e-01
1.681559910066232622e-01
1.260191607430992122e-01
3.334211434718182265e-01
1.194396392246592220e-01
5.070086684006832600e-01
7.158463615270875824e-01
2.371280786344679703e-01
7.930976755992720229e-01
9.670692265703188795e-02
6.691171451799562409e-01
1.517929454006816947e-01
9.548957820802748964e-02
7.158463615270875824e-01
4.910294756183952725e-01
2.169320386500822873e-01
7.458681243929142779e-01
5.521859872543971592e-01
1.975396981488870551e-01
2.242083007476214085e-01
1.126251017676589694e-01
5.087780861046869996e-01
2.253420565883376137e-01
1.640912760770268375e-01
7.008618144155476237e-01
1.669283914976401884e-01
1.260480322504227424e-01
7.233020002423975470e-01
1.558272891651164560e-01
5.000000000000000000e-01
5.079269003217926626e-01
2.504606767511011189e-01
3.499748541177399308e-01
1.975410022668553922e-01
3.933929676585420920e-01
4.041604192026778675e-01
2.371129639345876394e-01
9.328869585655061858e-01
1.742940251820468411e-01
1.786907733421352062e-01
2.419951954793333748e-01
5.171568673204287592e-01
6.254600352453866252e-01
2.742318698571319380e-01
6.630085309667921312e-01
9.280171307478043974e-02
1.724018145574686411e-01
1.174303830345760774e-01
2.076126722249083401e-01
6.333534426076217194e-01
1.623929132803222652e-01
6.646582770365436765e-01
9.114035492107813718e-02
5.940557829488625208e-01
1.705067982245134783e-01
3.274154702577440346e-01
3.173695630439503645e-01
2.765728359610958309e-01
1.912199849314658584e-01
5.283081961108829772e-01
2.897872637149325747e-01
3.340066841767829198e-01
1.352362934449302667e-01
2.940005011298101323e-01
5.000000000000000000e-01
2.857078351399101046e-01
3.411175999108889134e-01
4.248024318186277015e-01
3.485459360790346683e-01
2.318544723892381476e-01
1.471834101913910287e-01
1.370584217196260668e-01
1.608686636825822913e-01
6.229093458614675116e-01
2.265612116852274982e-01
5.709282205455966652e-01
2.043736873964397127e-01
2.147390831642550235e-01
3.743855051264254330e-01
1.695169242303210533e-01
3.349737911021954950e-01
4.793483818383243444e-01
2.503958277671672894e-01
3.718905092582268090e-01
4.532860057490394889e-01
3.374875183113774102e-01
4.576820731995211999e-01
1.672088507451498784e-01
2.029481442949206405e-01
5.847832740730496415e-01
3.366493177993010733e-01
3.126818451376954244e-01
3.462736200937897024e-01
1.597063452818021922e-01
4.324624485634497861e-01
4.530712739245545406e-01
1.513315317015795081e-01
5.000000000000000000e-01
2.013198198287001750e-01
1.659215448707816454e-01
1.280044628976371168e-01
5.964439123947985477e-01
4.416730254345124229e-01
1.578937620121705632e-01
4.865416258613604605e-01
3.957723222266763541e-01
1.674797733257353816e-01
4.040131643254741278e-01
1.872431353463722414e-01
2.530937875264606118e-01
4.060301598775678533e-01
3.809598783338029593e-01
1.709814362971041335e-01
1.179703776362781564e-01
3.959348077557396373e-01
1.673071303417330014e-01
2.741153249085840349e-01
1.673071303417330014e-01
1.537406818574406364e-01
4.886938712932062945e-01
1.770566988591369684e-01
2.804642916161439459e-01
1.739666019817620590e-01
2.012673028614714033e-01
2.866676823627185566e-01
4.825514246184142153e-01
2.488866670477330734e-01
1.562704231703131719e-01
1.881235938972185551e-01
1.957774373131982992e-01
2.214932094640007509e-01
5.978598053165344872e-01
1.703671029135424286e-01
3.300792201455836072e-01
1.836276857920191852e-01
1.858539769418359189e-01
2.128593628626757606e-01
4.345996621641116109e-01
1.971219028611087276e-01
5.295212728918744505e-01
3.519405184663655928e-01
2.130792746655236769e-01
3.634322473324315683e-01
6.165491770573519048e-01
4.575449673320206023e-01
1.429352466051713455e-01
1.598869445227977804e-01
3.164007778261412329e-01
3.644920891688187004e-01
2.693439349792502435e-01
3.370769103951218870e-01
3.067809633982505613e-01
3.536217125103857106e-01
1.691798324464056646e-01
4.307019918134945002e-01
1.449075057102431341e-01
1.837862368340789088e-01
3.881871936175284032e-01
1.407927180673628209e-01
4.721486008487415509e-01
6.705947978415669475e-01
1.987879199848165135e-01
2.036426802175095585e-01
1.559519969387210547e-01
2.792574760161486425e-01
1.691086837867252501e-01
1.909572192109053601e-01
3.441783896720695402e-01
1.823998945364213586e-01
3.541906120611412190e-01
3.567392472569528294e-01
1.207444377583611894e-01
4.480083570679282978e-01
1.262841437057077298e-01
1.271145188068282250e-01
4.185214643354428499e-01
5.223155106087515875e-01
4.175848997490782533e-01
1.180023965217470300e-01
6.131823628838124485e-01
2.706841233903504174e-01
1.941619331948640503e-01
1.989378385640132307e-01
2.327584682066272947e-01
2.014603396599126406e-01
2.522970272678186632e-01
6.400879428983705655e-01
3.773654413385346129e-01
7.149810733593202627e-01
6.763451781117180150e-01
1.202272632440524874e-01
5.126952196524665606e-01
3.980874773104126629e-01
1.559519969387210547e-01
5.472864889659964094e-01
5.820278000130361118e-01
2.744839132414920724e-01
2.092361783265648534e-01
5.147030945912073330e-01
3.883031890743656733e-01
1.628645809218197404e-01
3.199842325725684167e-01
4.402414127500726138e-01
3.382497257425958748e-01
4.848996271679061887e-01
1.660640507540581401e-01
4.711464214936502137e-01
1.559519969387210547e-01
3.385967582594893721e-01
5.960671785104239007e-01
1.700812778366032618e-01
3.770204338000081590e-01
2.635820194090476853e-01
5.489214281967081943e-01
2.218676799412914180e-01
3.625395774841658203e-01
4.087837454749310151e-01
2.745161323077688897e-01
8.144848956374188820e-01
7.731882009275616863e-01
5.688517248220585909e-01
1.819735789879285970e-01
3.292753011121162254e-01
3.104162428417913677e-01
2.048975734367685653e-01
1.954326928579510070e-01
1.350472453657850236e-01
3.296736591068242794e-01
3.794382956363200887e-01
3.423779440819651465e-01
1.673647133138149168e-01
1.122674691418486387e-01
2.171264536015317936e-01
4.373868785886885213e-01
1.778655597880831329e-01
1.453317632221544087e-01
2.169970512027819542e-01
6.513989964959087109e-01
3.615721271062309339e-01
1.144278438622088473e-01
5.857127815931957304e-01
1.621639189547361415e-01
4.291738373974953169e-01
2.089474019790696080e-01
1.985083122762308916e-01
1.801820953791641866e-01
6.348917705277673518e-01
2.326740707331539926e-01
4.148297013402287847e-01
3.716963615474036531e-01
1.940589769804299536e-01
2.646362722486255703e-01
2.394854345021135700e-01
2.254293454934520879e-01
1.018446095319918698e-01
2.187652597089850270e-01
2.149100349561645917e-01
1.833445523973087077e-01
1.862092690514623450e-01
6.469141979885669747e-01
1.367730204203521371e-01
1.734581788356137633e-01
4.907217249807516724e-01
4.469953469072899810e-01
1.954577808125193550e-01
4.133917332769386777e-01
1.200432675601248306e-01
2.418427826745034592e-01
4.400755701398246789e-01
4.185773441087642932e-01
1.585779095175742504e-01
1.608671614685864282e-01
3.730135630707698824e-01
3.771886172010776583e-01
5.374840832568481552e-01
1.644002684183993590e-01
5.435013986723549184e-01
6.133680343190800466e-01
6.865311431410354714e-01
1.931175294195770220e-01
5.813831241290845497e-01
1.489947124693065950e-01
1.688945635097973963e-01
1.450523558874130536e-01
3.800937677579820928e-01
2.562306102452895917e-01
1.593392091600141502e-01
6.381390107341077256e-01
7.468064703654881953e-01
3.406845563087961826e-01
1.858267041975744660e-01
2.692867131319132135e-01
2.862319715648617979e-01
2.104124445920587672e-01
4.433156352883880769e-01
5.945341862127579979e-01
4.912006888193480303e-01
6.334454459256912973e-01
3.985670654309577121e-01
2.187942399827128293e-01
4.020034402451843625e-01
2.830547988458383957e-01
7.019087910034345068e-01
