2.289724023227733274e-01
2.773333480390309247e-01
2.325165758232541902e-01
2.235483014445302508e-01
2.180931261810257760e-01
7.047807406910495676e-01
5.436557028336961306e-01
2.290606041564221262e-01
2.196574036685834119e-01
4.275233360800671512e-01
2.509401699949939668e-01
4.896445377931527010e-01
5.851654831023468395e-01
3.776422163157215350e-01
1.678410985277995759e-01
3.019972911213268940e-01
5.482773622473244846e-01
1.939045361354657659e-01
2.104306096068775944e-01
5.851654831023468395e-01
3.865766884228220568e-01
5.129229315969360270e-01
2.806881966250137084e-01
2.718553383743768648e-01
2.435065283841207073e-01
6.364788744621807659e-01
4.306740181680377422e-01
4.392450375284857600e-01
2.290606041564221262e-01
1.939762836617142105e-01
2.289724023227733274e-01
2.290606041564221262e-01
6.492588241184450437e-01
2.563127334345889352e-01
4.814365229678184144e-01
2.239533353458569020e-01
4.709472236120390565e-01
2.710669585040361151e-01
2.771594778437790341e-01
4.536932251722800569e-01
5.000000000000000000e-01
4.541831996853688547e-01
2.364143497561668750e-01
3.464747677787037849e-01
2.289724023227733274e-01
1.828394973649805355e-01
5.000000000000000000e-01
2.290606041564221262e-01
2.480641341614675255e-01
2.208564784386500557e-01
7.419907237596119476e-01
6.492588241184450437e-01
5.428444750536349783e-01
3.030346618540454839e-01
5.000000000000000000e-01
6.492588241184450437e-01
2.290606041564221262e-01
2.582080426110752169e-01
2.236865697406651976e-01
1.828394973649805355e-01
3.380414007093008877e-01
4.669089883480981862e-01
2.282481953194798185e-01
2.720628571283204011e-01
2.290606041564221262e-01
2.134657068238849931e-01
1.939045361354657659e-01
2.842086771125619249e-01
1.828394973649805355e-01
7.349924829600715803e-01
2.301829436197443124e-01
2.236865697406651976e-01
2.283744690001000555e-01
4.722906885279605782e-01
3.114363267864381779e-01
5.361302661441686990e-01
4.329280056917902408e-01
2.440007645653043955e-01
2.439855690129274779e-01
3.911709856781620531e-01
2.448123471524525641e-01
2.440007645653043955e-01
2.439782242017300429e-01
4.330354672080080625e-01
2.941795635655224395e-01
2.358320186294000087e-01
4.431539639434444733e-01
2.237816697199913885e-01
6.430444800326623467e-01
2.941795635655224395e-01
2.425857368789344215e-01
1.137902436006067164e-01
1.477098295209997025e-01
4.134382117883414476e-01
4.714341429834663089e-01
1.824415145472136623e-01
6.610677954251004129e-01
5.160434704234689862e-01
9.148576812952378956e-02
3.185666675510676615e-01
2.654072654085287142e-01
2.450968082017713212e-01
2.941795635655224395e-01
1.795764546235356918e-01
2.440007645653043955e-01
2.439391245837613520e-01
6.465112609598803184e-01
3.323230366904716959e-01
2.440368666230864902e-01
2.130729012829316593e-01
3.831084202726153798e-01
2.439413781800594261e-01
5.598138339692076970e-01
2.439599942917969611e-01
4.326813032532426662e-01
5.598138339692076970e-01
5.160412027896682519e-01
2.439374501946099116e-01
2.440007645653043955e-01
4.175610420767311148e-01
4.308572331638820252e-01
3.386163281183663942e-01
2.440007645653043955e-01
4.303517005290879993e-02
2.697384747823460827e-01
2.941795635655224395e-01
5.797306295413591215e-01
1.756056557135930174e-01
2.941354903349821526e-01
1.165010105478141017e-01
2.439374501946099116e-01
2.941795635655224395e-01
2.436364013005957729e-01
2.503617191116483398e-01
1.356303355790741128e-01
3.150711880741161597e-01
4.105702706846634520e-01
2.073356521050772616e-01
5.796501768236766994e-01
2.556609717530805570e-01
1.659150202455649259e-01
3.453884739928766989e-01
1.761162531744452364e-01
2.590441082851475119e-01
5.000000000000000000e-01
3.175756572331387972e-01
2.685780221489260100e-01
5.796061199833162370e-01
2.820027602275321232e-01
5.944232103958208002e-01
7.897225146780131322e-01
6.167654645815668912e-01
2.101995242389961549e-01
2.265182080023887268e-01
2.510891163927315706e-01
1.753147005839933714e-01
2.101054774135772962e-01
2.106378805410164534e-01
2.088951444472432195e-01
2.129747758392877277e-01
2.122428782628339727e-01
2.106378805410164534e-01
5.263059636539532127e-01
6.862745570997438316e-01
2.122428782628339727e-01
6.521951933463009388e-01
2.115026949445668047e-01
2.105038668941733582e-01
2.118319863127434421e-01
2.131361112628536170e-01
6.521951933463009388e-01
1.343334432904788323e-01
2.105515105602069337e-01
3.556125009227263378e-01
2.107110974973592232e-01
6.956659124143880213e-01
1.619183273103811660e-01
2.106378805410164534e-01
2.291417555530225747e-01
2.177790097478194964e-01
4.725471295199880073e-01
6.521951933463009388e-01
1.999450647759007937e-01
2.122428782628339727e-01
6.017570431731702474e-01
4.928535559918322817e-01
1.826182347139609641e-01
2.089406395148381834e-01
2.042435313713200362e-01
2.052118148803143971e-01
6.521951933463009388e-01
2.072826636238564169e-01
6.521951933463009388e-01
5.128214313809472680e-01
6.461330285698421161e-01
4.401978460562180895e-01
1.682714469183755057e-01
2.105311564672529279e-01
2.266953335729831875e-01
6.956659124143880213e-01
6.455151432546371026e-01
3.915785435572617379e-01
2.105582299272296676e-01
2.143999681575112504e-01
1.921168482306932768e-01
2.242372378651940890e-01
2.106360971857472175e-01
1.387722954999421610e-01
2.012338398499262937e-01
5.976607213624415271e-01
5.370143129302261675e-01
6.765866704814330612e-01
5.838064428502375280e-01
5.448741448232455875e-01
4.044031787735870020e-01
4.154977058542629331e-01
5.593878880077906013e-01
2.106801121700797863e-01
1.912392904083109191e-01
7.312487317679282617e-01
3.943124589044491590e-01
2.733337488216935895e-01
6.975119256306500093e-01
2.229820303192493469e-01
2.649708891954346557e-01
2.287611802400963124e-01
2.400317270965289518e-01
2.201316532250666980e-01
2.144938314540962010e-01
2.236854709905541916e-01
5.000000000000000000e-01
4.541382901771148228e-01
2.445276815483758970e-01
2.264061939103818866e-01
6.602795114937275445e-01
6.247896493934890216e-01
2.238608979973680524e-01
5.196118073005193683e-01
2.784049796965899493e-01
2.229593292064450116e-01
2.612273789860486417e-01
2.162480355170753044e-01
2.021582588070452990e-01
2.245307626008564150e-01
2.368043034601761132e-01
6.354044335661886977e-01
2.186332738866143821e-01
2.238415517784667907e-01
2.286640377703724192e-01
2.370084276989855299e-01
2.242409282051885389e-01
2.175452581661623530e-01
5.055247949782204486e-01
2.237923425497709840e-01
5.541259628727038811e-01
3.919880263632151696e-01
4.612312893284373772e-01
2.315042317377722925e-01
2.241483946339667410e-01
1.511201282737937301e-01
2.237923425497709840e-01
2.371907130106152839e-01
2.472779883509179100e-01
3.851778951383670879e-01
6.791220534807823617e-01
2.242409282051885389e-01
2.284855398888935851e-01
2.906710944148712672e-01
4.249449651217342971e-01
2.258609344829726195e-01
2.441046999162845565e-01
6.354044335661886977e-01
2.242409282051885389e-01
2.297833213421192622e-01
6.354044335661886977e-01
6.354044335661886977e-01
6.403777517483458803e-01
4.638498943397047491e-01
7.518948047304443438e-01
5.888103840094265351e-01
2.315042317377722925e-01
5.194747062131502835e-01
6.329206608827073754e-01
5.175312612674765056e-01
6.602795114937275445e-01
4.631526000080468108e-01
5.227464263560143154e-01
5.976684810797238123e-01
7.445150851035560180e-01
5.716639218481399665e-01
8.214260138704119196e-01
6.354044335661886977e-01
2.701186722498404857e-01
2.349670558199024872e-01
5.997576150201763268e-01
2.191307910511880730e-01
2.254342619239968482e-01
2.331896736723496066e-01
6.955257266401843053e-01
6.816494932982988253e-01
1.735247294804361795e-01
2.080657883607106573e-01
6.749291335408439396e-01
2.435884308246605845e-01
1.843877023183588537e-01
3.943187123953121875e-01
2.257737748760540730e-01
2.331656953301104451e-01
2.331656953301104451e-01
2.331206538668806616e-01
2.796000010658132862e-01
2.258202255782968682e-01
1.664921200566934489e-01
2.332110518937202392e-01
7.475787385627752357e-01
2.335749100232980546e-01
1.685168625740727510e-01
5.791549398369362223e-01
2.258333134619291971e-01
5.791118362895679716e-01
4.091496298429139200e-01
5.560261355252047455e-01
3.477302277821084364e-01
4.471120970114246806e-01
2.332110518937202392e-01
3.864429223200200880e-01
2.455293312842078413e-01
1.899255961037218388e-01
6.250013250898777128e-01
7.392180221307366184e-01
5.791529533735082502e-01
5.790028781559689586e-01
2.333949027964322687e-01
5.791529533735082502e-01
2.331896736723496066e-01
5.791529533735082502e-01
2.331902527818427717e-01
2.108185822476318638e-01
2.331656953301104451e-01
5.791529533735082502e-01
2.330389065485738431e-01
2.332059815706185313e-01
5.791549398369362223e-01
2.605779362347873662e-01
5.277246007030566011e-01
1.478441341239690177e-01
2.952784591930625591e-01
2.246511662404072074e-01
2.150162580729467199e-01
2.331656953301104451e-01
1.478441341239690177e-01
2.163276441678042838e-01
2.331656953301104451e-01
2.331656953301104451e-01
1.859445671180205151e-01
1.357777135943821212e-01
1.618304498775721134e-01
2.448509122634668078e-01
4.441269652167946225e-01
1.285275329730689586e-01
2.371260668702125096e-01
5.471911845944157360e-01
5.790028781559689586e-01
4.325777521465103415e-01
5.791529533735082502e-01
6.816301825974563355e-01
3.925552558455501218e-01
6.455452750899224323e-01
1.991317991095117035e-01
2.331896736723496066e-01
5.378756832680634536e-01
2.225413426336716183e-01
3.612386204065315964e-01
4.939450396520487785e-01
2.365375543335082320e-01
2.426752489749271213e-01
6.473080881316162216e-01
2.522896173069428261e-01
3.524651245866018412e-01
6.171078461855047381e-01
2.397336107222613200e-01
6.009636756924377488e-02
6.221992560966236319e-01
2.224696380328047562e-01
2.987909111211479174e-01
6.184235992240527668e-01
1.725083521212668336e-01
6.171078461855047381e-01
6.171078461855047381e-01
5.979453516171217009e-01
1.860932006106753578e-01
4.857282232784444487e-01
2.289496956375935144e-01
1.582694583722565052e-01
2.130856895188230904e-01
6.171078461855047381e-01
6.171078461855047381e-01
6.865550097106298821e-01
2.823122290437137805e-01
2.152497379577160141e-01
2.599864672162147672e-01
1.323482033863606633e-01
1.534237672229837868e-01
6.171078461855047381e-01
2.224696380328047562e-01
4.879882230515102948e-01
4.783078675318613304e-01
1.398259051918742946e-01
7.115262849052473859e-01
2.675730542233213383e-01
6.184235992240527668e-01
2.379438917003969534e-01
2.030932094024408552e-01
3.462822803426279239e-01
2.217410094054714231e-01
5.401202303676601035e-01
4.548902968013479042e-01
2.325375518433882016e-01
6.184235992240527668e-01
5.317437002990025308e-01
2.202199610318685274e-01
3.278506290492141928e-01
1.860932006106753578e-01
2.908598964760342187e-01
2.224461800228438035e-01
6.472089670796142835e-01
2.524738408927803546e-01
2.238335844226838067e-01
2.522896173069428261e-01
5.181641249667719995e-01
2.202199610318685274e-01
6.171078461855047381e-01
2.224354737249277514e-01
2.224461800228438035e-01
2.233769866558440453e-01
2.615445156943378979e-01
8.956119288100093667e-02
1.323482033863606633e-01
2.225002797717317293e-01
6.552294222858856543e-01
6.171078461855047381e-01
2.404784731913090778e-01
2.365375543335082320e-01
1.973159630310539203e-01
2.152497379577160141e-01
5.612445344061577357e-01
4.757428738585861572e-01
5.883189571814212426e-01
2.405929152690347572e-01
2.503937436419356177e-01
2.590776302905294926e-01
2.406052971166240395e-01
4.928271323831719397e-01
5.222701459381500211e-01
3.299548928162683303e-01
1.459592033491322327e-01
2.432423553361984236e-01
2.026586063895849388e-01
4.308151019310587637e-01
3.322744864773399809e-01
3.018956145233985811e-01
5.554718690785482860e-01
2.405947593969726961e-01
1.812982710864995683e-01
1.334119657726278441e-01
2.406424439032810170e-01
5.327788445155969832e-01
2.585699675617881832e-01
6.007538652875982210e-01
3.293797584499102982e-01
4.205518119635549557e-01
3.695563292896252294e-01
1.334119657726278441e-01
5.327788445155969832e-01
4.471654643896894599e-01
2.406254077718938955e-01
7.104800889846536460e-01
2.406254077718938955e-01
2.359416272917665980e-01
2.591031485083552521e-01
2.406254077718938955e-01
6.330055802801520803e-01
2.534671805208087436e-01
2.232795299159706648e-01
4.910295439280376595e-01
2.406500413453641074e-01
2.511561546824554458e-01
5.363991930628199123e-01
5.579856143009689351e-01
6.122425382634704150e-01
3.602484117481347670e-01
6.043183146972140873e-01
1.979678437020767068e-01
6.130518841093436366e-01
3.794871932416409854e-01
2.079428443048728647e-01
7.320716305509841204e-01
2.406157134537073305e-01
2.933735474873034321e-01
2.405776645587781870e-01
4.397472734616376111e-01
4.055767233965594243e-01
2.591031485083552521e-01
2.406151819554541438e-01
2.406157134537073305e-01
1.820959574909021550e-01
2.405776645587781870e-01
5.327788445155969832e-01
3.299544161696614797e-01
1.334119657726278441e-01
6.007036373729157663e-01
2.591031485083552521e-01
2.432423553361984236e-01
2.511067676171366836e-01
1.017060582985781503e-01
2.064649979277860814e-01
3.567865908046685131e-01
3.195512229343494548e-01
5.327788445155969832e-01
3.631531561479575121e-01
2.898348970281382497e-01
2.927140171129449797e-01
4.378180521888955790e-01
2.288870391001149307e-01
1.567642138414308273e-01
1.567358840922920826e-01
1.664488137123906197e-01
2.287982109192543412e-01
3.414641174330773632e-01
2.875945891122796971e-01
5.744091481639379548e-01
2.360675051808979463e-01
2.289119295392831877e-01
5.180525788180438962e-01
2.288751749358512999e-01
5.379916443158099248e-01
1.396828501809905254e-01
5.619238779162269992e-01
5.743559822091858225e-01
6.731196282207204673e-01
5.781573043897321185e-01
2.288340069272181143e-01
2.201484617561451362e-01
7.147950237645934735e-01
2.284318098392943697e-01
2.453055746978866081e-01
2.012586027706599612e-01
2.012586027706599612e-01
2.892670287710507604e-01
2.289119295392831877e-01
2.177057659671319811e-01
1.931183628624477400e-01
2.289006724639209844e-01
2.289339808560934830e-01
1.982017373275331007e-01
2.289006724639209844e-01
5.000000000000000000e-01
2.289339808560934830e-01
6.420384303492180367e-01
2.289006724639209844e-01
1.687121535055966792e-01
3.304800528584513897e-01
2.289497628764174120e-01
2.289339808560934830e-01
2.571486276782170566e-01
5.316631151010225986e-01
1.140910787236146806e-01
6.182246945909126712e-01
2.288977493826134801e-01
2.804164706696100628e-01
2.288977493826134801e-01
1.246301488642971161e-01
5.000000000000000000e-01
2.914876101429229593e-01
2.069964142142165231e-01
2.147864612576404209e-01
2.288740115212657134e-01
2.289339808560934830e-01
2.289006724639209844e-01
2.288373502662502945e-01
2.289104026741687337e-01
2.731383196827169568e-01
5.744091481639379548e-01
2.288977493826134801e-01
2.958832509793169474e-01
2.416516084896172534e-01
2.106391234805492230e-01
2.287350658647315793e-01
5.743559822091858225e-01
5.989431573212015136e-01
4.058105789733629787e-01
2.289006724639209844e-01
2.289006724639209844e-01
2.364409377486677288e-01
2.433526220333729340e-01
1.987260513947217977e-01
2.364645499834215903e-01
2.364615287875083682e-01
3.051868660199207745e-02
5.156381784727132045e-01
1.530757543455976144e-01
1.540677202118449218e-01
1.269206668332746035e-01
1.708807698982204304e-01
5.000000000000000000e-01
1.980163483666446123e-01
3.814809045963760137e-01
2.475846995896922864e-01
7.356388670369830018e-01
2.156507286803460433e-01
2.364573706435288414e-01
2.365254679433955176e-01
2.365109844629392222e-01
5.138055572177352426e-01
9.144706116837253429e-02
2.365328010984831530e-01
2.365254679433955176e-01
2.483922916703567019e-01
2.365385003481521031e-01
2.364442915923090360e-01
1.733043968102107313e-01
3.095456220354779742e-01
1.987260513947217977e-01
2.365254679433955176e-01
5.232743806306056067e-01
3.099498426399410200e-01
2.365254679433955176e-01
1.987260513947217977e-01
6.256858507625722154e-01
2.364471599507345645e-01
2.364442915923090360e-01
2.432968443646758017e-01
2.364573706435288414e-01
5.674999381201714099e-01
2.434929947941458506e-01
5.138055572177352426e-01
4.037950694452829281e-01
8.615690283828655871e-02
4.779964363286888229e-01
1.377877266356770936e-01
2.365254679433955176e-01
2.500315536776993586e-01
5.000000000000000000e-01
2.296823313224182761e-01
2.848817030947128903e-01
2.315073845258318053e-01
2.364645499834215903e-01
3.311379249077442966e-01
5.000000000000000000e-01
4.936285227735432990e-01
4.750997029482878498e-01
9.144323440658809476e-02
2.365254679433955176e-01
2.364615287875083682e-01
6.010065781606437341e-01
2.363474174135976047e-01
1.299868376752761484e-02
3.722914715019713938e-01
3.645016581115437804e-01
2.504026503638215884e-01
7.482630220818929923e-01
4.838166203407991417e-01
7.102518127098859102e-01
7.356388670369830018e-01
7.962185933020683448e-01
5.138055572177352426e-01
2.797790882375235655e-01
2.100209977230133307e-01
3.654374423098312730e-01
2.450425952562027831e-01
5.999141817698737666e-01
7.267878578554334279e-01
2.378657309931761221e-01
2.449541849241829439e-01
1.424727337219447998e-01
2.412528419715120331e-01
2.450743746249228194e-01
3.730189227158041132e-01
2.027415710959301343e-01
2.450149464699558077e-01
2.449661281625086784e-01
4.272156296795355801e-01
2.449733603073096233e-01
1.424727337219447998e-01
2.622187426440784064e-01
7.304852204444060026e-01
2.378637266919343130e-01
1.500224047168014219e-01
2.621802222060903298e-01
2.621802222060903298e-01
2.711490920064820176e-01
2.094668123906535118e-01
2.807279894819860733e-01
1.465931209266547186e-01
4.242411994849742407e-01
1.424727337219447998e-01
4.825827977198591801e-01
5.631033739605194599e-01
2.095524177381582753e-01
6.453389441609532762e-01
4.056207882715317514e-01
1.901724009159383999e-01
2.578345852671470317e-01
4.825827977198591801e-01
2.414814226877740611e-01
3.311644302164528653e-01
1.424727337219447998e-01
2.449831951649871775e-01
5.134357397716253768e-01
2.585230356890680925e-01
2.095524177381582753e-01
4.825827977198591801e-01
3.821235355321001004e-01
5.852194995773071229e-01
2.450619902529260208e-01
5.000000000000000000e-01
5.335674923264726033e-01
4.165694535814057908e-01
2.585230356890680925e-01
5.061416056224377069e-01
2.319924230829139566e-01
3.517610850195273531e-01
2.027415710959301343e-01
3.837748450508121079e-01
3.964366619138348646e-01
1.489192622731782545e-01
5.000000000000000000e-01
5.996559615016320288e-01
2.412528419715120331e-01
5.716354939508272448e-01
4.825827977198591801e-01
5.821295836801655410e-01
2.249909979692823470e-01
4.825827977198591801e-01
9.565775362844934904e-01
3.279550551124231772e-01
5.335674923264726033e-01
7.473773468717668234e-01
2.585994319127090657e-01
2.377934954993239924e-01
5.998481919572802301e-01
