1.823435664563430869e-01
5.636624567744105141e-01
3.650815857498359018e-01
2.217411419024662989e-01
2.098712596098382399e-01
4.331754302891747677e-01
3.339402274346620070e-01
2.296145719491281267e-01
2.061845988371136251e-01
2.109981746186881668e-01
2.287278825828360229e-01
3.767434171660342113e-01
5.629400566572239084e-01
3.303651690521565154e-01
1.250657830454610653e-01
2.847998696191120227e-01
5.702726157684880892e-01
1.378945452742813826e-01
6.959738574902208930e-01
1.268199009229912522e-01
1.896976047861455850e-01
3.278204993671134937e-01
3.859508594750931665e-01
2.829705394913627492e-01
1.796425404719141916e-01
2.628091495444674353e-01
2.476869095253236286e-01
3.567828308105189250e-01
6.530809634035349420e-01
4.112235485794421552e-01
5.985521944056104715e-01
1.795674487262035879e-01
2.311790293260980456e-01
2.539306861394475257e-01
3.147383811114480845e-01
2.118876744914053867e-01
3.603824602638774910e-01
4.492394294591304793e-01
3.370034155670612597e-01
3.770909321452401985e-01
3.602201244826017112e-01
2.334774479148106208e-01
3.351001010548114722e-01
3.540729594900334787e-01
2.304964162904200864e-01
1.487359805448005556e-01
3.314956904383446479e-01
2.918403118167530175e-01
2.667209046406540662e-01
4.051081401771922663e-01
1.795674487262035879e-01
2.095715741037862678e-01
2.037288807506204280e-01
2.595506519013329738e-01
1.796776599545754916e-01
2.550736408163667424e-01
3.209714634676222311e-01
3.169258278968767328e-01
1.796776599545754916e-01
1.795674487262035879e-01
3.971283793155280795e-01
1.796561901770939995e-01
2.760083282412292838e-01
3.495480471484823659e-01
3.350371779333106148e-01
2.867733762145494580e-01
2.670234500273545031e-01
1.795674487262035879e-01
2.037476802584535229e-01
1.378945452742813826e-01
3.377129855477833398e-01
1.973565020024846128e-01
5.080098373753137997e-01
1.916541244009505318e-01
4.864827289287629308e-01
3.825697001755730686e-01
1.145330177257126852e-01
1.821600537178885981e-01
5.498701555254440487e-01
3.017346150698383966e-01
1.955076166066787857e-01
1.671349772010639056e-01
3.894593236968004746e-01
4.586264812556340997e-01
1.955076166066787857e-01
2.564947752187103913e-01
5.445488995045445479e-01
6.350311311298412198e-01
2.598021480371353054e-01
4.287216108795158798e-01
2.254747176311897028e-01
2.952418988228613372e-01
3.621093147069456286e-01
4.470231903998873602e-01
2.187237533113264576e-01
3.362856610050000139e-01
1.713147397987455911e-01
3.471277425229717939e-01
4.440368380135528703e-01
2.712667941687270101e-01
5.383880922391685031e-01
4.344817801715279981e-01
2.369302175659036003e-01
3.231164108399128265e-01
2.111216077794623724e-01
2.153901224472063169e-01
2.318931614329599600e-01
2.637909664551514322e-01
1.955076166066787857e-01
1.955104567641262059e-01
6.648570734507125435e-01
2.924320720626000791e-01
1.972377029413855953e-01
2.924100740081524985e-01
4.408357530311141081e-01
1.887027099822450871e-01
2.184214711416524179e-01
2.216400260968320879e-01
2.028535485177386521e-01
6.178243414550635970e-01
5.409779386138784396e-01
4.177080012547019217e-01
2.232175419188620058e-01
2.633082507537674033e-01
2.182386030094989326e-01
3.650230106171447053e-01
2.676573863623052385e-01
3.088518973149909641e-01
3.063285859008758605e-01
4.155606743586499063e-01
4.621779578780291775e-01
4.752764572654278319e-01
2.258603713849761663e-01
5.000000000000000000e-01
1.621956247980310406e-01
3.651949734361869537e-01
2.793913262297622602e-01
3.801367385642622221e-01
3.935047892301232753e-01
2.027515152170309976e-01
2.094102089850408965e-01
5.563623630329929126e-01
2.222037024659114235e-01
6.634916180056044110e-01
3.424767552468583887e-01
2.485872809083322088e-01
2.893107457840594088e-01
2.236692389742350462e-01
1.955644299032069933e-01
5.000000000000000000e-01
3.967807523228504829e-01
3.167669315471703384e-01
7.738045361860571569e-01
2.897456022306881818e-01
5.674635766781974677e-01
3.190145438486936547e-01
4.722999946908497670e-01
5.144582362063047087e-01
4.771315097937967598e-01
2.053439390246515894e-01
2.995879268093020187e-01
2.956833627313728563e-01
2.647755700941563095e-01
2.610197981428558633e-01
2.043243430326050492e-01
2.169852099755883168e-01
2.060075182821279327e-01
1.989022021861239498e-01
2.043243430326050492e-01
5.194927350044179493e-01
5.499883249441902544e-01
3.183588838693928724e-01
6.447182314315843543e-01
2.233644937408873765e-01
2.055145562204348242e-01
2.583976171100014763e-01
2.054389583989960910e-01
8.078001877240049700e-01
1.517268887519006293e-01
2.169573360996623346e-01
3.729500576838255532e-01
2.334359792717483617e-01
1.847795217046959426e-01
2.120273174264754590e-01
2.269794463022936082e-01
3.608263080489742536e-01
6.648558009065099750e-01
2.200772455335087974e-01
2.925002888023034986e-01
6.449031055535269230e-01
4.863759371457301306e-01
2.360486437050326181e-01
2.133530270775048920e-01
2.717873108360787104e-01
2.210718392868522286e-01
8.078001877240049700e-01
3.192054537514256163e-01
4.372931731789837517e-01
4.303209450669106539e-01
4.361536765453629672e-01
4.522142464414861118e-01
2.980118935677983916e-01
2.226133535103233529e-01
2.617484246855429908e-01
2.733640932509116550e-01
5.670451971109734535e-01
5.700048836962435805e-01
2.912046761402785622e-01
2.976480592369829536e-01
2.955702884197733415e-01
2.611310027694570546e-01
3.151966194032958524e-01
1.853411396865241312e-01
3.127014710659771213e-01
2.297914813241875298e-01
5.429188568777962853e-01
2.401988597525351044e-01
5.340108882606270368e-01
5.000000000000000000e-01
3.593914559823124244e-01
4.444687535290889335e-01
3.527916646716617866e-01
3.537911691974476303e-01
5.697479906234885760e-01
3.331588604407634269e-01
1.952265249804986669e-01
5.000000000000000000e-01
3.058576596720719576e-01
3.087498477582122369e-01
5.603211039745670252e-01
5.405264600560705235e-01
2.224039029091841313e-01
2.786216649666246603e-01
4.222606225373204958e-01
3.510933114274809030e-01
2.059748718463961514e-01
2.678167900797318590e-01
3.008546807063117723e-01
3.417909362636286086e-01
2.696292154829068588e-01
5.865836916572291226e-01
6.033437129576648683e-01
2.478997459786232982e-01
2.067986204860228494e-01
3.962707197985687047e-01
4.621934865593455011e-01
2.136864275842987604e-01
2.778341295310717829e-01
5.372552223324892351e-01
2.512252807098089846e-01
2.365301566249237430e-01
2.150306412686241175e-01
3.301404963634265721e-01
3.318629138754280450e-01
2.251695184700359120e-01
4.619011755062532587e-01
4.028017850991719162e-01
1.492176081529566212e-01
2.485873574097643424e-01
2.159194959514793843e-01
2.980868459107269830e-01
1.769317258357925582e-01
2.136774826905114000e-01
2.136833615856051916e-01
5.444151514495003674e-01
4.504472588011015355e-01
3.133669514506853826e-01
1.492876729865890151e-01
2.136833615856051916e-01
2.374188536049719467e-01
3.313286305872046311e-01
6.948726540907713689e-01
1.911906927384549593e-01
2.444790005030032520e-01
4.647189594232348786e-01
4.220005777738095043e-01
2.348695807047924411e-01
2.376160854538454104e-01
4.633756581000437191e-01
2.136578468681825937e-01
3.355188697950176047e-01
4.270880655340058007e-01
6.854061172245172751e-01
5.000000000000000000e-01
4.198082455583678763e-01
1.561626342717574167e-01
5.076747971394811598e-01
3.970551443612856390e-01
4.417402715891817211e-01
4.915406289891126601e-01
4.554376004912882858e-01
2.874633197393477446e-01
3.456599114154621510e-01
5.511126542146618235e-01
3.913929382494409359e-01
3.090333037593632204e-01
4.479356277448246493e-01
3.173415869671182277e-01
4.045055978299731958e-01
4.447348208200524455e-01
6.386980530843304749e-01
2.849495396818925164e-01
2.864478868900771635e-01
3.449368673969571697e-01
6.078331325701947785e-01
2.565770406545524462e-01
2.840600823905178318e-01
3.011213018880192216e-01
5.157965035788268926e-01
3.064537561227373419e-01
2.302210877156422031e-01
2.353557150912250484e-01
8.228958907639373210e-01
2.321319337601965571e-01
2.742987132548194706e-01
4.652044926552816317e-01
3.276908460956514668e-01
1.781883410699519332e-01
3.179730925434296473e-01
2.755192387417707001e-01
1.511183210516304776e-01
3.071412411915379059e-01
3.073469377590642426e-01
2.917556667877040932e-01
1.355045332439554495e-01
1.306948145363238389e-01
2.480309781326186236e-01
3.818397021935873714e-01
2.466568627475513309e-01
1.705768018888507154e-01
1.705987159164923661e-01
4.051684506307903222e-01
7.526467159929921547e-01
5.536440687988424258e-01
3.199524328395456085e-01
3.168795018864898339e-01
1.927731943854108232e-01
3.168795018864898339e-01
6.811778898952346450e-01
6.366269693616124492e-01
7.322206462147352601e-01
4.693552950671767143e-01
2.978741605841201956e-01
7.350587549068361426e-01
5.605737680442715032e-01
7.350587549068361426e-01
4.660999906949018223e-01
2.942762639604380448e-01
2.033827213910307796e-01
4.168907948746057301e-01
4.876986028093885372e-01
3.406570381587681329e-01
7.196252210206831590e-01
3.732487090534730156e-01
2.449680463177118239e-01
1.222201664532207993e-01
2.135530784216623790e-01
2.275989188754691528e-01
1.640165143175259521e-01
2.783627387842403378e-01
1.835623759981049041e-01
1.500150715855756156e-01
1.687234773918052932e-01
1.473288797706088782e-01
1.473288797706088782e-01
2.915543204165365609e-01
1.239226683668234602e-01
1.773125218106230416e-01
2.522498313031459882e-01
3.330376556247938713e-01
1.545340866953095194e-01
3.543290876268955225e-01
1.917293385784646087e-01
4.256821144354945297e-01
6.353725094172690824e-01
5.694148264302257845e-01
5.094973717007936775e-01
4.525066309658863362e-01
8.258100597631203854e-01
5.000000000000000000e-01
4.828081142104503898e-01
4.257990925435135576e-01
2.179872703929633115e-01
3.353991312512965561e-01
3.896023305998579933e-01
1.473288797706088782e-01
2.553192619347885994e-01
8.613976903678663977e-01
3.151279518637321586e-01
3.717229158560832469e-01
5.337758270153040163e-01
2.246886177257739203e-01
2.521168252118069497e-01
4.252929694746349631e-01
2.984947600583524041e-01
4.700442014525825218e-01
3.506445252005664925e-01
2.460018576049535777e-01
2.567924000556411346e-01
5.065815138950313656e-01
2.613353318135142045e-01
5.312346148951038183e-01
1.909020482996723611e-01
6.525479398325335634e-01
2.736334722730374147e-01
2.498888062845406044e-01
2.030224396706628853e-01
4.176594464065122025e-01
2.090844914307799507e-01
5.870393460298974908e-01
2.812019268153483909e-01
1.954586898039062381e-01
4.419677320730922565e-01
1.503408623899065155e-01
1.226631000285434564e-01
4.176594464065122025e-01
2.072639144517074705e-01
4.538890422976793459e-01
6.060189968341828104e-01
1.686380348959835018e-01
5.213727070252945905e-01
1.879385038137310615e-01
7.351897959687134776e-01
2.583938849220653866e-01
1.968782847307158357e-01
4.704206736165648661e-01
2.536937584706963067e-01
2.536937584706963067e-01
4.778878076220490767e-01
6.500898421105758551e-01
2.503278838480908486e-01
2.174833118243942320e-01
2.589555166757692706e-01
5.303962624736971998e-01
4.784230159408847105e-01
4.451052087492886056e-01
2.021726274675212653e-01
1.936289493677169349e-01
2.161577565704962678e-01
3.325316916665347899e-01
4.806853926556208800e-01
1.614762725952900713e-01
6.400978416598839260e-01
2.430503941579728600e-01
3.112648386383334853e-01
2.209518389448253961e-01
5.063880680386401156e-01
4.010998664271965830e-01
3.328475328808118139e-01
6.883951563479775437e-01
2.174404537131076343e-01
3.506218375598686987e-01
3.587541385077990252e-01
4.005923598009540343e-01
1.090063770340595206e-01
1.630836343219621010e-01
1.516866726810595922e-01
2.678626350636887921e-01
5.600342729186017499e-01
5.977002072786036235e-01
6.954571577593980924e-01
6.495887526949389867e-01
2.405430534198551018e-01
2.246886177257739203e-01
6.259461363595217875e-01
1.954586898039062381e-01
3.325316916665347899e-01
2.099909143307325532e-01
2.668070787577287439e-01
1.932464735575326054e-01
3.214161874787750395e-01
7.038431069892862046e-01
5.926223991351781129e-01
1.819702025865302109e-01
2.277266554013276378e-01
1.676909545220733044e-01
5.613074393903045856e-01
2.548899936493860263e-01
1.751613023169544259e-01
5.000000000000000000e-01
1.882819871706979953e-01
1.499922392413256533e-01
1.135261913305319476e-01
2.220609239241033706e-01
5.885726671358531004e-01
5.000000000000000000e-01
6.959195127778176060e-01
2.577531600082404450e-01
6.566857832928039151e-01
2.544079016121700287e-01
1.135261913305319476e-01
5.885726671358531004e-01
2.849583420453060123e-01
3.072415863856125529e-01
4.444280887622894527e-01
2.427895440223526435e-01
2.293620330567561760e-01
2.365905297375024141e-01
1.883671912230040213e-01
4.851913765490839525e-01
2.399161252035444114e-01
1.620277811018251968e-01
4.760750428137323631e-01
2.159672902934608452e-01
1.758800350958529823e-01
7.228114434985076775e-01
2.851666787954170168e-01
6.227405357220663351e-01
4.057351420787481122e-01
2.012654933072122454e-01
5.414709983898285950e-01
2.300921833960612450e-01
5.000000000000000000e-01
3.088724407393310667e-01
3.324358588687740812e-01
6.963043977933645046e-01
2.013339623846822357e-01
3.145712241428942346e-01
3.380703381827240284e-01
2.011766175191692096e-01
2.868185479297532536e-01
4.535026950318863936e-01
8.582387218421826391e-01
1.384912104677100408e-01
2.013339623846822357e-01
1.867865154306257158e-01
2.642451933713769741e-01
4.785984243050698805e-01
5.000000000000000000e-01
2.851666787954170168e-01
1.135261913305319476e-01
6.959985705345511642e-01
2.262987411164160412e-01
2.027989315464650277e-01
3.307027459690084492e-01
3.697326001761351288e-01
3.445075157134843136e-01
4.334458279983482987e-01
1.231600026567191974e-01
2.710882346381817132e-01
4.330411497829770306e-01
3.944399524599865869e-01
1.882221183227744121e-01
1.714112460644486580e-01
6.066156830377789078e-01
3.364073638083293072e-01
3.350566889838119677e-01
2.369772120732922815e-01
1.699544953164718042e-01
1.847094399053852698e-01
2.315791557252818711e-01
6.619297663048225866e-01
2.872857770834640889e-01
4.573462423476674088e-01
2.211455628876490553e-01
2.284421359633151127e-01
4.535645078712529643e-01
2.166160648854558723e-01
4.182220933216536096e-01
1.996230378595774957e-01
3.724937621102769603e-01
4.049205803719600483e-01
4.671794408304149049e-01
3.727953336841512977e-01
2.270028108918932808e-01
2.415080856969553103e-01
5.072233107928850737e-01
2.060561957150735812e-01
2.680139344619856256e-01
2.099022762400017394e-01
2.314147803650397073e-01
3.644367330321290344e-01
3.045583215412046019e-01
2.045280521346008740e-01
2.524727292926978173e-01
3.029398819568748236e-01
2.056530160979792854e-01
2.668072727779326470e-01
2.569361055009588557e-01
3.800803710002936819e-01
2.189679167718074915e-01
4.851504208102888627e-01
1.998904404479336094e-01
2.154269170049230853e-01
2.921305306132944701e-01
2.319605071658913942e-01
2.067749897598172570e-01
2.098539840759666153e-01
3.609375786770075423e-01
2.743982263549563094e-01
1.960151672341545193e-01
3.987196254079763413e-01
2.270268258645641579e-01
3.147467099636645504e-01
2.270268258645641579e-01
1.987502453194475438e-01
4.913187173210600833e-01
3.060527369892361294e-01
2.239055895735911350e-01
2.164843902841721568e-01
1.930668292489328419e-01
3.034771502131586862e-01
3.142939889605478876e-01
2.139885861139823597e-01
2.113053849260840000e-01
2.773196460487348247e-01
2.954522409754737899e-01
2.009847856483730488e-01
2.715030055170323253e-01
2.267981664027036992e-01
2.882044592364481628e-01
2.161817781873456301e-01
2.844986641829978513e-01
2.850286867608072816e-01
4.782160103984499644e-01
2.231919624928675183e-01
1.763127757414273689e-01
1.802438787709568779e-01
5.000000000000000000e-01
3.187919447536271544e-01
3.460520351471714773e-01
3.350263222138710195e-01
6.881618423311766097e-01
4.909025295731765937e-01
3.093625117619407394e-01
3.598615957538511267e-01
2.986032538364624678e-01
3.523890010505570936e-01
3.523901398512743754e-01
3.146243617363337908e-01
2.851064683039374881e-01
3.498106357327380178e-01
2.742565589177871077e-01
2.661674392792822696e-01
3.541684925656672367e-01
2.490529515203410982e-01
3.342483612127294945e-01
4.000558937417494354e-01
2.720499802814839718e-01
2.688966387395027580e-01
2.547505571863925011e-01
2.985460721359166625e-01
2.833763945197818601e-01
2.957276600768444785e-01
2.977325814327773656e-01
3.078406496991021868e-01
2.855879491065230202e-01
2.652755375294504336e-01
2.311380509518994320e-01
3.413322662449437828e-01
2.400984029928339425e-01
2.417930936025307620e-01
4.179993055005186142e-01
3.387081989510759006e-01
2.870671436670819698e-01
2.524596112482316301e-01
4.149936946822004868e-01
2.754849360937449698e-01
2.482655153319138497e-01
2.617146135060823275e-01
3.167374121207793269e-01
2.768463312186106307e-01
3.049126683063713705e-01
4.310105061611509414e-01
2.667590239771354677e-01
8.488650435923917881e-01
4.730003510445605075e-01
2.578967658081763314e-01
6.249786856398598101e-01
3.201809600135030465e-01
2.547505571863925011e-01
3.229382514986462449e-01
5.470664114868771799e-01
2.771212563707698417e-01
2.849318338462693556e-01
3.885246827431513283e-01
3.018629449441385115e-01
2.612383883259357664e-01
3.440848910029523089e-01
3.592464861646895713e-01
3.349079830286945114e-01
3.839644702610242599e-01
2.857095848827740925e-01
5.000000000000000000e-01
2.547505571863925011e-01
2.768052068259830856e-01
3.379861409759020163e-01
2.850090567524559138e-01
3.304954102763655865e-01
3.075589620334078234e-01
3.621546662059114685e-01
2.883275465843145868e-01
3.280466608896170366e-01
2.503779095182028791e-01
3.694358779925671632e-01
3.228457549758939060e-01
4.872111318446812334e-01
4.192843842725713088e-01
5.886397504971055961e-01
3.042287914362287737e-01
3.639812292227732060e-01
2.628444162188214306e-01
3.037587050339100592e-01
2.687087501454110128e-01
3.549134681361473809e-01
3.428396294716050674e-01
3.771444351200939904e-01
2.938217524388525570e-01
2.210845052467543814e-01
3.139022153057444697e-01
3.180227544110814097e-01
2.373468759888849311e-01
2.228424804683229177e-01
2.666893905773123907e-01
4.509273465337709785e-01
3.018687595239626931e-01
2.124569433535157259e-01
3.326358029228216884e-01
3.584619113472605201e-01
4.874491512035275531e-01
3.051139608600353936e-01
3.011105328310659246e-01
2.513659517867715687e-01
3.526550898443773785e-01
2.571160967913053153e-01
2.777650517371865191e-01
3.506057818480138866e-01
2.657288912665984881e-01
3.391236017348892573e-01
2.934626030314659295e-01
3.050220342606061452e-01
2.298739367065423533e-01
5.096831605038200097e-01
3.078484735320689558e-01
2.611048235446760679e-01
3.221691896870153005e-01
3.894530237766336001e-01
2.685416051751364774e-01
2.542530350917316939e-01
3.142280642967086868e-01
4.120110789438365395e-01
2.770643571316753206e-01
4.353441195448354839e-01
2.141758730721708137e-01
2.523406306521118747e-01
4.604321310450685822e-01
3.487254991442236274e-01
2.610748474744769010e-01
2.611048235446760679e-01
7.230831221409514953e-01
8.482659784955386417e-01
4.163241679904789438e-01
2.522331137447057503e-01
7.251155844830152741e-01
5.263212679870100663e-01
4.689489078410308820e-01
2.558720385865699276e-01
6.947196726005598899e-01
2.961370719899035220e-01
2.698974315830499071e-01
2.242066188352435374e-01
2.946955034690934561e-01
2.936481782358070225e-01
2.395906075958200432e-01
4.642113986063256537e-01
3.871530232265423810e-01
2.937082442752565470e-01
2.654524346415753633e-01
3.745716168659685152e-01
3.287515953902926391e-01
2.671809268253043101e-01
8.289346965270583123e-01
3.376395640332412462e-01
3.122690682769432291e-01
6.652832204965714036e-01
4.414124333172398940e-01
2.603555961237088434e-01
2.831174709802918854e-01
2.916950295869307763e-01
4.747112265112324869e-01
