2.614812168024593375e-01
5.795035951071623170e-01
3.560990058139347769e-01
2.591410929104069338e-01
3.629761584460018953e-01
3.418932003328526426e-01
2.457885707432072575e-01
2.457587112718679079e-01
2.791612244798344911e-01
2.664139133930663594e-01
3.209190549655489000e-01
4.432091580844286227e-01
3.231870913039660564e-01
2.457492791986236880e-01
2.948301250032590581e-01
4.380924028747270049e-01
1.445138054812243333e-01
5.794531918732146458e-01
2.860845220930071653e-01
2.614289764932548610e-01
3.457860267566484347e-01
3.298192316156276505e-01
2.458052686499893613e-01
2.928649215517790672e-01
2.458276098428544554e-01
4.139579954160862996e-01
3.077408191139299198e-01
5.794597048479324108e-01
2.458160594981497471e-01
3.480378218130476542e-01
3.096419212838846802e-01
2.457930478638657712e-01
3.389894485948132807e-01
5.794075114771493062e-01
3.620193562148337763e-01
3.593500485173362069e-01
3.581611911026140183e-01
2.807471815454455344e-01
2.457683027105891371e-01
3.570321003495887657e-01
2.642095811359185809e-01
4.335454748099177857e-01
3.580104743906827314e-01
2.574886511418297275e-01
4.786518377040271943e-01
2.458120743611880987e-01
2.457587112718679079e-01
2.457766510852704700e-01
2.457779965817711298e-01
2.463483085106026593e-01
3.056158845131283774e-01
3.607191559495143141e-01
2.457779965817711298e-01
5.794606696881843266e-01
3.355449762477898390e-01
3.967256809712075838e-01
3.630887685431530842e-01
3.342611629518602023e-01
2.457384821807450381e-01
2.457758588841524872e-01
1.445138054812243333e-01
3.418037112602012040e-01
2.457587112718679079e-01
2.922800342398790829e-01
2.458276098428544554e-01
2.662771869754178566e-01
2.458276098428544554e-01
3.604540826128990183e-01
3.547923323457126132e-01
4.087576845589820373e-01
4.689454015122454522e-01
2.788612417342127836e-01
3.286994550454813702e-01
3.945542612271084604e-01
3.475927104214449614e-01
3.186514255502232995e-01
2.853137262500854976e-01
3.446276951362328700e-01
3.339056353592787518e-01
5.194215671479365248e-01
3.504825265757983699e-01
4.769570113471851558e-01
3.668994560607283240e-01
2.497371143011694883e-01
2.497958085211151313e-01
2.498120620280096793e-01
2.497171502258594411e-01
2.498370799604253678e-01
2.497701366570603543e-01
2.498120620280096793e-01
2.735277167297096024e-01
2.497762392969725409e-01
3.044282963830669542e-01
3.472447739604530015e-01
2.497701366570603543e-01
4.110656728191695586e-01
3.095728615272243522e-01
2.965749984336736311e-01
5.194257006717667435e-01
3.506683912731328179e-01
2.497554704213796883e-01
3.462357497721678667e-01
2.904352764618647331e-01
2.850840490032596763e-01
3.196783764535910399e-01
4.737079676203177492e-01
3.428511988273256761e-01
3.703667793708927958e-01
3.472466868896720293e-01
2.497747222127789102e-01
4.340871760018205627e-01
3.392703513347246069e-01
3.508384410630687733e-01
3.730284541368760198e-01
3.708978870941893602e-01
3.629648464710619749e-01
3.161692653450305923e-01
3.421140434820718057e-01
3.810877188874316479e-01
6.354005714035043662e-01
3.455782964922747835e-01
3.476349250968784887e-01
4.110656728191695586e-01
4.553771009644853041e-01
3.702580173194380264e-01
3.408531399991631683e-01
3.776194572737145427e-01
3.429372965427775477e-01
3.212534005045447616e-01
2.497692245897416008e-01
3.632790587492693568e-01
5.194272823610536216e-01
3.476539994602028671e-01
5.810924592745052575e-01
3.481445845288664853e-01
4.406910670397886642e-01
3.454149703856910780e-01
3.501302658878786556e-01
3.527533435094191705e-01
3.413312291344757221e-01
2.159366373054882882e-01
2.664732548116264810e-01
3.484734368616106415e-01
4.029433925088322099e-01
3.612401780161635934e-01
5.266432027413742167e-01
2.158806861595430893e-01
3.583205854698424675e-01
2.625367682730911367e-01
7.316872162253843515e-01
2.158331295626707835e-01
2.158958730819875160e-01
3.503167845118188017e-01
2.514365545079315090e-01
2.372650091795284466e-01
2.159782599295170524e-01
3.475872901423662231e-01
2.158340174137348688e-01
3.483879802090119049e-01
3.462925764860037003e-01
2.799680887982904931e-01
5.970258557855206982e-01
6.496596189527084064e-01
7.317943051624882234e-01
3.023206089077634662e-01
2.159267324723487536e-01
3.467863106933241624e-01
3.452153474789182441e-01
7.316872162253843515e-01
4.363627169647888993e-01
5.759260566555463035e-01
3.490458116772097164e-01
2.158755691696842560e-01
3.819265200152626161e-01
5.822382536756384175e-01
3.482918322680247925e-01
2.937570097142753189e-01
7.317815237459980304e-01
3.812376593107702494e-01
3.618383844406029559e-01
2.324222469211996989e-01
5.746252181203731491e-01
2.159201002545801384e-01
3.633487120354602085e-01
3.567788287659149349e-01
3.196649020935062313e-01
3.560829809736835716e-01
2.937540165346921861e-01
2.159366373054882882e-01
3.188465306799239118e-01
4.192066605265570844e-01
3.301355589460736595e-01
3.438884839704450247e-01
4.400257604358519536e-01
3.474143236022056436e-01
3.494432869482854143e-01
3.731553605261480611e-01
6.135396316542071071e-01
3.872932021010216941e-01
2.604609554441639219e-01
3.478140943005784691e-01
4.639976710826646533e-01
4.432973758909350970e-01
2.514183462036174710e-01
3.199712418489972787e-01
4.000031224608260882e-01
6.329477549552754434e-01
3.520436997028197901e-01
3.679456316136293648e-01
3.575213277695308833e-01
2.513886899061554270e-01
2.514193485767758918e-01
1.809166829665394549e-01
2.820575245376628626e-01
5.000000000000000000e-01
2.811312306465294508e-01
2.513947313314546239e-01
2.873964821572232431e-01
3.467875942726772465e-01
2.513843091357599868e-01
2.179759033309599248e-01
3.306279279045461483e-01
2.866126866357505687e-01
2.513843091357599868e-01
4.823040050596500983e-01
5.627113555260622180e-01
2.514076209682831187e-01
3.281688595438884137e-01
2.537312668064255483e-01
2.278035622517292913e-01
2.514020183137878894e-01
2.754911928568927193e-01
2.514185315910194007e-01
6.253512770857821979e-01
2.529029588666207307e-01
5.062771780958350565e-01
4.029893369632576716e-01
2.814888171166588515e-01
3.846680300073155867e-01
3.064581426797269303e-01
2.632381472699781844e-01
3.816087481077141130e-01
2.514107722599732697e-01
5.387999689940972114e-01
3.300021652513210890e-01
2.452102028438996884e-01
4.827282998023716409e-01
5.942198453771802003e-01
2.563323005989923686e-01
3.511851349777541098e-01
3.420457924303708097e-01
3.456337080606866619e-01
3.593454386874933015e-01
5.227511696032116628e-01
3.482183985990212061e-01
2.513940318119822770e-01
6.156399209016090168e-01
2.513940318119822770e-01
2.833135393737015728e-01
6.043223196969703670e-01
3.703815053120530498e-01
2.513843091357599868e-01
4.077874677445831875e-01
4.524782485710087676e-01
3.186487869857121402e-01
4.467019578340180597e-01
4.156205954182217166e-01
3.707180810238751567e-01
2.098842364262408777e-01
2.704657095505690334e-01
2.828077054886380948e-01
2.524655177315681120e-01
3.736890417874657588e-01
2.417908370538316698e-01
2.424463125648033957e-01
1.680048609889481237e-01
4.929365522733406557e-01
3.427486032731754118e-01
3.820535383291432385e-01
2.519029298957068397e-01
3.284816444707205907e-01
3.278753344678481119e-01
2.518605330270326514e-01
4.486633403900223138e-01
5.761970659943556061e-01
2.518560035817179465e-01
5.689890346601675919e-01
2.098842364262408777e-01
5.689890346601675919e-01
5.475264654056976044e-01
4.906641968649209096e-01
5.690502717785862474e-01
2.837137504799952525e-01
4.823529113772949684e-01
5.690383297768035753e-01
5.690500616547459201e-01
5.690383297768035753e-01
5.690352004141093767e-01
2.613171437489638094e-01
2.872713886942271366e-01
2.531000603336671650e-01
5.691157177425569813e-01
3.481401558370049165e-01
5.458701273422756906e-01
3.697223346758773954e-01
3.285469211912820930e-01
1.680048609889481237e-01
2.518837851837705810e-01
2.677698014282424710e-01
4.529199785971543268e-01
2.518830841439411716e-01
1.939957542230788257e-01
4.887385186032718321e-01
2.481549865383695097e-01
2.518785177225070226e-01
3.181991301351232981e-01
1.799472223696300111e-01
3.664176984640855061e-01
5.758117626444811954e-01
5.827978897296608451e-01
4.248286921689274354e-01
3.443326381682306758e-01
5.690673149211878945e-01
3.864958813672148552e-01
2.635052944546522613e-01
4.002667307865070967e-01
2.518102297770865028e-01
6.285419494530954942e-01
3.017368355149213643e-01
4.604799533631880326e-01
3.572100189424260441e-01
3.871681616441370322e-01
4.253100264655043095e-01
5.655605393455729324e-01
3.400722590466069839e-01
4.478513424858719394e-01
4.188938540615890216e-01
3.334670240333122426e-01
6.253609228803623798e-01
3.473588027415936974e-01
3.440092700588598951e-01
3.646778151816821856e-01
6.253142587773906635e-01
2.325073770987005350e-01
5.303905620634021822e-01
6.424168617963555983e-01
2.792615228658127946e-01
2.548971037152772956e-01
2.362440444534052997e-01
2.863432466226799034e-01
2.324679635069619721e-01
3.611726297565504562e-01
5.320579981259758728e-01
3.844998086970717877e-01
3.792671524817449180e-01
3.940416891036540581e-01
3.330318182863826748e-01
6.253609228803623798e-01
3.087074224272900458e-01
2.445612285012942477e-01
6.002914210360863478e-01
6.002914210360863478e-01
6.002914210360863478e-01
4.319581222898850048e-01
3.586942534198363508e-01
2.325000468676270415e-01
6.253142587773906635e-01
2.074534210103822218e-01
2.324411646360098616e-01
6.254492038517233121e-01
5.982574095585764251e-01
2.324098804447271571e-01
2.324682097732319874e-01
3.534183133615532713e-01
4.188938540615890216e-01
1.722169087634977669e-01
5.056204321774664390e-01
6.253666719171017130e-01
3.280805409667028605e-01
2.593399791781426655e-01
6.253892108516998505e-01
3.839915375969917277e-01
2.738150017600558539e-01
6.254012385027335474e-01
2.324736587453884729e-01
3.420910856779056375e-01
3.496343898976026487e-01
5.736290765851758122e-01
2.324445010897051300e-01
2.421241554959384923e-01
5.302539611088091798e-01
2.507897695516862480e-01
6.253814419267962332e-01
5.308627554101895685e-01
2.325073770987005350e-01
6.598669008736433028e-01
3.534183133615532713e-01
2.324445010897051300e-01
2.667055348221148980e-01
5.700669513005862665e-01
3.185428844151039773e-01
3.235117037592479261e-01
5.700901621776686135e-01
5.701208142567641968e-01
3.473222204999262264e-01
2.887734972180219795e-01
3.339471209339681113e-01
2.797557530028472739e-01
2.692033747119434994e-01
5.701318378532814757e-01
3.850706081151569760e-01
2.543141307265642803e-01
3.336060645681319659e-01
5.700625521001335683e-01
3.486338178412832778e-01
5.701567979895449945e-01
5.701422773621993567e-01
2.543141307265642803e-01
5.700625521001335683e-01
3.516215960827158149e-01
5.701113867782131583e-01
3.380150065353764721e-01
2.865519350078102878e-01
3.564118434215671205e-01
3.945075969056590637e-01
1.739652091788345678e-01
4.242824128942297435e-01
2.543560223138991994e-01
5.088426891514172823e-01
5.700669513005862665e-01
2.543152395392687115e-01
3.567332968422265993e-01
4.541798075094668485e-01
2.543318080755421207e-01
3.543419457836246567e-01
3.750868675292222121e-01
2.541326198197071395e-01
3.709366855648263961e-01
2.691628557019123402e-01
3.323283300960167552e-01
4.248383867196605657e-01
3.179285687162196616e-01
2.541326198197071395e-01
2.392316927363189738e-01
4.594495754268392296e-01
4.399937997225455422e-01
2.542996985602419824e-01
5.700669513005862665e-01
2.543141307265642803e-01
5.700576835215990235e-01
5.701284355389149017e-01
5.195669671087919106e-01
4.606461992920706239e-01
3.725151831572521832e-01
2.543105070620244046e-01
3.516779483944232898e-01
3.415197604137603093e-01
5.700669513005862665e-01
3.444409350624084154e-01
2.543448701132954848e-01
2.543571855325240660e-01
3.588550264091413533e-01
5.701260592374011171e-01
3.346795210916787000e-01
2.543388721792058105e-01
2.951279030543540460e-01
4.493111600151435958e-01
4.267596866275716327e-01
3.124544073431808622e-01
3.335460733465859251e-01
3.556547142806918416e-01
3.174311726549099988e-01
3.376947975012273839e-01
3.170632267090802148e-01
3.279249819925370013e-01
3.477127237577397612e-01
3.153989782707337652e-01
3.133474066645549061e-01
3.277114753205636055e-01
3.815057453029587209e-01
3.300120711131258044e-01
3.634078309712164279e-01
3.170632267090802148e-01
3.614922936181108049e-01
3.711341116187542588e-01
3.105102095414967733e-01
3.601883719246812277e-01
3.473145204074921111e-01
3.093416854943705219e-01
3.109989687794046942e-01
3.397994578836538437e-01
3.547655940422173582e-01
3.407476814144486110e-01
3.032450722597815340e-01
2.911540029858336598e-01
3.312112891473007470e-01
3.367514966923251807e-01
3.218206159484462425e-01
3.412067840616240799e-01
3.451213239482107675e-01
2.951279030543540460e-01
3.125950283242378558e-01
3.135527025909613519e-01
3.135527025909613519e-01
3.448046889209790411e-01
3.896645191543244846e-01
3.120850366016446054e-01
3.162172676391262205e-01
3.608342165484206276e-01
3.743328926215679364e-01
3.125901747174539280e-01
3.287843220713368986e-01
3.118067625654706299e-01
3.193724469348827033e-01
3.276527875814168045e-01
2.987894976158068094e-01
3.515802839436744653e-01
3.202795257390401718e-01
3.340764694059201734e-01
3.308135451826004769e-01
2.951279030543540460e-01
3.512489925125232282e-01
3.731752351664323064e-01
3.390825931026770212e-01
3.135694999661610693e-01
3.283761635559782621e-01
4.175954825581603136e-01
3.836023466556294226e-01
5.065214163576816642e-01
3.134833537093345002e-01
3.231355919689785638e-01
3.576477567177884231e-01
3.325282553626422444e-01
3.461084035855895857e-01
4.302776724111022633e-01
3.291162021114836245e-01
3.004530016736651765e-01
3.364174648985585603e-01
3.778253200184002458e-01
5.700082332402881535e-01
2.871394187162089051e-01
4.185081493834906796e-01
3.079257149682085859e-01
3.371004132980295886e-01
3.412736544626356894e-01
2.876613834521103419e-01
3.413229355128859499e-01
2.846839673809274940e-01
2.846839673809274940e-01
2.795120465524695286e-01
3.558838571837891762e-01
3.373946813445318771e-01
2.875187038274433227e-01
2.872219335011756414e-01
2.977794064950147757e-01
2.869259827155727915e-01
2.869787069882566710e-01
3.954548014426847447e-01
3.040201372498969046e-01
3.221376825466144012e-01
3.637579130450535603e-01
7.441212730797758246e-01
3.371510445967600411e-01
2.872361277699393423e-01
5.776844041925109918e-01
4.198543894621584727e-01
4.067581754427295748e-01
2.874128951297549306e-01
3.175332355768641368e-01
3.463942692840702442e-01
4.572435780795316984e-01
3.455806654878942896e-01
2.869174975786060733e-01
3.798962606779012208e-01
4.445179163447227633e-01
3.085973011355422901e-01
4.185314974488842377e-01
3.303697738869560419e-01
7.895641963109737427e-01
3.124015017174213149e-01
3.330995870992322083e-01
3.495211760421920166e-01
2.751491933568442905e-01
3.979097483679041591e-01
2.898693769617413096e-01
3.285818050173852090e-01
2.876613834521103419e-01
3.337439402650989040e-01
3.097168516360226942e-01
3.342127894201890603e-01
2.898693769617413096e-01
3.795487571916421055e-01
2.871651900154517656e-01
3.127346315658139919e-01
3.162295204110284197e-01
4.124710877896317629e-01
3.322656058984660432e-01
3.583068428880387124e-01
3.874385581091379094e-01
4.695169317533549602e-01
2.742308486015667679e-01
3.414621909666394894e-01
3.472326521723852477e-01
2.741721689762141034e-01
2.742438952241735839e-01
4.452123075228061611e-01
2.741915910120191202e-01
3.831549311384047640e-01
2.238215614710267476e-01
3.220712593282243907e-01
2.742134809738345225e-01
3.435043920379760030e-01
2.742267872023569919e-01
5.317700706533304844e-01
2.742156549659974241e-01
5.317462289044962986e-01
2.868301470451308788e-01
5.317462289044962986e-01
2.917141475619181024e-01
2.741684776391688505e-01
2.609608544616314196e-01
3.410312654497310580e-01
3.563880552124787937e-01
4.066684058872634400e-01
3.118820899037551553e-01
2.741744013335507546e-01
3.371068020039832969e-01
3.294912823114892197e-01
2.966983472902195440e-01
5.317462289044962986e-01
2.742391335554332787e-01
2.742231975135643873e-01
3.526700137418828929e-01
3.991749406453060089e-01
2.941169825544595606e-01
5.317462289044962986e-01
5.317323743897205413e-01
5.318280403108157639e-01
2.742683340206147347e-01
5.318250250293622416e-01
4.595239928423229259e-01
4.455860199362721707e-01
2.742133636197111590e-01
5.317462289044962986e-01
2.728422849955922103e-01
2.078937978807346432e-01
2.742098018294480966e-01
2.978061766507759112e-01
1.860592219986748064e-01
4.529578155160905450e-01
4.588722543292433342e-01
3.366318142833587546e-01
2.742022317393915110e-01
3.143820792200539005e-01
2.321434686236919787e-01
2.742281522576815456e-01
4.380842166717447972e-01
2.868041514122432467e-01
4.381476718693961825e-01
3.477349876780705951e-01
3.996292501072688519e-01
3.275522253850702836e-01
5.317454449834281283e-01
