7.857418011088491694e-01
3.603257455029428291e-01
5.715789342426557118e-01
7.214435031365451501e-01
6.817606909580149477e-01
7.809081171922220843e-01
6.630386043627827242e-01
6.612689253510719567e-01
6.471810227330521137e-01
6.624443136763639162e-01
6.965685153970744281e-01
6.169749117434072394e-01
4.346816070540620580e-01
3.826365007455959089e-01
8.042590965931482039e-01
5.545680661711859250e-01
3.700968334115614655e-01
7.603050546352211336e-01
6.228446786338847074e-01
7.064343186769318494e-01
7.717395642221505092e-01
1.548280108463741256e-01
6.040429728733172077e-01
6.400666678167548085e-01
5.700933679432982348e-01
7.477563489917988804e-01
8.983341637092717713e-01
6.103008022872452587e-01
6.407379313629850692e-01
5.775414552728641571e-01
4.900922335428029020e-01
7.467724317186222871e-01
6.555507097635636660e-01
5.767618804186198656e-01
7.111686735460985842e-01
7.813166120703829431e-01
7.621625490297140315e-01
7.838295482878361309e-01
5.555394079420741260e-01
5.816967574210896164e-01
7.581106264972441444e-01
6.378302473368746561e-01
4.723810183663593176e-01
7.196501394053080869e-01
4.029579520294099826e-01
6.769340542665511773e-01
6.135724898691710116e-01
6.868900174681117354e-01
5.763281559386367325e-01
6.627961880949443385e-01
5.756009692696217872e-01
5.456521439653142513e-01
7.303420548375046950e-01
2.930007611303809267e-01
5.192071318978950245e-01
6.975076643672563081e-01
7.573620485074783470e-01
6.651828409088399452e-01
3.331434474640375676e-01
6.251274428221710311e-01
6.642927034210525106e-01
5.900896205323059585e-01
9.066868531119688379e-01
8.496231198299981635e-01
7.028853460913483397e-01
8.395590821574095974e-01
5.524250395103169620e-01
3.633306820863617670e-01
8.510080163594408997e-01
5.337546811648374856e-01
5.425994560462882310e-01
7.582948835400085130e-01
7.754949870067338047e-01
5.757778609414444526e-01
5.085225863605423724e-01
7.067063398598910640e-01
3.939514256193236141e-01
6.518475318337005886e-01
6.497345588848909559e-01
2.924643973587794377e-01
6.664140872310502228e-01
7.811231347398319702e-01
5.909260712073943766e-01
4.529035274768082875e-01
7.524052607955953320e-01
7.506141471153628952e-01
6.920172639448726182e-01
6.857770889244388934e-01
8.932924328733521380e-01
6.004586672819711701e-01
7.620998561166326679e-01
7.725292435651077705e-01
6.046242623058241117e-01
2.663276017685515251e-01
5.520023749645667221e-01
7.480555870268856822e-01
4.396451234271622766e-01
7.198353444546433666e-01
8.065629704459799099e-01
6.909103405451718638e-01
9.122680327713442727e-01
6.856202374611621853e-01
6.238295101682608257e-01
7.076168639747516531e-01
5.646663893125094535e-01
8.592399989477789157e-01
7.469013524351529876e-01
2.401171488720233727e-01
6.880426441977591789e-01
4.568067717605276967e-01
8.365226662437947880e-01
7.454387325534671538e-01
7.641378023463073488e-01
5.592531938666389646e-01
6.212887119672266811e-01
6.201660163343183374e-01
4.377321869243875896e-01
7.211144652657233700e-02
2.318449992632090895e-01
5.492667784755127514e-01
7.851135531052944039e-01
5.101481067989339646e-01
8.170650724497446893e-01
4.618654663029924112e-01
7.664483096718174293e-01
6.296787941731852856e-01
8.146079931928070783e-01
6.916048893809108034e-01
7.736277441991092907e-01
8.291921439343440392e-01
5.627309727799831851e-01
9.144269128851855166e-01
6.947169044395461457e-01
6.529479929480396239e-01
4.639242045010354420e-01
5.454401998770774807e-01
5.809787612175053573e-01
5.000000000000000000e-01
6.436762462638516702e-01
7.907221672524903378e-01
6.206012162679515054e-01
6.069689774495269363e-01
6.727242415969088007e-01
5.343561351756853650e-01
8.240239180275096276e-01
7.084410023686562585e-01
6.873357358448428656e-01
6.045975453375947994e-01
6.926270441059414473e-01
6.746506004133121515e-01
8.681347618648509457e-01
7.853490887920958619e-01
6.585168096522678871e-01
6.238503713693807073e-01
5.912349755950833119e-01
3.746948050323377077e-01
6.361468665063773065e-01
5.938167467728763249e-01
7.609280416528519941e-01
2.252884160163451110e-01
5.183000338639305316e-01
8.567170606848067971e-01
5.833866934667436555e-01
2.805904907395672665e-01
6.749841856293156139e-01
7.155757185884303873e-01
5.430120417501462793e-01
3.021794365475070632e-01
6.222847099839419194e-01
5.240067666714197658e-01
5.491309175005678611e-01
6.784172199090038324e-01
5.330479697848619081e-01
1.679968585760802657e-01
7.862713793687635677e-01
4.626295311900610052e-01
7.347947912552184047e-01
7.637942187027335628e-01
3.341511085131634307e-01
9.078319969621823082e-01
6.149915591179645480e-01
4.649988959439685932e-01
2.134632279017328882e-01
7.987983406586124380e-01
3.941519263049705346e-01
7.785833450687000834e-01
7.797864929828733915e-01
8.315237751702030389e-01
9.023575432358412751e-01
8.598597712888255140e-01
