7.357863749169815115e-01
4.660995642235515879e-01
6.413225798244880371e-01
6.827578905053369729e-01
7.325723993839184933e-01
7.542613817813260679e-01
6.352757533369300935e-01
6.230508382442674353e-01
7.102520591947816264e-01
6.329888856993819424e-01
7.006269120381527493e-01
5.938788978274639474e-01
4.229719723821454558e-01
3.719033808545344488e-01
7.680162430558848952e-01
5.834928581641086742e-01
5.327192157324160959e-01
7.228810027320531351e-01
6.539281127179500386e-01
6.907437161380411972e-01
7.098129454928301385e-01
1.089169343383089295e-01
6.720756382461954281e-01
5.518375381373695765e-01
6.579267405099573640e-01
7.342837824100288957e-01
7.725907978926516151e-01
6.834251220371004854e-01
6.123047020234831939e-01
6.425805100259661673e-01
5.208345620144210208e-01
6.894117512111972434e-01
6.480416104547910283e-01
5.838339711288775824e-01
6.754085503138536062e-01
7.122252945775571220e-01
7.177070873056797806e-01
7.183351680186538246e-01
5.530813523908131302e-01
6.312310780834905488e-01
6.762683691910024164e-01
7.025375301235035064e-01
5.529868006673042125e-01
6.865975673600401841e-01
6.209332673215534060e-01
6.289395135956687977e-01
6.173333879307270067e-01
6.586779196882360798e-01
5.911730952722996646e-01
6.658010315252013145e-01
6.425189924943158770e-01
6.171293276143785533e-01
7.096844567174909191e-01
4.773734764467406633e-01
5.252571935961050098e-01
6.822233390569737432e-01
6.901542456602862696e-01
5.095033951526252158e-01
6.957491657915734207e-01
5.269129383704240777e-01
6.997263733947181041e-01
5.727843929270433065e-01
7.976598263955917423e-01
7.357490790009291182e-01
7.306780847732561313e-01
6.811432885918092817e-01
6.651505822783215782e-01
6.425871504222364639e-01
7.298613998668319613e-01
4.326795318909342214e-01
3.965772214429159614e-01
7.482506022397589218e-01
7.143147552839091974e-01
6.234721403632791370e-01
6.222241694688515068e-01
6.991418811363792063e-01
6.175668178249357210e-01
5.000000000000000000e-01
5.631504421533178872e-01
5.000000000000000000e-01
5.856485578718800822e-01
6.559362672809365691e-01
5.000000000000000000e-01
6.209889527377278062e-01
6.292804533717273330e-01
6.189206808739964316e-01
6.463823167568484296e-01
5.406250132224093008e-01
7.448310534822267792e-01
5.173457663493206127e-01
7.044371816021923749e-01
7.313368318360956577e-01
5.000000000000000000e-01
6.184699082724668395e-01
6.114586850049766875e-01
6.465662967851248943e-01
3.808664503094988940e-01
5.175238519860390074e-01
5.396946602095143986e-01
6.219412729467027612e-01
7.515748065080043450e-01
6.322743696851060857e-01
6.590812468362822196e-01
6.454342319759778235e-01
6.741987168279440779e-01
6.697508062470620693e-01
6.098642466202403023e-01
5.197488759815315218e-01
7.066200327318148400e-01
5.193051964314473468e-01
6.429047534009092457e-01
5.687114463756289817e-01
6.403135598971156917e-01
5.878490262402963351e-01
6.933179972504190935e-01
7.132928248196018783e-01
5.723236458689467954e-01
4.634808837510605573e-01
4.578126771753896485e-01
4.127086758088877594e-01
6.680969977688867578e-01
4.797032738868924895e-01
7.847333588448888175e-01
5.719189991564110898e-01
6.744719892614933210e-01
7.376785586170858666e-01
6.910034866053024194e-01
6.366468565174729921e-01
6.615873077621297060e-01
7.398524130068662163e-01
5.433060339122205429e-01
7.656614730808085634e-01
7.900301758139989250e-01
6.462723490090686029e-01
3.774752420165854438e-01
5.121085413156259980e-01
5.633861385613111450e-01
5.893956255983844317e-01
6.996661738196938707e-01
7.604666466789875567e-01
5.330132903291933122e-01
5.676870207192776796e-01
6.666260629109946878e-01
4.266417854083467964e-01
7.487494436711433776e-01
6.835504721364755731e-01
6.924933865798105215e-01
6.281721645428173240e-01
7.569054747774477399e-01
8.428293054777069582e-01
7.419607153744581796e-01
7.169915068132832747e-01
7.616178371428664606e-01
3.697681381057397187e-01
6.468016323432157488e-01
6.861157777444674144e-01
3.583611956394509024e-01
5.128732648184761711e-01
7.058757250014303652e-01
4.193286294188539598e-01
5.958457394058056522e-01
6.189307544246376303e-01
6.860674977100977845e-01
6.234686081934499580e-01
6.872409465534866646e-01
6.506442970611717724e-01
4.770189644544653995e-01
6.719452770973638467e-01
3.328495806185950978e-01
1.495058825235593691e-01
6.892697279918018616e-01
7.095061129694434365e-01
5.123008167663953838e-01
2.527367514227403800e-01
8.484295112395260352e-01
4.198369276466698552e-01
7.468171424137325376e-01
8.333681370525626297e-01
4.359187866205606054e-01
8.504996279009724436e-01
6.107007940615619690e-01
5.000000000000000000e-01
2.501648023542646926e-01
8.048169917673876350e-01
5.651656438326222442e-01
7.200558931618962211e-01
7.775265209800485966e-01
8.012001213458056492e-01
8.970805421659779899e-01
8.173472079487440478e-01
