7.400402158341962133e-01
3.220503051041109788e-01
6.642825285411813052e-01
7.166481937335754671e-01
6.607383054307941483e-01
7.748932828913298598e-01
6.987493021339337140e-01
6.667112743716495649e-01
7.038418214666868344e-01
6.332360163782762008e-01
6.494423715610120329e-01
6.883106165487767880e-01
5.660439506923866659e-01
5.813940032456220708e-01
7.188050661722547030e-01
4.618795417789176017e-01
5.694952908517182388e-01
7.018123602570920383e-01
6.893379083457714662e-01
6.851659599101617149e-01
7.204088049199109944e-01
3.016572173637949161e-01
6.495557890228199627e-01
4.815772434328816076e-01
6.146848319060915777e-01
6.724694777145137081e-01
8.114497118736819781e-01
6.920110532707298701e-01
6.428134195365480252e-01
6.294732749413519679e-01
5.361516546154410090e-01
7.161293462930654607e-01
4.307998403810941457e-01
5.774580581219995734e-01
6.839558461140400336e-01
7.273366273888308697e-01
7.601774390038599227e-01
7.303559478299117558e-01
5.341910435054442186e-01
5.000000000000000000e-01
7.757556031896979398e-01
7.774207444041832948e-01
5.324458245254685140e-01
7.317453306254356749e-01
4.189188297749661949e-01
6.264894106585336964e-01
5.363858122848811361e-01
6.810272073892922329e-01
5.618760425293440885e-01
6.416280614086140588e-01
6.330741350233445308e-01
5.122486860342483350e-01
7.139594723243233299e-01
2.821042215561175848e-01
4.673757099750260879e-01
6.463535878758327469e-01
7.929648575227730145e-01
7.244942776404704743e-01
6.291111998980883913e-01
5.841075101277105608e-01
6.737560414184513569e-01
7.873758336464484753e-01
7.606888536677353096e-01
8.072329189293906415e-01
5.515358749848267017e-01
8.669667740487450036e-01
5.973221855939181424e-01
5.063091250986841985e-01
7.912220262505150759e-01
4.315193875096827725e-01
5.392878703935439777e-01
6.754667465770488599e-01
7.724748461980971426e-01
7.064742732493760613e-01
5.784553434764427848e-01
6.758461366172431317e-01
6.428164112222336524e-01
5.934225452372535736e-01
6.146341579919338827e-01
3.854174038815908476e-01
6.282883240674475012e-01
6.746574024226094091e-01
5.690497812737573824e-01
6.147276202091565001e-01
6.466149592495892273e-01
6.695485334166778602e-01
6.298371093156208689e-01
6.243186004371120701e-01
7.583835262868979799e-01
5.843027008596324290e-01
7.068536216725251897e-01
7.554063095228541469e-01
5.323290312644777256e-01
6.410303097593030852e-01
6.148945651639750043e-01
6.277371341186822606e-01
5.465062539584003565e-01
5.842829333333565689e-01
6.237518650785559560e-01
6.466206496525254144e-01
6.422334370987362595e-01
7.289390908632089605e-01
6.205929833509604698e-01
8.728232474216852665e-01
6.704859087531773731e-01
5.961514809790030567e-01
6.476116360958776852e-01
4.875167870060896358e-01
6.527752711158857357e-01
5.521877107974667576e-01
6.880567561147071798e-01
6.116102985857831964e-01
7.364924421399349219e-01
5.321738813778075228e-01
5.554875632270421804e-01
5.306868744974397867e-01
6.117111428961726771e-01
3.124905209383960214e-01
4.361641631950857190e-01
3.872161193477897112e-01
7.603250303410187261e-01
5.000000000000000000e-01
8.012879116586368866e-01
5.931562025568026808e-01
6.983960652285748916e-01
6.170878325511698348e-01
7.541657429288929348e-01
6.707553546967151004e-01
6.959641140580753449e-01
8.238153791220182987e-01
6.061971320336376756e-01
7.946717767382279751e-01
6.876825604369058986e-01
6.865514764047804253e-01
3.791043256203032175e-01
5.880036119286017327e-01
5.476584059166820229e-01
6.501373630368961765e-01
6.101856418606620425e-01
7.352288113240112999e-01
6.058449065043651771e-01
6.238061740261146015e-01
6.544249465856659675e-01
4.483968166690896484e-01
7.138139430142793618e-01
6.730440235193457799e-01
6.560489756078369261e-01
6.647894047095974646e-01
7.550784981263946039e-01
7.341840546038965742e-01
7.301850620937642145e-01
7.299188003529017976e-01
7.417226923198870780e-01
5.199546904226621802e-01
5.724427840605015305e-01
6.895724085379342227e-01
4.007262157380376832e-01
6.468909676789115215e-01
6.940581331197298587e-01
3.508246433187424129e-01
6.492945952964559453e-01
6.840161389987586826e-01
5.977070558882270346e-01
6.257223919811313317e-01
7.031551296649045657e-01
6.948548335249986607e-01
5.372326180305102561e-01
6.397778545544021700e-01
4.134879555659795036e-01
1.654762113506219878e-01
6.314386957435476067e-01
7.407987765625493326e-01
5.276706306803592428e-01
3.418006418601499119e-01
8.078949226756906299e-01
3.958803393489122580e-01
8.083617163050726973e-01
8.224882679511670291e-01
3.504915176433717749e-01
8.797913095500543568e-01
5.922452927724140004e-01
5.198156057218744630e-01
2.544185304181775242e-01
8.158429260687346529e-01
5.335861400621455530e-01
6.530196954628090245e-01
7.711337756449625491e-01
8.477322024808763290e-01
9.276752826414687014e-01
8.151166949496578829e-01
