8.034888047185789750e-01
3.604249772601155755e-01
5.822830621361034797e-01
7.502230184410471070e-01
6.647074320231530775e-01
7.669502067132683010e-01
7.064038015161983042e-01
6.851456389407843961e-01
5.200645281680902343e-01
6.725925674307250413e-01
6.878947960457847399e-01
5.976145462803287289e-01
5.616597264307842119e-01
4.405772048021221465e-01
7.657809480463407814e-01
5.938007974188065363e-01
3.570912776344849493e-01
7.246236578302418518e-01
6.103050834199343910e-01
6.765331101727732888e-01
7.792964180735294510e-01
5.542848857226929660e-01
6.693760783547967330e-01
4.359811868272522317e-01
6.475946358137493197e-01
6.639487574542953796e-01
9.333146123824246354e-01
5.104620583678777246e-01
6.419341043711257466e-01
5.850852336055559766e-01
5.709710686975015825e-01
8.223815391984579115e-01
1.209442654854113314e-01
5.945595523072380040e-01
7.851166345947697689e-01
7.677395165840363855e-01
8.384934154320426991e-01
7.570919788693621921e-01
5.558183315593184792e-01
5.781230060982678332e-01
7.670288347238234383e-01
6.755492995159050329e-01
4.832950359025489639e-01
7.339947206850401251e-01
3.478332428409107724e-01
6.404939131488022186e-01
5.900267370319716154e-01
6.845338539661168786e-01
5.830161485524534282e-01
6.746095912700585950e-01
6.121415758307512389e-01
5.235133105820236610e-01
7.326620880209772091e-01
3.173679633848039972e-01
5.000000000000000000e-01
6.762032007942354594e-01
7.764934898094119076e-01
6.989968432482014382e-01
4.068835453041445005e-01
6.427031430691690916e-01
6.647506734107173632e-01
6.210634675309575359e-01
9.019034411763365844e-01
8.837130827131651767e-01
5.744171475498921486e-01
8.513867871113746100e-01
5.316498073638119548e-01
4.274261604050361152e-01
8.404824041101914833e-01
4.461055589734625459e-01
5.348598204507157838e-01
7.503488607054169535e-01
7.732740071559377482e-01
6.752797751672365845e-01
5.969573131254448661e-01
7.400311040052640621e-01
3.553780794333495363e-01
6.551022118172167286e-01
6.460649350950943282e-01
4.212165419207291039e-01
6.304005225186666284e-01
8.198814099934226274e-01
6.228333200341961140e-01
4.347189146964560158e-01
7.304072976554922825e-01
7.145950178468502001e-01
5.611607678320734705e-01
6.300030089250313603e-01
8.365824603892009215e-01
6.214464739707086238e-01
7.235747535170158340e-01
7.174411982260174847e-01
6.251973991565166200e-01
4.815413887277797400e-01
6.707429899336402324e-01
6.334921491325146148e-01
5.772963642678730078e-01
6.231587858520317713e-01
6.713245061381420964e-01
6.642963548197768908e-01
6.873115059925980486e-01
7.204031901418467276e-01
5.948318498187048498e-01
7.703054622614027291e-01
6.438465905548300672e-01
6.451784763457281136e-01
6.381072788120857320e-01
4.372372366394703946e-01
6.949740630737685221e-01
5.393478885464297878e-01
7.452836042743867795e-01
6.454976969006690490e-01
7.560202696322994020e-01
5.598084422435418706e-01
5.650535817468669286e-01
5.353628361027457094e-01
5.879776384333930128e-01
3.124116100042890753e-01
3.447969273038257731e-01
3.487269453409065356e-01
7.698729468410763221e-01
5.213963155781596859e-01
7.960740803332653215e-01
6.444910789448111688e-01
7.392023679208145071e-01
6.379783059560419911e-01
8.001084685636724592e-01
6.454199597262294530e-01
7.395673235980707583e-01
8.473847859915074610e-01
5.819313645552685044e-01
8.047015781496857922e-01
6.993098714201269051e-01
6.706946119880936585e-01
5.693813305403319092e-01
6.199656502751912379e-01
6.253861298269179914e-01
4.812240900497760654e-01
6.247866717165526662e-01
6.539190508681362868e-01
6.301508881766972880e-01
6.272464268903236162e-01
6.229259103163857780e-01
6.114682573047662828e-01
7.384327963256400729e-01
6.364818212011359444e-01
6.516555766109639602e-01
6.415473861632725594e-01
6.457105948518158112e-01
6.243580836099951181e-01
8.159456812811236581e-01
7.116537906260297364e-01
6.373790261685232661e-01
6.354757870312006673e-01
6.012992703973292219e-01
3.967426011114775775e-01
5.528280829853066125e-01
6.196426329066520022e-01
7.449467660323764173e-01
1.939027751105168174e-01
5.480284836703074314e-01
8.830264175909668944e-01
5.280129861638803712e-01
5.490511367001869036e-01
7.982227551126565013e-01
6.817752886084684771e-01
4.550191018912478902e-01
2.221444078006880596e-01
6.103084726561864848e-01
5.751709596360878862e-01
4.377799536380612144e-01
7.831792133987838245e-01
6.277244613187119571e-01
5.090984292158008406e-01
5.000000000000000000e-01
5.434720515505102600e-01
6.079330269196752123e-01
8.224270990779232182e-01
1.486206156094036501e-01
7.969575995564485149e-01
6.729182829075914807e-01
5.192364647054344973e-01
1.337463929850295219e-01
8.270949124407085407e-01
5.856456701937463594e-01
7.960302907163382402e-01
7.967469681249791380e-01
8.250734611277816821e-01
8.938528242237313570e-01
6.592082131284816571e-01
