8.063739337320522393e-01
3.646816504737027120e-01
6.795140322632273744e-01
7.209273221515498653e-01
3.846946534727123113e-01
7.718457168881835972e-01
7.455000502213929847e-01
5.549414523842216562e-01
5.258933611796339225e-01
7.283516396963807260e-01
6.741312430786116083e-01
6.402796107118835511e-01
4.464079619757420625e-01
7.249207815240431563e-01
8.965295980213638938e-01
6.769518868554574853e-01
6.197929122740329921e-01
7.120004797418231224e-01
7.214487230205849366e-01
7.631330158318214707e-01
6.261591926339898917e-01
5.359806470504501208e-01
5.541460126394500696e-01
3.042590235418725642e-01
7.592559393215565500e-01
7.134916301274658590e-01
7.103183730765774140e-01
5.478505939142160885e-01
6.108623241048228847e-01
5.944522710309773084e-01
6.985887377261327247e-01
7.575527586104793265e-01
2.297167395860818806e-01
7.149204014437331445e-01
7.324076868922448913e-01
7.290626359574889914e-01
7.162398972774652872e-01
8.004291649102399653e-01
6.889848983078507016e-01
6.417988940626956351e-01
6.939069265624799865e-01
5.457152026965851332e-01
4.414501375117605986e-01
5.000000000000000000e-01
1.962658627481292661e-01
6.748056157143512701e-01
6.470688538587874294e-01
6.615420164594175700e-01
7.744234474101412413e-01
8.580012684211413276e-01
7.635684338351074185e-01
5.422216375096723384e-01
6.851382137019045304e-01
4.519651660480525912e-01
2.052382302725304641e-01
6.612527713528570938e-01
7.897912849546219194e-01
8.051328361195283501e-01
3.107807857755246483e-01
8.112140617636729445e-01
7.127962505723959286e-01
6.123569335081545661e-01
8.259823705587608922e-01
8.562496746572620943e-01
8.625696312771621299e-01
6.038429466434267479e-01
5.422500962969227789e-01
7.662477394990724333e-01
4.359614664821579444e-01
4.457142124059694233e-01
7.122376314412477427e-01
8.728348800793921392e-01
7.462311102900317517e-01
7.116045416865111051e-01
8.132749605958167205e-01
7.736384287823937500e-01
4.504886109005515338e-01
5.712296967238976730e-01
5.469786195039255672e-01
4.815588173456603061e-01
8.305358601789537554e-01
7.587233168839812025e-01
3.988559169073584987e-01
5.839830806492214421e-01
2.654549963955223357e-01
6.324146200051250499e-01
7.721017470328412902e-01
6.867404594539611162e-01
6.592077270439015146e-01
7.667589348499628255e-01
6.630454150645533895e-01
7.451713642498901669e-01
6.999604347801811066e-01
5.574594383206900039e-01
7.367419816599471982e-01
4.937962881561145934e-01
3.770898673275404622e-01
8.615552377059432221e-01
7.181367003373562152e-01
7.495744124935490582e-01
7.276789142507972263e-01
7.503901647278666820e-01
6.929942204759840241e-01
6.573135681006960773e-01
7.825586515653784048e-01
6.306818886739127272e-01
3.949266656377827811e-01
8.073024601259447541e-01
5.415164715237124060e-01
7.309581671769489475e-01
4.606886738895703548e-01
5.766688227130487565e-01
3.808320644553565559e-01
5.513735547438640694e-01
7.068279098308769548e-01
6.277415038966940308e-01
5.459858670802973934e-01
6.980190927797239597e-01
3.952610131860194720e-01
5.092034660144666436e-01
7.212184794883891303e-01
6.914066938227030334e-01
7.384882628952571526e-01
6.726239575491540501e-01
7.719506865301100085e-01
7.027280992851230312e-01
6.468515138716134372e-01
7.571258907216571465e-01
7.785485895545389834e-01
6.162241046884241458e-01
6.640936434287213475e-01
6.986809939391970259e-01
8.070515573023125944e-01
7.738872205814437688e-01
6.387681710429600201e-01
4.493630776407281924e-01
6.025733803332889993e-01
4.695918776364708669e-01
7.604045123872216205e-01
6.680770969181278884e-01
7.781927654973284092e-01
6.914645952449033350e-01
4.637098506081111515e-01
8.079940877841589320e-01
6.984785725141471335e-01
6.534016935762529954e-01
8.286590269392414276e-01
8.214920298382588637e-01
7.862554257578278083e-01
8.886059477888212932e-01
8.953721080504190022e-01
6.025992451846879927e-01
6.455054174298369141e-01
7.023905259022462655e-01
2.674533741019659017e-01
3.163376458374957401e-01
8.105131979333922709e-01
8.005120670626763024e-01
1.908292914886826688e-02
6.472054401208391372e-01
7.120948754770828337e-01
4.066597961457744659e-01
2.187732296486506467e-01
8.619718042773708566e-01
7.237890009624621257e-01
5.897638503654721864e-01
2.294342568344308886e-01
6.219191632070758535e-01
5.309778168204866144e-01
6.492387784439161980e-01
6.450142409984807035e-01
6.465548779822537506e-01
4.145066198974839411e-01
7.167444716462740839e-01
5.880284128930818310e-01
7.207105014669276111e-01
7.909412971385901825e-01
2.679606293101760572e-01
8.189615959308591542e-01
6.534301458832401099e-01
6.339981423444628339e-01
2.678012324472383021e-01
8.101290653168187195e-01
4.184783789593219394e-01
6.764964753818880627e-01
4.727723397934529004e-01
8.380713545010860521e-01
8.858343403485932077e-01
7.158082983374459696e-01
