6.785453069827396266e-01
5.213561459841351553e-01
3.958562843626711736e-01
6.769818885083920268e-01
5.396074762682154802e-01
6.746004993320033893e-01
4.668711568451685001e-01
5.396199492754677474e-01
6.314168803551768461e-01
6.927846312059010581e-01
6.670487640058675449e-01
6.681429374989966696e-01
4.370911055340532259e-01
7.582521037896114979e-01
9.035639069921683753e-01
4.535724799180183009e-01
6.750518520882797802e-01
5.396620762420389905e-01
2.722312022479548843e-01
7.053903128484227958e-01
6.780521257317808637e-01
5.000000000000000000e-01
5.492201535846321647e-01
6.783561462365298445e-01
6.903759826048156967e-01
7.325068638557892253e-01
7.088523094599548102e-01
5.850980907023091149e-01
6.780521257317808637e-01
7.251499487680816980e-01
6.818787866409787846e-01
6.873874578377042743e-01
6.691192434958844748e-01
6.823561973486059751e-01
6.439025134759526203e-01
7.899585359179832622e-01
7.137344369392736310e-01
5.323701965961221694e-01
7.404952483704360100e-01
6.835330030625982323e-01
5.486321310154645969e-01
7.857135599701092765e-01
7.308211762057290617e-01
7.654671099921487309e-01
6.284645546248844861e-01
5.910590987633924653e-01
7.507532391324882592e-01
7.419566866602895772e-01
2.583888913506009466e-01
6.291615882634462587e-01
6.156789403777122027e-01
7.652814912916782175e-01
8.086443064321069407e-01
7.823189323206133361e-01
6.396784332733114198e-01
4.116101251043103870e-01
6.697561578898765244e-01
3.011644806054303292e-01
6.018638424230919881e-01
6.803427628155653828e-01
4.847600920408407510e-01
7.135319125907961801e-01
6.453856958097013985e-01
5.685367798226141911e-01
5.351699323572305378e-01
6.513341115551342098e-01
6.946842722248453006e-01
6.460047493389019513e-01
6.386447475487759817e-01
6.446390830591436361e-01
6.770342814669442211e-01
6.788353452899738016e-01
6.511092944743192001e-01
6.805498438564269170e-01
1.919157341160513119e-01
6.907299403796736126e-01
6.805498438564269170e-01
3.860251534131606821e-01
7.838867298437511844e-01
6.998277361346366687e-01
7.742455245521036034e-01
8.210293260706760243e-01
4.568183781990719505e-01
6.998277361346366687e-01
6.697244362758222325e-01
4.891779735872197055e-01
5.837434857119304654e-01
2.384149013432475261e-01
7.973041027967675554e-01
6.947228185834262160e-01
7.357581801262086385e-01
3.881773682973113093e-01
6.505781220543797039e-01
6.865103434492824119e-01
9.032632665540833994e-01
7.633956078997988781e-01
3.642230894649289841e-01
7.389495539135467750e-01
4.865143518439967174e-01
4.603520517326017414e-01
7.879495896388153398e-01
4.865385645070259835e-01
6.233339614949298113e-01
6.864692964816638820e-01
5.000000000000000000e-01
6.864930686775201352e-01
6.858460885903741033e-01
6.269164228123590421e-01
5.000000000000000000e-01
7.170553063510486380e-01
6.773674255440731429e-01
5.000000000000000000e-01
7.076229793640729238e-01
2.645879259337587386e-01
5.735290815100270168e-01
6.442242843017439435e-01
7.157008486051450458e-01
6.665042496306158304e-01
7.293510422418713057e-01
7.531101282370575856e-01
6.604072417333142209e-01
7.184198416954802324e-01
6.880882098999835383e-01
6.234489131229511427e-01
6.795642151807189668e-01
7.283562549842977907e-01
6.434391046870829856e-01
6.583456442103301498e-01
5.908360360768180053e-01
4.553144798308476626e-01
6.622762833148269079e-01
5.195276877893332257e-01
6.719851568779630080e-01
6.338331063060803627e-01
6.474612744819403520e-01
7.089164962085000576e-01
6.365528797096468017e-01
5.715533596980415521e-01
6.292043421580351126e-01
6.317639297407893206e-01
6.841868222283633560e-01
6.713792528435236218e-01
6.625925559451772973e-01
6.845068719079951958e-01
7.083747287666873893e-01
4.889061206576790219e-01
4.182111229874194702e-01
7.124274566238418815e-01
3.671921477852058691e-01
6.773142734778694329e-01
7.757750745647653545e-01
3.361297204731486521e-01
6.500140516589988371e-01
4.544035340828825875e-01
3.722710684006515502e-01
7.384934753621014147e-01
6.599467726153801506e-01
5.585690164919239198e-01
2.329191617096839917e-01
7.814371457325952619e-01
6.465896738706998770e-01
7.124274566238418815e-01
4.221316882480850019e-01
5.122753973703748631e-01
5.704083597467393130e-01
6.049299229929231414e-01
4.220660342807225351e-01
7.051386535216540574e-01
5.412707508364182907e-01
5.412975078756995240e-01
7.551490644959847343e-01
6.160038205700150149e-01
6.563113715134485382e-01
6.561089749487263312e-01
5.412666874238392101e-01
4.246101410833426071e-01
5.412773227125823317e-01
7.551490644959847343e-01
6.457429383601732686e-01
7.551906654532501983e-01
