7.400071787295293690e-01
2.925268598594655267e-01
6.121879533270004892e-01
6.362739739045827347e-01
5.000000000000000000e-01
7.022775444613192919e-01
7.094699172595325676e-01
6.819993479929524760e-01
6.484899997214156331e-01
6.957838199915681310e-01
6.967963619100286943e-01
6.426821307733194821e-01
6.338990141697725678e-01
6.919999929935755079e-01
7.019274993540663976e-01
5.695924363978808191e-01
5.663939817572731794e-01
6.850472910932727810e-01
6.900722538982614340e-01
6.270321300481830340e-01
4.758731419500887294e-01
2.613502856915992378e-01
6.104249732538941098e-01
4.463842566698587033e-01
7.625154384012613473e-01
5.453544848601076245e-01
6.555458494537748093e-01
3.500803110190894296e-01
7.950904933100075844e-01
5.525064828049855992e-01
7.235946704284945685e-01
7.121513419029118497e-01
2.576775142431995125e-01
7.477181875975243974e-01
6.422449586110083875e-01
6.831972444438595415e-01
7.306534204141118538e-01
6.974827899212041604e-01
7.042623780795054245e-01
7.688828277347653506e-01
7.147626972777376686e-01
4.885813614239283842e-01
5.732897509317147478e-01
1.901617002783830279e-01
6.663868409450492969e-01
6.630523635717762154e-01
6.655996665680841140e-01
8.366385797424609194e-01
8.082496483048028368e-01
6.593861836044189184e-01
5.794389032543700857e-01
7.910346226899881428e-01
6.724157900544589506e-01
1.843271638115024647e-01
7.916624939331864397e-01
7.944601043907363325e-01
7.923588059443148479e-01
4.542324607413632531e-01
7.816939597142389395e-01
7.138437312533646439e-01
8.105996673490305504e-01
7.442919480224542417e-01
7.525826614055367569e-01
7.913175943647050570e-01
5.238617366008042620e-01
7.152552189559996387e-01
4.042738651873984956e-01
5.607741419574432395e-01
7.442919480224542417e-01
8.263241288143547969e-01
7.043468459939139503e-01
6.762167335121801459e-01
8.235652582486290285e-01
7.838193723340752816e-01
7.204338167411357130e-01
5.829069530097846785e-01
7.309277489703996933e-01
3.853948468325308907e-01
6.310680561182964166e-01
5.539134305199523434e-01
5.731257324702284661e-01
6.261696063892088215e-01
5.212932169207463717e-01
7.720171226931302755e-01
6.648759468899853031e-01
6.116995985260025304e-01
6.777305478053505805e-01
6.925341661999802056e-01
7.692293059865696891e-01
6.843036090545542294e-01
6.205727872196851180e-01
6.430813185415784616e-01
5.000000000000000000e-01
5.966038189297577787e-01
4.226266693692126153e-01
7.647427895709991708e-01
7.754158955422638666e-01
6.915078924266876426e-01
6.693157857800922095e-01
6.926520563133791164e-01
7.551134486211031893e-01
7.357202151710420246e-01
7.597380863409759488e-01
7.614282821298095083e-01
5.382604876658186877e-01
6.630404866213610582e-01
5.775442334219915708e-01
5.309221919749783636e-01
5.463387070024209313e-01
7.753348917355704639e-01
6.000168896500712723e-01
6.678296023902290379e-01
6.045185339689455040e-01
5.560828403483454307e-01
6.455767049060374685e-01
4.627080010955269551e-01
7.398611055527918312e-01
6.838926641724721867e-01
6.795663696288555267e-01
6.043738981741196836e-01
7.120718715740422811e-01
7.094932061464950257e-01
7.459867438208214185e-01
6.479558189956885483e-01
7.515120375724690938e-01
7.502424789122126292e-01
6.766877427780280119e-01
7.288618928402695873e-01
5.216946090306551209e-01
5.554082428768355451e-01
7.252337877466750182e-01
7.227123574134876050e-01
2.213087057578303207e-01
5.820647909365460615e-01
6.528517074993079872e-01
7.252337877466750182e-01
3.285795351850066548e-01
7.008323826876430296e-01
7.347307424824194300e-01
6.998759833804518715e-01
7.769256386756207000e-01
7.736797151639548398e-01
7.150573844996475081e-01
7.378804647691868945e-01
6.862990324776848672e-01
6.972440606917937878e-01
6.475609374279162056e-01
6.489962286179007389e-01
6.478236261490909476e-01
6.500275940910061889e-01
6.433192759757488943e-01
6.508608828732914686e-01
6.494914234892662508e-01
6.344858523762216818e-01
6.460513366425133519e-01
6.494698408350433327e-01
6.457347470777485832e-01
6.445976651802056701e-01
6.498513888845069975e-01
6.485338002672212943e-01
6.460416135915840741e-01
6.459526487586443322e-01
6.443964076504637983e-01
6.488381958764800617e-01
6.085702742351835060e-01
5.369559060175344012e-01
7.055369615518883863e-01
6.014209633119595999e-01
7.025177972941110127e-01
8.177315861024236909e-01
3.083801892944116815e-03
7.849672437634592770e-01
6.581537493381356407e-01
7.507913205299807657e-01
4.581909293846899156e-01
8.105418944302913431e-01
7.504407538832434943e-01
7.561524883854290335e-01
4.315686095465255945e-01
7.845712047763979680e-01
7.961776184925986044e-01
6.739954346779492012e-01
