7.201394933443736601e-01
6.198397911243577196e-01
5.678354656766636532e-01
7.209762083933678456e-01
6.936125598405377124e-01
7.229094768992948561e-01
7.591996676681579403e-01
6.316538533219488993e-01
7.424155356591662924e-01
5.456838342224735738e-01
7.818863808857499098e-01
6.758397222753056433e-01
5.728006568871364390e-01
5.784621963365037534e-01
5.672045208381738535e-01
8.183764192714265695e-01
8.063134748241336247e-01
6.566813144313359274e-01
8.386518390713499915e-01
6.531609215202666130e-01
7.958120184363421945e-01
7.896515275951453416e-01
7.994440567080447479e-01
8.049556005270198655e-01
4.529827696899073608e-01
8.218960557401450151e-01
7.348160275220501081e-01
8.375704911869862324e-01
8.033732835711412390e-01
4.397440268447243006e-01
7.837734444562396430e-01
5.551412100528724247e-01
7.588743956001394730e-01
5.413676708158209339e-01
7.462028508547784433e-01
7.961022573840528249e-01
7.616276566322544017e-01
6.287579226293080747e-01
2.557308572502584587e-01
3.511351951959197915e-01
4.075870032518598141e-01
8.144762037845429958e-01
4.786347583905820602e-01
8.364844833550871828e-01
6.897562581226968081e-01
8.058882765238920554e-01
8.277305652815638570e-01
7.058195501659886295e-01
6.190719618625311060e-01
7.082156079609067678e-01
7.183081530198094367e-01
7.398439470367482729e-01
7.407980964701710302e-01
6.931800137552980301e-01
6.574902481844261404e-01
7.656489022883020690e-01
8.340921364388989012e-01
7.700967927239074085e-01
3.847445895609039601e-01
7.618114388708312479e-01
8.187780007899162493e-01
8.078937578298168720e-01
7.720618609446685543e-01
8.637395897744014617e-01
4.743980028482298605e-01
6.625191916666742786e-01
5.488542139282183152e-01
6.973581912442181618e-01
6.255811135712500137e-01
6.624392254262226887e-01
6.585857913826221877e-01
5.525024500189700261e-01
5.481330250051893449e-01
5.854714177022244392e-01
5.437382493744041811e-01
2.710029245467942549e-01
6.660829017374397809e-01
5.356011160747364830e-01
7.197296280911753552e-01
6.772053390930169448e-01
5.491226808687337257e-01
5.190576943556449718e-01
7.004488581138051950e-01
4.937396827624149775e-01
6.115168419704164471e-01
6.552567058311147274e-01
6.900026391171503182e-01
7.436812434734998423e-01
5.583042186375475335e-01
7.629084115759132700e-01
8.132197829139553580e-01
3.457871272127820972e-01
6.793161848241521250e-01
7.541701375593147239e-01
4.570078995139156830e-01
4.864691483984471820e-01
7.360313002400212801e-01
7.019308379150623889e-01
7.478112620854473480e-01
7.225297310875421486e-01
6.358684097063669327e-01
7.626913078856193406e-01
7.057798179291562279e-01
7.072586920975123537e-01
5.891550883026751562e-01
3.329649901444998172e-01
2.052589414448210692e-01
4.819826573530422986e-01
5.064880100611233171e-01
5.248632268987911687e-01
8.841646858022716993e-01
6.521075457181045865e-01
6.169506243989705263e-01
6.897078926981972113e-01
6.486465611176148727e-01
6.450015873349380646e-01
6.137610494982902454e-01
6.226234315901288952e-01
6.994195342487766753e-01
6.882488959952969276e-01
1.288647477139693853e-01
7.667448875549740528e-01
7.876704072707400028e-01
7.379001035423914390e-01
5.817364833529486967e-01
6.162455048188026918e-01
6.156312305126990791e-01
6.483672718004003244e-01
2.115439194221972741e-01
8.009106718781713319e-01
