4.273383079219520986e-01
5.402170715305220083e-01
3.781566418715243683e-01
4.485804996522001487e-01
8.058157912312409188e-01
5.612863114955243260e-01
7.591079589804522465e-01
5.258065785147261195e-01
5.560483657972261629e-01
3.571004436074423083e-01
8.550878579337607421e-01
4.888743609152659264e-01
6.772256835166465816e-01
5.125696854436113670e-01
5.756627732177744816e-01
8.604578644455325165e-01
8.699683652541742029e-01
5.796260617054377340e-01
8.754612679231034145e-01
5.756456454205828299e-01
7.966428267988922007e-01
6.497499425365977910e-01
6.944242691150905866e-01
9.089618999408449751e-01
5.692516247752327230e-01
8.775228151422769240e-01
7.357575572082993842e-01
8.151643656339990773e-01
8.072269038499503280e-01
4.151439661321610353e-01
7.860974499930414305e-01
5.801414737591591431e-01
7.724377115354623680e-01
5.000000000000000000e-01
7.603719175406579156e-01
8.075453730516307660e-01
7.781042247426870340e-01
6.262738159695693252e-01
2.650268512808771626e-01
3.914004513420776266e-01
3.970613282824659862e-01
8.270181463945132094e-01
4.563257210602789105e-01
8.133579817293248304e-01
6.798772131079264813e-01
8.135902174885166760e-01
7.964171677746740841e-01
7.285742370465204676e-01
6.543341450571228402e-01
7.087533444213718337e-01
6.905833067810540626e-01
7.251048568046084553e-01
7.601293086379306008e-01
6.927710202758586844e-01
6.470110450491201037e-01
7.534378144702705837e-01
8.124772410514545795e-01
7.518179929628879821e-01
3.970415527999953675e-01
7.531708052389748387e-01
8.546300630288843347e-01
7.796697958322005295e-01
7.410831545199615400e-01
8.486730906785872053e-01
3.824209905124765774e-01
6.579429434480971173e-01
5.300983017056922764e-01
7.083582690564768081e-01
6.110808908527558536e-01
6.459758553606084197e-01
6.930641206716414704e-01
5.531505653739040573e-01
5.521056197779258268e-01
5.673074588982113253e-01
5.348193053973387956e-01
2.404467197132843237e-01
6.775699034166402512e-01
5.757153718777529017e-01
7.400345913132351239e-01
7.689594370501773302e-01
5.583572496581222788e-01
5.777968144268829098e-01
7.486618752288722867e-01
7.522944835287798115e-01
6.473263339848700504e-01
5.569513488723853989e-01
6.700548561878514331e-01
7.225814657489423309e-01
5.444259658728196616e-01
7.832824839688393714e-01
8.088779370158337700e-01
6.410029282851834598e-01
6.068888822965379237e-01
7.672728253527520970e-01
6.815525283977688087e-01
6.895566040046542389e-01
6.680979401731592660e-01
7.181372073324203686e-01
6.329259553534694049e-01
6.325680855910924549e-01
4.918456718358842350e-01
8.190203908156405976e-01
6.095254468521182911e-01
7.121424222576934193e-01
5.430403020741680908e-01
3.726820305522703936e-01
1.747147727795041738e-01
4.899151666983847520e-01
5.487683735534811813e-01
5.322140655746271376e-01
8.542361487186463931e-01
6.580188605956632797e-01
6.027188156961779120e-01
6.750330472296993678e-01
6.696356854815724846e-01
6.321040447109477212e-01
6.120637002109576841e-01
6.651758372166506339e-01
7.096361771102841498e-01
6.938562475020789710e-01
1.391480100838706768e-01
7.697093917074281366e-01
7.817002362794925885e-01
7.148377602299433864e-01
5.904016685646600315e-01
6.501430779002322913e-01
6.101698961736919946e-01
6.245029631147446247e-01
1.907358229969235985e-01
7.866926606417977696e-01
