7.154858878149018553e-01
6.542661504808920947e-01
5.984993860349537842e-01
7.153461702843286751e-01
7.127509641980137589e-01
7.349053735606169147e-01
7.558207765330204886e-01
6.956140020813241787e-01
7.508010188813742936e-01
5.320038724414163367e-01
7.772825278980625141e-01
6.745620746817430069e-01
5.895669769404553451e-01
6.384803847524566089e-01
7.529952186894187660e-01
7.247559991123220247e-01
7.944364247024700010e-01
5.902067752706324777e-01
9.223524776081121201e-01
5.822142507783426568e-01
7.550577941434697404e-01
7.327687343526932962e-01
7.821720378941596774e-01
8.316868110106387935e-01
8.405778152148517535e-01
7.370338696725416971e-01
7.501077966351292758e-01
8.206151121344755772e-01
8.106296588696242367e-01
3.849485241227146304e-01
7.781232096043760871e-01
5.486576448652127347e-01
7.601092911327141932e-01
6.286716629374663468e-01
7.471023691184410787e-01
7.694916663329341988e-01
7.457079660920816755e-01
6.914477566039207712e-01
2.761474024149557227e-01
3.813685359671053487e-01
3.760532792348035280e-01
8.171009131967378325e-01
4.554584337640977809e-01
8.349006183003542247e-01
6.672941618270801234e-01
8.005573169432280700e-01
8.322355222991013601e-01
6.947303822981401034e-01
6.491839923750837293e-01
7.252777287642857562e-01
7.067771699571220312e-01
7.325470673627094698e-01
7.979231890378620795e-01
7.067056688504533835e-01
6.539636494093038488e-01
7.482378695447180483e-01
8.030646541522187265e-01
7.358019679551163206e-01
4.658483970765815996e-01
7.732084789218002241e-01
8.156382187599147127e-01
7.775964212010292309e-01
7.287204963821103387e-01
8.566991504072705155e-01
4.303979477784542484e-01
6.937425857658264805e-01
5.000000000000000000e-01
7.063717120689466666e-01
6.322741712769257560e-01
7.409975520976211927e-01
6.594732206993597634e-01
6.151981279350161591e-01
5.128093663604472718e-01
6.734794763050404587e-01
4.445004112146749287e-01
2.098718360357070545e-01
6.477785917021221529e-01
5.811927969293744223e-01
7.611188421380796765e-01
7.230918814950635376e-01
5.796473026431516740e-01
5.745018449443933806e-01
7.503721797859085330e-01
6.928015059985054291e-01
6.462069749309612421e-01
5.724296414140140898e-01
6.818658869205350692e-01
7.901349104462755957e-01
5.410719881512187079e-01
7.682402520821945968e-01
8.277668271584689430e-01
2.856193008115811560e-01
6.338202243485872023e-01
7.613703787165997383e-01
4.221657364838850013e-01
4.430381141528363376e-01
7.479471353353077667e-01
6.637210940362383571e-01
7.894780695603548226e-01
7.290480268694589094e-01
6.347363237307632744e-01
7.988470922173285249e-01
7.225577151224553685e-01
7.087883625626627548e-01
6.028915379386560192e-01
1.552199340846669717e-01
1.383057506199222575e-01
3.947736003359734180e-01
5.221320830254501111e-01
5.085259516227790266e-01
8.905349606732464451e-01
7.300077541717916452e-01
5.949287254199476793e-01
7.283419557993419113e-01
6.453607222151624967e-01
6.252319224591301738e-01
5.825718513492582629e-01
6.216423586450823269e-01
6.920848345644798894e-01
6.889634670582550635e-01
1.303841027728264435e-01
7.732675988835818748e-01
7.791999025780179666e-01
7.284621572503328091e-01
5.753090683303717645e-01
6.365427962803087425e-01
5.997799498534015505e-01
6.658224834867174646e-01
1.773915770167947548e-01
7.902201470368971359e-01
