5.592532957868080051e-02
3.781540150537918699e-01
5.839689470122642057e-01
1.820134149513019106e-01
7.874316799815560541e-01
4.658057420276409122e-01
7.918281675908978023e-01
6.776022011598743511e-01
5.553631734441561996e-01
4.339812087294078191e-01
8.493077470445777877e-01
4.724605565016490316e-01
6.752137889024727446e-01
5.228883378963546935e-01
5.505550764759216120e-01
8.138857836787247724e-01
8.034386839343733433e-01
6.267183868332119046e-01
8.207324619109473973e-01
6.144116730399539206e-01
7.584294432900542393e-01
7.381088611219351892e-01
7.802010240405379271e-01
7.666167868285119757e-01
4.464338974873129362e-01
7.916326015318413400e-01
7.080561778936214079e-01
7.815555809594584291e-01
8.297131171478938638e-01
3.504629489611100768e-01
7.767475179335610047e-01
5.683586540665892528e-01
7.972508996772064149e-01
6.124416502034587539e-01
7.513860434602697147e-01
7.861170256932074052e-01
7.511067936344085760e-01
6.377836280756482568e-01
4.758844769503553507e-01
4.180307057443384267e-01
3.568369456634151726e-01
8.407006334019397897e-01
4.077558931373418960e-01
8.151777855877476719e-01
6.499839975960028937e-01
8.094228065814652595e-01
8.074731431337547338e-01
7.171597124153786806e-01
6.944585061782531099e-01
7.351257078209569862e-01
6.685195208172565184e-01
7.242574130771194385e-01
8.076080978861595039e-01
7.408034184846260528e-01
6.667934244921301934e-01
7.308891048432891724e-01
7.913805321856296482e-01
7.520993637748046856e-01
5.288077894471452378e-01
7.626081930164378964e-01
8.362190081057926383e-01
7.604557067969993644e-01
7.247982582738077273e-01
8.450027890058061653e-01
3.694693788332917284e-01
6.906127717634235053e-01
4.886026442745141085e-01
7.272266917322115498e-01
6.116069937184933636e-01
7.130806878144589911e-01
7.032337860882240665e-01
6.027581869224005739e-01
5.075982127791419662e-01
6.504313553116803925e-01
4.258487779764655867e-01
1.941327872418330269e-01
6.370685034477956421e-01
6.321191942170998335e-01
7.281707870802189841e-01
7.766185599137223061e-01
5.316959097642872667e-01
5.705063095204178092e-01
7.474874003986260451e-01
7.535224914283138453e-01
6.555080460708883061e-01
5.340320297717972009e-01
6.537032620233906854e-01
7.303229763872320923e-01
5.381651251668918556e-01
7.678501900230287891e-01
8.201815140971412399e-01
2.703671354622099732e-01
6.733886997275028152e-01
7.325694444617150136e-01
4.176445859187739029e-01
3.848955854363613205e-01
7.528411119233077153e-01
6.767849411764322864e-01
7.687500550856724013e-01
7.209967622548304478e-01
6.171946764673579278e-01
7.958275466370833273e-01
7.432118012329514967e-01
6.786408597370213736e-01
5.801639005842296193e-01
3.218185580096478149e-01
1.515844183399205347e-01
4.434382869332763599e-01
5.776326152282797999e-01
5.321561418364971763e-01
8.646244506392494200e-01
7.288155998364137522e-01
5.735971021164530947e-01
7.103944267938682167e-01
6.832108684153803679e-01
6.245561754667093846e-01
5.835002773976003532e-01
6.635352431052441435e-01
7.154713341901802748e-01
6.899534757774441474e-01
1.497278803874864117e-01
7.619563916264878722e-01
7.851557036197371886e-01
7.181269326237196271e-01
5.890101516739945087e-01
6.719756867955860580e-01
6.033686084204481492e-01
6.479138357808494897e-01
1.544950708842162956e-01
7.809853570461486871e-01
