7.139016952076003841e-01
5.820478446592481925e-01
4.512866652654848876e-01
6.833444492950261351e-01
6.206387705967860713e-01
6.707781994587694863e-01
7.810501502354644243e-01
5.203546077596897801e-01
7.251205598413952291e-01
6.641884233162582696e-01
7.222177791085608867e-01
5.992853287110231353e-01
5.135961486847060442e-01
5.901818064761267246e-01
6.485582131986243892e-01
6.675814501200008078e-01
4.783894346075289183e-01
5.934724813454869130e-01
8.607213653777792128e-01
6.533793484683243502e-01
7.766096051026675218e-01
7.300474895642079520e-01
8.047182141585950133e-01
7.798158769758855025e-01
7.061781309723355049e-01
7.395282064174807379e-01
6.689433756390105179e-01
7.272163034590889419e-01
6.866995409486726931e-01
6.143008481347448368e-01
6.987242678124958584e-01
6.056131347213210558e-01
6.520359882627042580e-01
5.868622139116153047e-01
6.621552393928952229e-01
6.948358423221663305e-01
6.737007899656449750e-01
6.035812323133332713e-01
5.000000000000000000e-01
4.012811765042987311e-01
7.019963562509364818e-01
6.506811651059036805e-01
6.583958948056117810e-01
7.610119383270663729e-01
7.194593634107968594e-01
6.819601564952939565e-01
7.421132059696992078e-01
6.686577723617299629e-01
5.317313864483003139e-01
6.121437728493619446e-01
7.312748646112798845e-01
7.036646390684510033e-01
5.438420380024682199e-01
6.152238319076915873e-01
6.047660502111633640e-01
7.805781417419360713e-01
7.648193913583183345e-01
6.803114931989470149e-01
2.287739573443362540e-01
6.479622902968124043e-01
5.734573565477273371e-01
7.142154648658802785e-01
7.091651273399534050e-01
7.724715406338332757e-01
6.904329067967630573e-01
6.686379736356400372e-01
6.687559095966522094e-01
6.693493741486882254e-01
6.683861500928842680e-01
6.687559096059584318e-01
6.687386773430685771e-01
6.687559097664834695e-01
6.687559180920645829e-01
6.687559095844152202e-01
6.688309535993989252e-01
6.687770051538363125e-01
6.687559095493340600e-01
6.687558857497989395e-01
7.119924436870654905e-01
6.194307657931774624e-01
5.883740351895851983e-01
5.890779192904117556e-01
6.641095310204864210e-01
5.896997459403394704e-01
6.725326340830845018e-01
7.088465870968707616e-01
6.932670441026876906e-01
6.999591616981206688e-01
6.685153957886151854e-01
7.165260486196994849e-01
7.163557286932327184e-01
6.566643835344387892e-01
6.464618798790287002e-01
6.647723528120705883e-01
6.625006131994102265e-01
6.745985090123356454e-01
6.660704100430444585e-01
6.721022180934096424e-01
6.487825815765958515e-01
6.558387975575213913e-01
6.605825367107881485e-01
6.576512667654448308e-01
6.479344840247094339e-01
6.746541700777956008e-01
7.876588929326959754e-01
7.558488192901212654e-01
8.105211831755964047e-01
7.484494648982528142e-01
7.362673715940225572e-01
8.018986771417598858e-01
9.103059300710203416e-01
7.633405174965137707e-01
7.839246409513366265e-01
8.287361608702471516e-01
8.547334924181206883e-01
8.794054594252557200e-01
8.847859973169033276e-01
6.330526446928572692e-01
6.471533682103599583e-01
6.805677521465433033e-01
5.213195437726967363e-01
6.850674522846544878e-01
6.785051153532797308e-01
6.804817532243450096e-01
6.195472785233343549e-01
6.337837587996282274e-01
6.644238473505027498e-01
6.486360163515101362e-01
6.241243280437319685e-01
6.845710715246050571e-01
