8.339822763722554155e-01
6.655758605003883055e-01
6.436504891027789999e-01
8.493532256637754685e-01
7.284079717696224643e-01
7.084024141435539823e-01
8.252672468965128738e-01
5.627741754505699578e-01
7.373462021378429654e-01
7.711566777470164613e-01
8.008278196196614296e-01
7.968701727655848055e-01
5.808084711795438171e-01
6.695717026245572301e-01
7.233440413199687669e-01
6.966348635921133514e-01
7.110678024675987086e-01
6.324182477171578221e-01
6.963033107992034898e-01
6.927005642287817899e-01
6.951959699970705620e-01
6.961091373669792137e-01
6.883342723652932094e-01
6.921847195357475613e-01
6.170700692433520596e-01
7.093211939112927800e-01
7.427327050631022942e-01
8.296223080100710856e-01
7.700295515073950492e-01
7.780869774100885872e-01
8.109761531303846249e-01
7.226501608421055378e-01
7.655123925377380623e-01
3.958083497986975008e-01
7.912593159730813008e-01
8.080041997146478749e-01
7.575741647886073959e-01
5.921176121577357288e-01
4.682852353043442939e-01
7.583518304150983491e-01
8.990288710237618330e-01
7.583499680616040406e-01
7.494905292935589713e-01
7.582367450420418598e-01
7.583205668811090483e-01
7.588904344281915959e-01
8.109629287924937646e-01
9.999961724407165908e-01
7.583518306325058855e-01
7.490333310094167141e-01
6.476846228145446416e-01
4.730177275641605505e-01
6.494809441148934326e-01
6.176698421643388448e-01
6.157749176636394539e-01
7.340269889252230007e-01
6.908511774187745536e-01
7.044208296884655329e-01
4.114952689427778809e-01
6.051657195157057467e-01
7.241180757474985352e-01
6.896114600347750256e-01
7.151034380839674798e-01
6.626223422943877672e-01
5.995193631182025307e-01
6.556116276011546562e-01
6.562106719768325824e-01
6.794703815717474393e-01
6.718018942935651827e-01
6.663515017242995775e-01
6.980997132531130411e-01
6.889086332426274106e-01
6.396981870423671390e-01
6.696099411357210318e-01
6.569111787803305624e-01
6.933217716387781726e-01
6.439607550735656494e-01
6.491197847988229297e-01
7.601054179630410967e-01
7.248280665930817435e-01
7.071120509431857437e-01
7.527431601710784514e-01
7.703054581464663375e-01
7.921776539749139090e-01
7.745569227979269833e-01
7.674874585033673036e-01
7.297635330209133464e-01
7.250220141609734492e-01
7.881948281057752359e-01
7.841180009612165325e-01
7.730595600035512494e-01
6.988671394925562996e-01
6.844908769902018353e-01
6.699730131350415396e-01
6.692711646547232496e-01
6.875822492038290434e-01
7.071255634952099411e-01
6.297432518500027943e-01
6.942096912882876891e-01
6.786799724312505555e-01
6.839963573854264123e-01
6.523754472211849009e-01
6.780510983462139096e-01
7.027079629730544896e-01
6.544985661821817180e-01
6.357925605476199005e-01
6.692980542644018094e-01
6.535682270993613541e-01
6.660030905182913186e-01
6.464187560296467128e-01
6.206075927864764807e-01
6.592814362955330409e-01
6.027439979626643130e-01
6.894150746261301643e-01
6.571221234620540086e-01
6.329978266422422450e-01
6.445609574971317146e-01
6.543348823575917406e-01
6.497172467115824857e-01
6.906476497969866735e-01
6.496180412054702868e-01
6.516499104159781952e-01
6.507906696586205353e-01
6.693783631206075002e-01
6.696503751781157643e-01
6.536240949809487555e-01
6.647910258120979243e-01
6.738393663762888286e-01
6.465212452200970183e-01
