6.606220982870902869e-01
6.454526105508835432e-01
5.607496858012332996e-01
6.504535917409717261e-01
6.577604372751764128e-01
6.888299879315131768e-01
7.257967120304278374e-01
6.772419911901086387e-01
7.196625123382528466e-01
6.644143914655545879e-01
6.869136903113707282e-01
5.628993465601949131e-01
6.051884108265912499e-01
6.605827272538534745e-01
5.973501439479049768e-01
6.749121970475119303e-01
6.604958666986694427e-01
7.529541854528843947e-01
8.070879728091840954e-01
6.481487927049056630e-01
7.665320370151174068e-01
7.456230423465365353e-01
7.829955408598620048e-01
7.477237234026373747e-01
6.930111363698661098e-01
7.312241720863964511e-01
7.551588091381836731e-01
8.868745481016279131e-01
7.812571172561370014e-01
4.867468113321348766e-01
8.180174254644521081e-01
5.604501933754464371e-01
7.274917770176442255e-01
6.851120306198099641e-01
7.236667010687823920e-01
7.819918941579923066e-01
7.817191136474184177e-01
7.591735346826883335e-01
5.083846823616549049e-01
3.984070716386270417e-01
6.323313712647434803e-01
5.524659021288418348e-01
7.298656742573798040e-01
8.013749175134613489e-01
7.597462344698501235e-01
6.714693584573325769e-01
7.624602035596681482e-01
6.235538337858413938e-01
4.645591450443747328e-01
6.381735887987984857e-01
8.209042831363533299e-01
7.338601118728302897e-01
5.427327290137671234e-01
6.792738010067671528e-01
6.107484243743258601e-01
7.720857343528795269e-01
7.130642450126380982e-01
6.393630108997502282e-01
3.500538305151620344e-01
7.351404073813367912e-01
6.656334142710513824e-01
6.784062734290603469e-01
7.481348864693507794e-01
7.247105060348210115e-01
3.967942184623908797e-01
5.718609001140547710e-01
6.759456100142405832e-01
6.779782338546961329e-01
5.746458182879317089e-01
6.806727417497024923e-01
6.830802001224011155e-01
7.145405261180000078e-01
5.558409680133314934e-01
7.009809100248226565e-01
6.294698270351513081e-01
6.090785093474212486e-01
6.306025369526272462e-01
7.082091698579515704e-01
6.835254742185020715e-01
7.444353083221547651e-01
7.114509566404936258e-01
5.000000000000000000e-01
6.607030421694377598e-01
5.932912144416365718e-01
7.344723957521867019e-01
6.886953386782317388e-01
6.793786269403919720e-01
6.290601921323654144e-01
6.576574234889736026e-01
7.008139027000747090e-01
6.978371981725208784e-01
7.503008850611562197e-01
5.350338886980994246e-01
7.239906254036174715e-01
5.769305597279220654e-01
7.100431956931861910e-01
7.643511631511129556e-01
6.420728805402576844e-01
7.312293886999072789e-01
6.560349522123524180e-01
6.778351972806568870e-01
6.715197120029960942e-01
7.096235552522185408e-01
6.646261006632584456e-01
6.256208279568243880e-01
7.239053540402281550e-01
6.556768976783676761e-01
7.891378911078488212e-01
5.135674627613964205e-01
5.911726566211266132e-01
7.470480306007645233e-01
6.011381507794641976e-01
7.343908192092692966e-01
6.764877960508337562e-01
4.485222814621393495e-01
6.896535881064953522e-01
6.515092206226286153e-01
6.403828491495356934e-01
7.317301584082895882e-01
3.944914001620101196e-01
7.607504069026820304e-01
7.221898634053917077e-01
7.045204571634933188e-01
6.146661263788646412e-01
6.384724392243845692e-01
6.948014455697822944e-01
6.344241770266005886e-01
5.582529048071820377e-01
7.107282495433155933e-01
