1.190170961339854089e-01
1.034733207872945010e-01
3.578125972399139737e-02
4.776080140897260851e-01
4.803861640573260650e-02
9.005407317631788922e-02
3.829931424649746785e-01
4.093044441092304475e-01
1.005458652615393994e-01
7.659823790860040282e-02
6.796707776712762605e-02
8.681023181769044472e-02
3.415917812207335813e-01
2.539435971736501707e-01
7.453880183933914161e-02
1.581623264538332685e-01
5.521781456747656275e-02
4.342378417946924501e-02
9.875719488435598381e-02
4.319264036779003890e-02
7.809523471863867583e-02
1.248953176791725017e-01
2.855344737385011045e-01
8.971860184094712642e-02
7.272588738218321858e-02
9.474502701168674434e-02
5.774280321380875769e-02
5.418144726436295577e-02
1.019562173444565067e-01
3.193589042574054848e-01
9.692078730746113424e-02
1.500170828133104706e-01
7.546090289622628400e-02
1.732902319424097226e-01
1.929356259779300420e-01
1.201407416733676070e-01
3.019260535447023108e-01
1.023845928518104104e-01
2.142495045569688950e-01
1.387564343568878089e-01
7.321658198991954913e-01
1.022844993172953298e-01
8.911402935829156047e-02
6.003751971393674058e-02
5.990875842028715870e-02
2.980582467960231005e-02
3.917815486849798162e-02
6.304441353669258674e-02
1.908254424515257175e-01
7.691236137886785229e-02
1.777238032904221166e-01
1.270863394542328384e-01
1.049915259214908997e-01
7.332217255058547101e-02
1.509194353362171559e-01
1.311815687250783291e-01
4.306176422404041360e-02
7.294796618863524928e-02
2.980582467960231005e-02
9.564349980939265694e-02
7.614940126386764152e-02
7.184828827344215407e-02
1.064625038735765444e-01
7.322323985775346100e-02
6.214358234449465779e-02
1.350014629130674992e-01
5.151208107271457171e-02
6.447492418591080354e-02
5.112412645550613172e-02
1.142849797595373168e-01
1.834798171988198112e-01
1.197136790834788661e-01
7.182662438145956951e-01
4.327789495284698612e-02
9.234228964092551228e-01
4.868091428989499980e-01
7.572390935371969833e-02
1.319768561166014265e-01
7.637628072315148786e-02
5.775744743799717668e-02
6.618337329832127414e-02
3.322167201487486454e-01
7.297230243586529108e-02
6.870684157121420554e-02
3.326065356407318374e-01
8.655960631223154345e-02
7.342047049083459676e-02
3.808987809608285202e-01
2.869682762800712106e-01
1.207963346167795909e-01
6.715477790354895671e-02
3.632520836912395135e-02
1.834542646218985107e-01
9.111358452072568226e-02
6.870684157121420554e-02
8.813743804819991479e-02
6.731751153710374691e-02
1.041729267987655666e-01
1.307652754997999378e-01
2.340699103295857952e-01
1.739489519556258190e-01
6.883506855137799807e-02
6.731751153710374691e-02
1.024503435307818483e-01
1.489649405400530480e-01
6.870684157121420554e-02
4.301361135137542202e-02
5.334685839138853664e-02
7.190136055588772224e-02
8.146383983107179094e-02
6.870684157121420554e-02
1.195060599778798721e-01
6.653069649529697038e-02
3.051997887231376258e-02
9.067615322387295729e-02
1.394460920749300004e-01
6.068496150346716633e-02
7.271456101050144394e-02
1.684394090929459131e-01
1.193953559294216316e-01
7.453175716768541126e-02
1.012353551323375567e-01
1.300900877076991702e-01
9.174426738274706061e-02
7.092142302296627898e-02
1.269046024641525827e-01
1.632054072481337603e-01
6.744312899042322063e-02
9.959940545695247782e-02
6.056856386541986659e-02
6.105226488616356806e-02
3.794544459045354201e-02
2.177882908216517421e-01
1.209781224032770858e-01
7.492411143855762234e-02
1.573482813535901359e-01
4.999121680447746879e-02
4.638835343641405096e-02
6.539514522575960720e-02
8.898318236224359024e-02
9.551001072329970421e-02
2.116857603845373192e-01
8.656343681824199554e-02
1.717908602810971075e-01
6.006855669618236387e-02
5.305662539751354601e-02
1.195309037559136450e-01
1.004846326587099797e-01
5.382216326282394936e-02
6.554403741935636851e-02
3.152034521142671464e-02
8.976860653787820110e-02
5.056490865861998363e-02
9.520677498428556373e-02
4.676293799058605510e-02
1.385963834578634035e-01
5.209488162045460696e-02
2.836806076075118477e-01
6.062891506303808714e-02
2.151699426022291861e-01
1.166796303373450472e-01
1.426696007147252310e-01
7.421832476606769757e-02
6.888127942290987737e-02
8.487301985594149223e-02
1.467313135889590503e-01
5.591316010410883608e-02
9.817417378513926263e-02
6.888127942290987737e-02
1.279246213257880238e-01
5.845234034528553613e-01
1.401049462585692851e-01
1.059335148726459619e-01
1.328038603033005194e-01
7.058968603167756206e-02
6.086026689521233796e-02
8.265868701174516886e-02
8.989524987573511983e-02
2.292993914538293820e-02
9.357683543209009691e-02
6.888127942290987737e-02
7.986292447909848491e-02
8.282072906512757959e-02
7.542259224756510394e-02
6.738492123952979918e-02
8.525313177128561459e-02
1.730861363178227696e-01
8.095167698770165676e-02
3.481838697840147212e-01
4.740475926871381279e-02
6.603796608323396489e-02
8.663267423671358602e-02
1.413192103514780973e-01
8.663267423671358602e-02
1.322894478816711572e-01
4.313949543649931440e-01
2.061016706108006746e-01
1.132890730600160517e-01
7.739291285033923773e-02
5.364858787450362682e-02
6.063057448071272615e-02
5.958198875910007686e-02
1.794357255419412600e-01
3.343462597583993223e-01
2.485541995047854946e-01
1.202009778218121328e-01
1.008336945187071620e-01
5.158729951176249662e-02
1.762921076469909087e-01
7.206223863608628155e-02
1.018186745230875573e-01
4.083189905102156680e-02
6.512208306026731619e-02
9.208405445026358882e-02
5.029734343890771703e-02
5.369000469339478554e-02
6.006005152728556562e-02
9.333580756153514457e-02
9.004398153045890807e-02
1.881679173298471397e-01
7.712111428201101626e-02
1.039157086872219971e-01
6.006070047525555178e-02
7.804266175185860244e-02
6.677412234845909733e-01
6.546226047619319033e-02
6.105252527277598568e-02
1.285648112906063456e-01
1.741804198308809504e-01
9.754796959547486213e-02
6.806897655270277570e-02
4.462069231498227984e-02
1.377521796691074385e-01
2.348571599871868976e-01
5.068765958802168986e-02
1.591208741664673909e-01
4.630253689130616607e-02
2.163971656498641094e-01
1.012403361648121364e-01
6.757820836175837398e-02
5.652124032954677912e-02
1.259058122976324523e-01
3.837335455304002885e-02
3.712021390212185690e-01
1.199425335487191713e-01
1.972853886696710191e-01
5.297428163111617128e-01
9.020303567253219745e-02
3.965345811778503426e-02
1.893484887507703718e-01
5.834567480145370216e-02
1.025158323520173193e-01
7.059889603237534672e-02
6.611395857201921022e-02
1.392451453444163156e-01
1.076566557826562354e-01
6.716757955167472482e-02
4.132293363313691015e-01
2.321853858917869995e-01
1.611737648798115541e-01
1.472289417505893115e-02
5.842494243409365046e-02
6.137219132163960339e-02
2.568467745285719223e-02
8.224027179832493761e-02
1.702497274461882426e-01
1.818890706716008027e-02
2.070023058848708894e-02
5.413342031765148304e-02
1.134322137946998516e-01
1.408433536736712066e-01
7.607083278031753770e-02
4.118157525690954029e-02
5.842494243409365046e-02
1.488395402737276441e-01
5.000000000000000000e-01
1.263008069789640919e-01
7.191968378863911049e-02
2.262101595111202512e-01
3.174348531251174749e-02
1.038443962602732806e-01
3.905999332765879850e-01
1.936331934419086021e-01
8.826582883752502606e-02
9.792645763946462856e-02
1.152403852414334712e-01
1.204684070369751031e-01
9.817835350947583251e-02
9.473420788292401251e-02
1.367731825070094831e-01
4.688447623564261091e-02
7.699391070761743561e-02
1.428666036372973069e-01
2.727737278072943639e-01
8.758956902012417223e-02
5.725904585526796209e-02
1.057734656397583961e-01
6.178313997035559529e-02
1.785553703918128787e-01
1.115019202753580047e-01
6.274077307518285962e-02
9.541572822274380083e-02
8.881191464052154427e-02
1.216523304744227540e-01
4.135975968770946865e-01
7.366003484365271636e-02
2.532173320791980542e-01
1.387275436278038732e-01
6.178313997035559529e-02
2.835637890678408546e-01
9.199133249958425795e-02
9.591552022204644090e-02
1.430208942377879655e-01
1.769284204634934410e-01
7.338449110884590065e-02
7.835854691391419546e-02
9.811990794913548475e-02
8.753967040133751876e-02
9.495206989116282414e-02
1.157263618175968373e-01
7.232718553842157339e-02
2.688485089442627651e-01
7.588953136414339218e-02
1.093359618462833721e-01
5.024872688650688923e-02
4.871902556494506903e-02
6.620436133598783801e-02
1.032432157560789487e-01
6.724431437178934878e-02
6.459851732313402761e-02
7.277226901695170447e-02
6.069265300552238035e-02
6.593149653424716650e-02
5.000523889028810759e-02
9.584536894873622870e-02
8.569107849867498017e-02
4.406184237446526819e-02
8.665999679266675471e-02
1.670372520554561091e-01
8.315627061736455272e-02
7.605077384024776233e-02
7.511249164356946506e-02
4.362811815337839794e-01
8.079227117210857623e-01
7.745359216695965610e-02
3.651199952224608997e-02
6.008485992421602057e-02
3.893198441587407688e-01
7.369495737503023447e-02
9.250356323499549227e-02
8.696575279670075431e-02
1.482502961133651265e-01
9.196935465633754303e-02
1.270581219691340469e-01
1.458575842588943350e-01
7.245701619918855363e-02
8.012990223003500778e-02
1.090985202534358600e-01
6.563770631062788852e-02
1.494491135272252302e-01
1.302057063868610753e-01
1.475966372016438155e-01
5.851342104125175497e-02
7.635925499388604432e-02
5.210211358324821213e-02
3.069149374508216011e-01
1.420357809583633613e-01
8.153708352969667172e-02
7.455508671303057167e-02
3.684152560641097002e-02
8.239155515006557629e-02
6.396890019529365146e-02
2.747921768899480588e-01
9.683452937229733437e-02
6.956033121878474335e-02
8.408139154589890085e-02
2.186787981512766932e-01
3.672127055920658412e-02
3.662190421927948025e-02
5.969004245229794087e-02
6.695582815654032016e-01
5.890993391753331782e-02
5.635433460296343511e-02
1.206786222366103556e-01
7.901294038070716397e-02
1.581937365660174288e-01
6.145022723717016855e-02
9.279265234050453059e-02
6.581613731585179983e-02
1.204004660622013667e-01
3.961970728624592680e-02
9.494615609969446479e-02
6.007308534466181127e-02
7.013528564188917236e-02
6.983017135407378062e-02
1.178131563142568450e-01
9.151366302253086116e-02
7.873803570823414977e-02
