8.405010195055100108e-02
1.260860846098560695e-01
2.704832687121259613e-02
2.701672836571767933e-01
4.155222348782522390e-02
2.411707050166803090e-02
2.381825298502797672e-01
2.872162912238914179e-01
8.280358385488896522e-02
8.696476575951615773e-02
1.232617453923710721e-01
1.019567321907096369e-01
3.327680763806397102e-01
1.180372191160532769e-01
1.441319046869917186e-01
9.023000230166450253e-02
9.267072532592129930e-02
3.229993763211297386e-02
1.515143339721630733e-01
2.704832687121259613e-02
5.561875137189838808e-02
4.405743839673227635e-02
1.533229671848005959e-01
2.768924921234318035e-02
8.732714054815270133e-02
1.122149954043240444e-01
4.097683140767137411e-02
1.934611237722258514e-02
8.206194898313726172e-02
4.330804098686327208e-01
7.983603514772001641e-02
1.267712270124955187e-01
4.131699795951139509e-02
1.038672610852061362e-01
1.510407552484302751e-01
9.401050566927540708e-02
1.040708075282783251e-01
8.820605054501427789e-02
5.122142501350906985e-01
4.321771860998866593e-02
5.730076839123378063e-01
3.054049547356852898e-02
9.810684821518887710e-02
7.709512072250308823e-02
7.480981701553042484e-02
6.340763865770190910e-02
7.266938038612068274e-02
1.897651032172782415e-01
7.725519520995489942e-02
9.740000527945009978e-02
1.912128345006806618e-01
6.123192752833153674e-02
7.478015887459349420e-02
4.580156415982587076e-02
1.274151953517511648e-01
8.370966059679259275e-02
4.744780708796653146e-02
1.319741420205860216e-01
6.336522441310318832e-02
9.143674343960826734e-02
1.019401449208473670e-01
9.148589790398457822e-02
7.040566221230711019e-02
1.142650747518074578e-01
3.655304631109393410e-02
9.204135942795653447e-02
7.193683180700506663e-02
9.810378531464253316e-02
6.336522441310318832e-02
8.156390834871682372e-02
6.941633712808734091e-02
1.804153433857959288e-01
7.221555217002404436e-01
9.612944072356816028e-02
3.275008391083772397e-01
6.467833662297077790e-01
2.872945926093387059e-02
5.470862211911069195e-02
7.180620351152390557e-02
1.214022027224325173e-01
5.508881819386231282e-02
5.949765747572199892e-01
4.390504734282357768e-02
4.006792855301546941e-02
8.109137799304521055e-01
5.054732912274906981e-02
3.545237274235076702e-02
4.756031161321193079e-01
4.064860351698884600e-01
8.032337840838214837e-02
6.620073682321073183e-02
3.026183510434139398e-02
7.679142993287407792e-02
1.461050103278422885e-01
4.947115013266924211e-02
2.064264438027127446e-01
4.928818736977409048e-02
3.260792429171130435e-02
5.212131865894393395e-02
3.783270864460860916e-01
1.211456801991816351e-01
5.681180455035838434e-02
4.928818736977409048e-02
6.155570675184651036e-02
9.354714233533667489e-02
4.947115013266924211e-02
5.333868016822963104e-02
7.430621361942270353e-02
4.594463756099892437e-02
4.205932873170905445e-02
4.947115013266924211e-02
1.374370063035260103e-01
4.078999761619923198e-02
8.880967733319503066e-02
1.270464655687400801e-01
1.158199034898994423e-01
4.654904445365714433e-02
5.790430024274401816e-02
2.847159250792011265e-01
1.436105704529271332e-01
7.147244081715534159e-02
1.000372883484946657e-01
8.887936461659798337e-02
1.029876894828084116e-01
1.332291213576136668e-01
1.656440499202220806e-01
8.952494085641732324e-02
8.193604193750958498e-02
6.481557263225509735e-02
9.690100741413373853e-02
9.690100741413373853e-02
7.623081951450277893e-02
2.068313279982876840e-01
9.505062417457112167e-02
6.067248277563869197e-02
1.402389399951997906e-01
7.171305920195962524e-02
3.777664214378161078e-02
2.815354235991725240e-02
6.044596777411088973e-02
1.122921791418293319e-01
1.441117432321409042e-01
8.242940893782764455e-02
2.820288230384037087e-01
6.699689620402744794e-02
7.430687145122119586e-02
1.364577307241493787e-01
1.621286808022355808e-01
9.437023473034561460e-02
7.604028795049989908e-02
7.191742713723943414e-02
9.011832342627792980e-02
7.450118057574972585e-02
2.534404967393535935e-01
4.729633231398572973e-02
1.561224730147348638e-01
5.486604484995479675e-02
3.397313534301300564e-01
7.593769211183865053e-02
1.808869577991765731e-01
6.556285051701503386e-02
2.883323741606477197e-01
1.069633435135644434e-01
9.411656817746201498e-02
1.343602357412024828e-01
7.747428790281370159e-02
9.137107212401590628e-02
9.710360227915929010e-02
9.411656817746201498e-02
1.494434846006267303e-01
5.198055535411839623e-01
2.048817462821668767e-01
1.275938490536509817e-01
1.457136090893240421e-01
1.613307670129264515e-01
7.751245955764762829e-02
5.748329140886294930e-02
1.273769087625462038e-01
6.302718757246279779e-02
1.574518405324001891e-01
9.409719575839579908e-02
1.026818796494171765e-01
6.959502065633949019e-02
1.089762088574793841e-01
5.151161142228709994e-02
1.507849203313168240e-01
1.185112743490612797e-01
9.864451744643311371e-02
1.896664581171026431e-01
7.008792598067158097e-02
7.606914827886913921e-02
1.081756997286640598e-01
2.150132005219677067e-01
1.081756997286640598e-01
1.308871882287594435e-01
4.004796846431371571e-01
1.080441381937253670e-01
1.228026443903258852e-01
9.794702816744416118e-02
1.058681671972880600e-01
1.146463339416674831e-01
5.869133593960296214e-02
2.298242188552848397e-01
1.982652894127451271e-01
3.898799286969102385e-01
8.553925909233607572e-02
5.310755703719079179e-02
6.190174754050114386e-02
2.136739442247760634e-02
5.805249076538289421e-02
3.583962526828828876e-01
3.336876796532045608e-02
6.031631233533871900e-02
7.317404243310579592e-02
8.113221459683632453e-02
5.283227212261889377e-02
6.498076741416870805e-02
7.941404873420636334e-02
1.046536915859393041e-01
7.141339150479004971e-02
6.601606075159505149e-02
6.601606075159505149e-02
3.461880398187253127e-02
6.601705039846066103e-02
7.848876715371504442e-01
6.501620440433208969e-02
5.829272491145574830e-02
8.496945527104472762e-02
7.415995075831954830e-02
1.117818548862435646e-01
8.671025191685745315e-02
5.566645569134704569e-02
5.968765200531409715e-02
1.233252562708886113e-01
5.532925982066795589e-02
6.629997125788490708e-02
4.357311786006944077e-02
1.471009170597102345e-01
5.531212552702667595e-02
7.035448405330888000e-02
6.169720767000706763e-02
8.278307270073369251e-02
4.180745236558185834e-02
7.133032693351102349e-01
6.187592450425399154e-02
1.771966824899820214e-01
5.979000781990385649e-01
2.794043953029377858e-02
1.696762159495132302e-02
9.661394454666240306e-02
4.797653422068381968e-02
6.270292467958021865e-02
4.175314529167838129e-02
3.310649439590281767e-02
6.033291384552060682e-02
4.079276147907907185e-02
1.925067977954695309e-01
3.121798807242726626e-01
4.102544760181319194e-01
1.069418065309863525e-01
6.253680979769864201e-02
4.797653422068381968e-02
6.828707505155431901e-02
2.188539520664056770e-02
8.703486020934185496e-02
1.432715672467304857e-01
5.865476045555084728e-02
3.098471778775983149e-02
6.575167346361239507e-02
1.962773027890023780e-01
7.556249565029278525e-02
1.470737603870065358e-01
2.665129593055918372e-02
4.797653422068381968e-02
2.386386014987239290e-01
5.325987684006028289e-01
1.230186930143155194e-01
9.085703015907747870e-02
1.920254919425821161e-01
2.678357562737970418e-02
8.020420695923745347e-02
3.330227003765802163e-01
2.182378348134508261e-01
9.810279988095099712e-02
5.125656606469826404e-02
1.942731347324578584e-01
7.424433525005665058e-02
5.607872626150450790e-02
9.441303485902879933e-02
2.707207262084127541e-01
2.908434988442245780e-02
5.051513820130821425e-02
1.072413474010065898e-01
1.292532280661682076e-01
1.477868520956276133e-01
5.952364469518689472e-02
2.522152115990264343e-01
3.539050616305148417e-02
1.499510532152983910e-01
4.316440802200365717e-02
5.378244267056501299e-02
5.959608305750917212e-02
9.249067285115342152e-02
9.681291757287852073e-02
3.493150079519634632e-01
5.790460053772768928e-02
3.727496012388501478e-01
4.104797730022992086e-01
2.079493660548462422e-02
6.519031412453535346e-01
6.865767204194335449e-02
4.962321492240318044e-02
2.741237103127889263e-01
2.836074354550893184e-01
9.982748669957999810e-02
2.266107730635849929e-02
1.769885530609327517e-01
4.606593809938380052e-02
6.393005361840556344e-02
9.608089788963605771e-02
5.306136402941589308e-02
3.040246187345475026e-01
6.554455176556454876e-02
5.312462986780479984e-02
3.273982538294268468e-02
9.204086876247669080e-02
6.334135239889063240e-02
7.796837761925271004e-02
5.416996893322723050e-02
6.418277686363353662e-02
1.259892050806428743e-01
6.269043649937498797e-02
1.465325391525240384e-01
5.993199672068633133e-02
6.018678104673164109e-02
5.614466896396985013e-02
2.861209548201770411e-02
8.983378596851003539e-02
3.049229556741140934e-01
8.900728114885418651e-02
4.428548347293587151e-02
6.994098109935449614e-02
2.909123585096135001e-01
4.090199834069985219e-01
1.989361053116765476e-01
3.083951572492423313e-02
5.478036106606075373e-02
2.992244382688759030e-01
6.421668884891224005e-02
2.351222285582393878e-01
6.421668884891224005e-02
1.328512678848202677e-01
5.900365889206152931e-02
5.236307480483876065e-02
1.060505848624372638e-01
8.165869590767758923e-02
1.129418672543742036e-01
1.064894914072990612e-01
2.109488602692697612e-01
1.225333775110542395e-01
9.764416291717556429e-02
1.583746313307104747e-01
7.598987558298611611e-02
6.914985344534467504e-02
6.564179757056957942e-02
2.311995276537817390e-01
1.390002915273836903e-01
5.795801322008734685e-02
7.584902393812628651e-02
3.063257406462816662e-02
7.326837478970611717e-02
7.226060450090449061e-02
1.718881727218160571e-01
6.740223712846261928e-02
9.170731046228194905e-02
9.219023860202055221e-02
2.022180534894465476e-01
3.987158813757437498e-02
5.533671048650272428e-02
7.913529399252496044e-02
6.427027605042180403e-01
8.190559660011983989e-02
5.597110329094628217e-02
1.489085116622897165e-01
1.038573869075896244e-01
1.822121200916347050e-01
6.586550475633960733e-02
8.206529098151066348e-02
6.715988213104945315e-02
1.375874721036403348e-01
4.941133571295063670e-02
8.873642502177080116e-02
7.121929825910122691e-02
8.099795025523831571e-02
9.669873661705399859e-02
1.062116526665911470e-01
9.219023860202055221e-02
6.855962144260015212e-02
