9.613780479572285598e-02
8.858857585634337395e-02
5.372545594058555918e-02
4.843959369765353240e-01
4.019821192226064738e-02
1.033467828223561535e-01
4.249106120498560291e-01
4.004142578381341133e-01
1.032462794054849059e-01
8.718448127707967288e-02
8.326664714515009946e-02
8.304483000149336103e-02
1.675650579316389222e-01
3.143448611213618404e-01
1.114608126887068895e-01
1.210193252598835978e-01
8.547340827270813457e-02
4.915094391471658969e-02
7.778715545842763979e-02
5.372545594058555918e-02
6.069286244787411994e-02
1.376332328739943156e-01
2.760888810461902265e-01
1.163215699881138265e-01
7.884197574227205796e-02
1.047706135459868793e-01
4.052231624846026892e-02
6.591683516862169301e-02
1.025169730609788443e-01
2.514566178464691104e-01
8.948829944536157432e-02
1.178906579023865503e-01
7.138629390965238464e-02
1.542586729668857792e-01
1.470039783569671299e-01
1.054643713078352446e-01
3.075388068770437133e-01
9.281360604493327227e-02
2.381136790874338049e-01
1.076955118554568103e-01
8.582015094674086964e-01
7.394127729567978591e-02
8.931374656348484153e-02
7.434557472257048716e-02
6.200352975675797740e-02
3.699332697410117471e-02
5.217766270269456885e-02
7.311647185133864080e-02
8.814449862283041393e-02
7.446500849804485456e-02
1.504328473617343731e-01
9.368081238975048408e-02
6.254642585677513966e-02
6.908317269011045314e-02
1.295914803022095163e-01
9.440786430700974508e-02
6.111683176883508234e-02
8.078887754827446255e-02
3.699332697410117471e-02
6.455350088992378721e-02
9.231521195848488293e-02
5.430802955032562607e-02
1.321199331259944321e-01
5.441674766239588262e-02
7.608970578246611327e-02
6.813902791166337458e-02
7.911979128506622938e-02
7.004104075222475356e-02
3.699332697410117471e-02
1.431723851857505114e-01
1.210905782778944340e-01
6.723016237815068741e-02
8.582015094674086964e-01
5.342105720936359686e-02
4.178213582310920104e-01
5.534721654373446764e-01
8.459235487221918037e-02
1.684009078044518271e-01
7.861331316531389168e-02
5.941151511137300611e-02
6.221348321485887373e-02
6.554778180170152124e-01
8.745937729708824770e-02
5.750323887602960121e-02
5.655020974389535215e-01
7.904462787719251926e-02
5.938862619041993668e-02
5.290013364918437766e-01
2.333798370150747536e-01
8.268322387859165790e-02
8.572248674882126940e-02
5.214645851876427429e-02
1.574777068179954165e-01
1.288292281723518728e-01
5.750323887602960121e-02
1.098203296625603897e-01
5.586860337803382232e-02
7.651097895044933761e-02
9.114808652892567031e-02
3.706941911457559136e-01
1.570263461834426888e-01
6.114799016623315153e-02
5.586860337803382232e-02
6.948511910917601342e-02
1.319950289011410371e-01
5.750323887602960121e-02
6.008214489682303650e-02
1.137121895022119855e-01
6.528598497229326503e-02
8.254079528474014826e-02
5.750323887602960121e-02
9.655621245285868348e-02
5.750323887602960121e-02
7.569757805592187971e-02
1.738858858456500955e-01
1.505112940378384445e-01
7.548554772165541604e-02
7.651097895044933761e-02
1.837268059565264344e-01
7.998284756105258908e-02
6.538069892387408932e-02
6.535374641505513338e-02
7.743340205819423949e-02
7.960348384223174534e-02
6.543550044729883053e-02
2.452233251048880069e-01
9.888265834545924282e-02
6.535968616135885700e-02
8.724756303401905166e-02
6.542680713069642939e-02
6.542680713069642939e-02
5.584182914716853685e-02
7.190946945714526972e-02
8.663425757897522117e-02
7.640613895457282201e-02
6.818080548672894592e-02
4.161749709397864760e-02
8.542727361735608094e-02
3.415076395345847948e-02
4.281412482086829896e-02
7.523556884186413662e-02
4.605799643993132020e-01
7.292435310148320804e-02
2.574654192275886433e-01
5.833200437517718773e-02
5.947029510157666315e-02
1.384019867957009819e-01
9.178400027657508675e-02
8.844352308411837504e-02
8.442014265037656173e-02
3.734972833969691514e-02
6.481599223719079761e-02
3.692976314964803441e-02
4.684816239852867548e-01
5.259857258390002871e-02
3.547220712585454905e-01
3.391207706482660122e-02
6.895822989994524477e-01
4.918094602851772607e-02
2.467946620081999942e-01
1.391796052759638747e-01
2.290019021084403750e-01
8.659229461675709005e-02
6.726172410405563407e-02
9.811138135178848474e-02
1.426613359305538287e-01
7.953326655983991578e-02
1.415610727309034034e-01
6.726172410405563407e-02
1.055287946022335638e-01
4.879363149748475181e-01
1.498423260544984315e-01
1.401586323068173823e-01
1.208350512663934201e-01
9.434963016879856224e-02
8.910748813583400929e-02
9.229470134478585941e-02
9.427412890613726115e-02
6.414844254814293378e-02
7.757649175582689849e-02
6.726172410405563407e-02
7.615522044742194241e-02
8.805336067249332210e-02
8.853866241693404693e-02
7.763168507577884736e-02
9.296571370186866579e-02
1.730456962326150094e-01
8.352325331983238843e-02
3.802732227461853021e-01
7.464070144980038124e-02
7.101826822017767715e-02
8.145586306349292260e-02
1.596065701171485995e-01
8.145586306349292260e-02
9.935790514321367339e-02
5.602788325234447919e-01
1.356593865735226390e-01
1.287744127242741454e-01
9.335626263457855178e-02
5.795627965933938808e-02
9.625158882254256087e-02
9.050772895536281226e-02
1.954244184110554561e-01
2.578574940841930618e-01
1.129043275472003255e-01
9.254547503641699646e-02
9.625761478149376382e-02
1.015620261278372405e-01
9.384809755338692494e-02
1.303075510543687532e-01
2.340985438108031391e-01
6.427262210692231970e-02
9.273207582413299510e-02
7.286246933653502122e-02
6.015293749190725459e-02
1.188654455840879864e-01
1.084531291346867016e-01
1.427326476679766087e-01
9.471998893672503583e-02
1.102147201984258612e-01
9.310654855860399370e-02
9.310654855860399370e-02
6.773071827331683670e-02
8.831640842269043723e-02
5.380440083124464756e-01
8.042420153543528016e-02
7.306108116435647282e-02
1.337321596787174882e-01
9.641185076090465211e-02
1.399683574434202604e-01
9.475150612236615810e-02
9.686420946621594752e-02
7.733219363457306816e-02
1.171552902394555618e-01
9.017969494112149098e-02
1.064399553002427362e-01
8.683415893188974055e-02
9.268203047069251133e-02
1.102386460495148601e-01
6.304692624563262848e-02
8.092628564572736105e-02
1.849399843999016968e-01
5.315068915871996175e-02
5.560411207134363654e-01
5.368369934003528604e-02
1.607338909444282760e-01
6.669472253218516888e-01
7.094219343756570650e-02
3.566892510204406480e-02
1.592703684848895684e-01
5.567096519003614241e-02
8.259400742972491938e-02
6.624111781980736302e-02
5.956891856824853004e-02
1.099835820488544724e-01
9.425000258821641941e-02
1.385110915521960973e-01
3.679911410272974637e-01
3.600833513237188810e-01
1.145913638016597957e-01
6.013612679149824003e-02
5.567096519003614241e-02
4.856031938229505435e-02
4.789975174529315094e-02
7.662601860118048447e-02
1.532749076695578694e-01
6.601219663466877108e-02
3.340694233045783668e-02
6.314064570976292423e-02
1.266467870621885705e-01
6.789660654062479317e-02
1.053086331205386750e-01
1.009562294105734725e-01
5.567096519003614241e-02
2.655514233504192023e-01
5.955584623930324506e-01
1.377785904376154780e-01
1.048811264344603894e-01
2.209429542616582753e-01
4.733313631738590710e-02
8.733173730740724505e-02
4.149837488700806043e-01
1.995778097124314976e-01
9.302283011225437326e-02
7.167501604893199152e-02
1.135184767088667085e-01
1.165688229862927999e-01
7.558760594374513975e-02
6.965063194225051824e-02
1.683780353641610161e-01
5.205640269742619480e-02
8.105564783014514163e-02
1.182680483146537898e-01
2.178153281450315171e-01
7.885587771855671890e-02
6.715396350928516667e-02
8.845521605879720639e-02
5.665529862895466590e-02
1.942837897816113435e-01
6.945361995996376936e-02
5.884823459495774206e-02
8.604458849248458607e-02
8.642502674201431312e-02
7.896261320894348845e-02
6.137854614386363261e-01
7.344682355189012524e-02
3.561365344960603641e-01
1.299845887671631228e-01
5.665529862895466590e-02
2.481407064445864119e-01
8.453841228000552599e-02
7.778655651333084287e-02
1.208580356552354657e-01
3.073632717955426807e-01
6.775553584070677371e-02
7.290964578529489371e-02
9.864952881689030562e-02
7.557654160704124768e-02
8.185999071952539119e-02
1.228844542772328657e-01
7.556621289915495254e-02
2.149101836124101272e-01
6.982052396827158336e-02
1.736607609971183575e-01
8.551924081442979775e-02
8.837028291865439700e-02
8.998587272667077364e-02
1.078841894420512343e-01
7.759856954418067887e-02
1.116216008564237805e-01
9.255399540109006395e-02
7.206624985260234872e-02
9.025005112067864543e-02
6.018961663489250796e-02
1.012093037101903376e-01
9.106293784082622467e-02
4.773172727332701537e-02
9.598881750645936461e-02
1.046898827658140629e-01
1.091787395832086449e-01
6.384030590795365667e-02
6.173346345595252804e-02
5.391172387943062860e-01
8.633509147466995604e-01
9.865475373071368181e-02
4.890805530173011895e-02
8.186804427332816658e-02
2.410714924083739719e-01
9.255399540109006395e-02
1.261431614196469875e-01
9.255399540109006395e-02
1.285799507825340360e-01
9.560508732879693938e-02
1.098131083507072059e-01
1.756497690183783933e-01
1.017142865509204630e-01
1.103681217043038787e-01
1.121485165081644586e-01
8.544116508863215664e-02
1.087379951644859566e-01
8.742353778652313390e-02
1.093999250621853492e-01
6.447286830558680848e-02
7.528467238432616504e-02
9.137650673780541022e-02
2.242640853553314884e-01
1.203779333025074005e-01
8.758586852686017776e-02
8.913541257691906528e-02
4.176587734338993441e-02
1.076422052730504897e-01
7.071302082563428459e-02
1.849922498109249358e-01
8.462083395095564009e-02
9.259473261675860156e-02
9.308126645879954975e-02
1.766914088763357205e-01
5.302511930639686177e-02
5.649769044281222757e-02
6.774106001733205817e-02
6.460472622073720750e-01
6.819487043938138315e-02
6.174076544596561467e-02
1.223225320348648032e-01
1.067455036738965274e-01
1.491653411309883104e-01
7.655092576575504848e-02
1.210408422894844321e-01
7.497060860584266184e-02
1.333166558291125625e-01
4.953467523723514149e-02
1.078638551581648369e-01
7.140892638910849299e-02
8.557811147854872680e-02
7.881663379108481970e-02
1.161286925219068150e-01
9.308126645879954975e-02
9.066982540074602914e-02
