7.327418105473816612e-02
8.994593778538481632e-02
2.828955524038052893e-02
3.433855012114099825e-01
4.968376852158636753e-02
6.381231717706432882e-02
3.152807173530148277e-01
2.436231420556592975e-01
5.706944857452286163e-02
5.207542380066761123e-02
8.349203728481494058e-02
7.914222356273319103e-02
3.689286018025723646e-01
1.856469728037380973e-01
1.358168013057347856e-01
1.591528237800291790e-01
3.074571506346743602e-02
2.986071378224878711e-02
1.381373783540669475e-01
3.156363980637937744e-02
3.107406638337137025e-02
9.394836058392037892e-02
2.037061491359905829e-01
1.034167001274820114e-01
1.088213226146048651e-01
8.202042990430395697e-02
5.157488285310729559e-02
1.715040323095131519e-02
7.900255801944386369e-02
4.850755964861201974e-01
6.099818651001198688e-02
1.756013549648740291e-01
3.680922195574713035e-02
1.089634505312415819e-01
2.139432316711693816e-01
6.471689800069788112e-02
2.068040088111453567e-01
1.024965216248836519e-01
1.487181949293180927e-01
2.197975637688993344e-01
5.948091353420345007e-01
5.575141919467852675e-02
8.633018310365839221e-02
6.322869737637856757e-02
6.195629519197686647e-02
3.256526219656517840e-02
5.657113780644281581e-02
1.262249658423449938e-01
1.022230478505306711e-01
1.210359265514407562e-01
2.309158740083609718e-01
8.348487978675510346e-02
8.350698547467386157e-02
5.039193169569308739e-02
1.480037582107585625e-01
1.038903847142274295e-01
3.986773028151769510e-02
8.559296947698051550e-02
3.148602811834980142e-02
9.639764024735723857e-02
8.705097711850660891e-02
6.631612565903192980e-02
6.708379387085630641e-02
9.795156961758363923e-02
4.173899963858294926e-02
1.162248474005886933e-01
5.213093708020273553e-02
5.853310825535047029e-02
5.187121918362769257e-02
9.263373695112972483e-02
1.409088287164912690e-01
2.237412805190989173e-01
7.206266211386063159e-01
6.097408273626647029e-02
4.504943703383872400e-01
6.440016769631823346e-01
6.128879842276894335e-02
8.700688223945506061e-02
6.986891260610576804e-02
9.015600746295732160e-02
4.522117342533164830e-02
4.106349040891781321e-01
5.443151609768726723e-02
3.393647066484242053e-02
7.948401760932406468e-01
6.515674234187025793e-02
4.462308118948801750e-02
3.170363455370825423e-01
4.248968380041414084e-01
9.399160437494866183e-02
7.408093456809490551e-02
3.268691797418284833e-02
1.062158553320564774e-01
1.123143256895292874e-01
4.085368627154117860e-02
1.663292911907512661e-01
4.015030881416858238e-02
6.310569486443021181e-02
9.353975824183048682e-02
3.872422721472203455e-01
1.263552927810891180e-01
6.173071958429088291e-02
4.015030881416858238e-02
8.680430536014430154e-02
1.089232747884632396e-01
4.085368627154117860e-02
4.582915721504136897e-02
7.739732242970123743e-02
4.691417751516493290e-02
4.125739600080327585e-02
4.078275267698155265e-02
2.225521145603713280e-01
3.494910241083861585e-02
6.371441768578585407e-02
7.093674326819374154e-02
9.909062820228363433e-02
5.138041087313199862e-02
6.914126363612571602e-02
3.420294828189889280e-01
1.840420378027064208e-01
6.254405222776947271e-02
1.186108342328683479e-01
6.281138904757513353e-02
1.220195357098015493e-01
1.894671093458078770e-01
3.279394500569248749e-01
1.580809669797572092e-01
8.217890650698252142e-02
5.100607026098585850e-02
9.564070773598243314e-02
8.540333775344247091e-02
5.373302584700364454e-02
1.929980249829034156e-01
1.592850613101153001e-01
7.475981035184134371e-02
1.377321953290571999e-01
7.369460892057251578e-02
2.224132118734294811e-02
4.303081934608204290e-02
9.304506712673051017e-02
1.485218824986669073e-01
1.280550039057781475e-01
1.174076748269949344e-01
3.109524836064818665e-01
6.156178940628834195e-02
6.549329869735415199e-02
1.324017085902797486e-01
2.396390338238372497e-01
7.597161962258917878e-02
5.593324596727989456e-02
4.494078475822867874e-02
1.769823956423016154e-01
6.848808959642659067e-02
1.699960001107295449e-01
4.495678523620821182e-02
1.931128209220982772e-01
9.172508251342634256e-02
2.941175857289150541e-01
8.159203796337036185e-02
2.496352744492986164e-01
7.551410896615445845e-02
1.964510840749771337e-01
5.229945641455099187e-02
5.304999356573868174e-02
8.778472715462946885e-02
7.372345394284439413e-02
4.103938385725251770e-02
9.442245687297239065e-02
5.304999356573868174e-02
1.139646106892153316e-01
5.590928686260773217e-01
1.280247708347246882e-01
1.059913271519905692e-01
1.341161721170642251e-01
8.370786318107685531e-02
4.264560725032096739e-02
6.159514580481717516e-02
7.618886226968417386e-02
2.136941668615940926e-02
9.507894215008103056e-02
5.303198846462432031e-02
5.893142383431931863e-02
8.205256434455918124e-02
5.303929061708335252e-02
4.368409735909710434e-02
8.560047353064793862e-02
2.163247127839350026e-01
6.141646691872509195e-02
1.959629630356125307e-01
3.898900131328748159e-02
5.358080952240674988e-02
7.476008851169163583e-02
1.955097544979632340e-01
7.476008851169163583e-02
1.269348677670990577e-01
5.344054296066695908e-01
1.650671062329916172e-01
8.587709555718035792e-02
5.841433899802853796e-02
6.190841870895601867e-02
5.265220755298899435e-02
5.287310258054576245e-02
1.861407506645416654e-01
1.386140004487320665e-01
4.573985986965930506e-01
7.632311856099785463e-02
7.796039047811716138e-02
4.523826225009771468e-02
4.483723076464395801e-02
3.192125165579806634e-02
1.793832934894463160e-01
2.682212241513508635e-02
5.721676232284501201e-02
6.441910984883078561e-02
8.539401320621518854e-02
3.680512607571707201e-02
4.443966334321045736e-02
8.396562960079252680e-02
7.823860639587353061e-02
1.238706241822396387e-01
7.706580524689483902e-02
8.615007806652413835e-02
4.319497414221552117e-02
5.767792585747654605e-02
7.791499556563064033e-01
6.856636120068423934e-02
6.009362244389262336e-02
6.824184031234373227e-02
1.531449054912285279e-01
8.802422488639474740e-02
7.458550680660562537e-02
3.908571978490640864e-02
5.380942777900973861e-02
2.262019351947517076e-01
3.735792387439115791e-02
5.933266211472578572e-02
2.628379200464097190e-02
2.493613233436278998e-01
5.244200539514915632e-02
1.164278545728052172e-01
6.670328953354209833e-02
8.067124513159813770e-02
4.017984532372403939e-02
7.226771736283509329e-01
6.103229523777958104e-02
1.743331772066347707e-01
5.596696081319163518e-01
4.606942579560509982e-02
3.540186216953873644e-02
1.056082760455108738e-01
3.445538322298513645e-02
5.708648237397065395e-02
5.266049946301253754e-02
3.172671782468594603e-02
6.999027547747532774e-02
7.345072255017304208e-02
2.012153153224151558e-01
3.058315282216968467e-01
4.668078271781499478e-01
1.724623744453109286e-01
7.549370694280865823e-02
3.382516271728585461e-02
7.618532282093799790e-02
2.866244755048221599e-02
7.117281230559879823e-02
1.126091995979358051e-01
3.705815648750369895e-02
2.255836997865441965e-02
5.978265143560168582e-02
1.155706051936438300e-01
1.065187571425107865e-01
1.542298256747751395e-01
3.412869184428874575e-02
3.382516271728585461e-02
2.322448584230929758e-01
4.241686993096723257e-01
1.535930054005513190e-01
8.566955372866259799e-02
1.869359345107156067e-01
2.018069740338883714e-02
9.307255800447519767e-02
3.453886896191920575e-01
2.002081399161085851e-01
7.720450208779942869e-02
7.234916093681792448e-02
1.582428544451892349e-01
1.160976601534293162e-01
6.888184778783035256e-02
9.746239172698907549e-02
1.741815352969950936e-01
3.529071241412721355e-02
6.749200388610283874e-02
1.583003098930325925e-01
1.843815566508528458e-01
7.928586199220886976e-02
6.055318132979697898e-02
1.592942480872551747e-01
3.846822381617878706e-02
1.793705437892805787e-01
9.422473637164176241e-02
5.067146973648337105e-02
8.892439568758089830e-02
7.922052410096484809e-02
1.080464424328257955e-01
4.548211188389338910e-01
5.489157788432762891e-02
2.547878615157526672e-01
2.026718202596271834e-01
3.059618747728464969e-02
3.320985379877513521e-01
6.573596349935748040e-02
6.949773360529354349e-02
2.279997132146014682e-01
2.790835375399030038e-01
6.480747346788925944e-02
4.959984464827123934e-02
7.972771373129647343e-02
9.199349769914058617e-02
7.631673400055254131e-02
1.290027404587750226e-01
4.052384848222671809e-02
3.019099887528863824e-01
4.370715865568809699e-02
5.183057820225129425e-02
4.583587359543670608e-02
7.567464492710147816e-02
9.598842351839202702e-02
9.035843238435387059e-02
4.835127723423771756e-02
7.184451163172450583e-02
1.091657854033555308e-01
7.353091439965642184e-02
1.509062214153923109e-01
4.343881593754284065e-02
9.005136060733380521e-02
5.327148755613785036e-02
4.070198832954645407e-02
6.507969000022337247e-02
2.552907009605717148e-01
6.945853898200034238e-02
7.264085971340668302e-02
8.181345183712146474e-02
4.122197922283616367e-01
4.236271294505134510e-01
1.878620925445301515e-01
1.913862474282254644e-02
1.092438666098174832e-01
3.219217371165081776e-01
1.088462404299630204e-01
1.449148563252766753e-01
1.097143603845892462e-01
1.721341640877316614e-01
6.058323281939789057e-02
5.138374747724232944e-02
1.237195668054199421e-01
9.054662299546725746e-02
9.469780265510170658e-02
1.042148360318025380e-01
1.825045299564924117e-01
2.756637793098353773e-01
1.763863890284183833e-01
2.928150775163356756e-01
6.921392136513214444e-02
4.773540267473619370e-02
3.311866396009626595e-02
2.031118710897160118e-01
1.420606569675071651e-01
6.188836032231212481e-02
4.582576648276955739e-02
5.546328857692998937e-02
1.018869331939483147e-01
6.690378881313265025e-02
3.315619012051482239e-01
9.763622978493334548e-02
5.652097819931290595e-02
7.042202209396397627e-02
1.177221466271594769e-01
5.998021859547285339e-02
3.563050528632357578e-02
6.671017757426477013e-02
5.079317651175864201e-01
7.346318340877293351e-02
6.222002099159270466e-02
1.664035891803277156e-01
4.470696045408282387e-02
1.668763617664962007e-01
6.649436586705072261e-02
6.331104435406925690e-02
8.188533663178522437e-02
1.588742432153271433e-01
3.883521687243318699e-02
1.263677649153153171e-01
7.278467248098312303e-02
6.961001147905203357e-02
1.081719838567062886e-01
1.206338529813047733e-01
8.680700938801799715e-02
9.929908275184660960e-02
