1.338093381430013884e-01
1.304268626694375655e-01
1.152599416811755789e-01
1.238977086717712589e-01
1.232600041793996404e-01
1.238977086717712589e-01
1.261792961220046250e-01
1.230841261659105651e-01
1.229513228154418408e-01
1.203116212057929318e-01
1.189478856344579061e-01
1.253422924641057201e-01
1.338093381430013884e-01
1.241802107263227373e-01
1.177582375130396680e-01
1.261792961220046250e-01
1.124122394801819746e-01
1.220525030376719278e-01
1.268202481502479217e-01
1.203116212057929318e-01
1.249793723435713710e-01
1.238977086717712589e-01
1.235436604818449663e-01
1.132069561804772417e-01
1.205180465788008998e-01
1.237446620487298032e-01
1.277839443625755633e-01
1.176490724000201354e-01
1.215373409595618681e-01
1.249793723435713710e-01
1.249793723435713710e-01
1.234323378704879071e-01
1.235436604818449663e-01
1.213442177887228413e-01
1.208988474473220442e-01
1.267949077793767976e-01
1.373780258800610943e-01
1.220107683769163925e-01
1.265681418580611450e-01
1.238977086717712589e-01
1.899052068273862082e-01
1.270906526841809325e-01
1.168357426907388197e-01
1.212542601450486285e-01
1.141704220095459549e-01
1.231893580624024986e-01
1.202450728584180534e-01
1.248749786833634051e-01
1.261863530967571589e-01
1.317223623481366124e-01
1.257792162850381590e-01
1.296943943157417012e-01
1.259997929110557302e-01
1.486099028807782718e-01
1.417824120725913462e-01
1.385156348054056019e-01
1.248749786833634051e-01
1.257792162850381590e-01
1.231893580624024986e-01
1.421584950639854239e-01
1.236996522180043023e-01
1.189638499842700231e-01
1.438961074221999370e-01
1.256716808279121911e-01
1.166833463906094132e-01
1.276764394483806686e-01
1.060091686463728727e-01
1.261620137463093094e-01
1.157100412516839510e-01
1.236996522180043023e-01
2.248376208035375301e-01
1.278756096184908431e-01
1.714948761334043614e-01
1.159149599313680779e-01
1.259997929110557302e-01
1.530001875981045478e-01
1.259997929110557302e-01
1.430466720307932982e-01
1.350770189452759340e-01
1.392865727926254071e-01
1.267478472247582366e-01
1.302077292380090512e-01
1.251462863940697723e-01
1.267478472247582366e-01
1.233988936081867605e-01
1.249780278491057633e-01
1.249788729763543910e-01
1.286295649174820366e-01
1.249789837008892790e-01
1.256683204989052782e-01
1.286984783089410445e-01
1.270411345503542899e-01
1.249963802295984416e-01
1.231493505599549898e-01
1.267478472247582366e-01
1.271251838331693973e-01
1.257857268332702172e-01
1.269818589559932043e-01
1.249784028833216543e-01
1.196382294541680213e-01
1.300483361794896320e-01
1.266018158313273745e-01
1.257857268332702172e-01
1.221088357646333417e-01
1.227077561635337988e-01
1.267478472247582366e-01
1.324578577235018539e-01
1.255251215540282850e-01
1.264445180764139365e-01
1.282960194023575196e-01
1.277691321998475071e-01
1.270697208229612796e-01
1.284062614991557383e-01
1.334865028446561575e-01
1.280652314699675665e-01
1.277391143045465138e-01
1.275969169933897085e-01
1.254321321859583338e-01
1.202316074873885920e-01
1.181161460353347681e-01
1.229330949346032209e-01
1.265503741591117448e-01
1.100601679905523905e-01
1.240732513916535940e-01
1.211133235472638681e-01
1.279588758034329588e-01
1.282205256285784412e-01
1.185810929484492071e-01
1.575201711103233204e-01
1.186651419133370883e-01
1.816172957951137923e-01
7.889507778785684322e-02
1.141457430252055816e-01
1.350376394677064718e-01
1.241766730915340455e-01
1.185104776360674933e-01
1.229330949346032209e-01
5.898519208427008276e-02
1.805067844526803966e-01
1.195769904567039327e-01
1.287034574166940615e-01
2.291936809228941052e-01
1.265503741591117448e-01
1.287034574166940615e-01
1.250375151734355317e-01
1.221031186514184158e-01
1.207336887347879723e-01
1.287034574166940615e-01
5.153392114815134178e-02
8.789943864991235645e-02
5.152837543666265174e-02
2.375981973598245145e-01
1.152105695080005016e-01
6.027418197910132391e-02
1.287034574166940615e-01
2.293050540332416121e-01
1.099988762541854181e-01
8.757404691529051266e-02
1.229330949346032209e-01
1.185322005460715533e-01
1.322819772313059694e-01
1.012533603339206695e-01
1.167054469988303422e-01
1.167054469988303422e-01
1.178387505324433177e-01
1.311535775582418628e-01
1.167054469988303422e-01
1.176662759398843378e-01
1.167054469988303422e-01
1.275095956031832289e-01
1.890996236540721520e-01
1.487976086455174707e-01
1.360897522786818359e-01
1.851945107406560431e-01
1.234597133227786497e-01
1.238543568526414007e-01
1.132028565623440231e-01
1.276937645180503955e-01
1.019825289136591789e-01
1.444077438662996204e-01
1.167054469988303422e-01
1.270092630654810761e-01
1.483200300493821566e-01
1.167054469988303422e-01
1.538886427297045112e-01
1.167054469988303422e-01
1.232091812635962430e-01
1.371962997384862659e-01
1.313161016358256605e-01
1.032113973015998110e-01
1.412801679096572505e-01
1.256044969024482649e-01
1.958154475802255934e-01
1.256044969024482649e-01
1.199494466444893936e-01
1.451353780719996101e-01
1.723749170102096551e-01
1.411760381306127188e-01
1.137671952720677587e-01
1.153982479686879725e-01
1.054993316684655763e-01
8.672689915112498371e-02
1.157024946480211813e-01
1.299120874131796943e-01
1.259883493500739693e-01
1.259883493500739693e-01
1.298669199961261789e-01
1.162032233758623773e-01
1.288261297048489962e-01
9.583549799632709587e-02
8.753560039495526801e-02
1.078419251326037803e-01
1.298669199961261789e-01
1.162032233758623773e-01
1.298669199961261789e-01
6.759667190119637847e-02
1.171798498100608404e-01
8.982921770954699348e-02
9.693609696355032224e-02
9.768326073679534094e-02
1.199323380338359335e-01
1.182871523791378388e-01
9.867415059322731663e-02
1.172357055491885375e-01
1.225755967487870413e-01
1.207190457310412940e-01
1.181932008053360184e-01
1.181932008053360184e-01
1.298669199961261789e-01
1.097209847392057042e-01
1.137683268163025840e-01
8.179089044126215680e-02
1.207940983665259371e-01
1.514405137426927117e-01
8.939825024178810198e-02
9.094549956401641599e-02
1.162304819964232877e-01
1.299146827568346541e-01
1.287776230579781023e-01
1.298669199961261789e-01
1.555814334736375371e-01
1.263575794296775689e-01
1.285188467988529482e-01
1.261790599273692748e-01
1.078730558663051342e-01
1.261790599273692748e-01
1.189772745297547063e-01
1.621021777937546593e-01
1.250400203256959997e-01
1.261589062769051250e-01
9.449894622165981584e-02
1.060658161392799559e-01
1.211610513200370720e-01
1.099777972647246055e-01
4.886282097984921691e-02
1.213045958746768183e-01
1.261542901322657007e-01
1.327832790021204745e-01
2.807271918418901557e-01
9.888220509657565105e-02
1.495193485663949551e-01
9.407819732244154798e-02
1.124076023622943010e-01
9.361539762981804791e-02
1.261517693730346834e-01
1.261517693730346834e-01
7.949819053315934636e-02
7.959642481531667424e-02
1.257692233168111184e-01
9.673163089423682248e-02
1.261681780296454169e-01
2.896858073991600557e-01
7.379490011062879440e-02
9.407819732244154798e-02
1.211610513200370720e-01
2.745649484667114226e-01
6.154874233473832668e-01
1.261589062769051250e-01
1.261783515493255237e-01
7.537779970442415323e-02
1.195159897517043407e-01
1.313850688390914290e-01
1.205394232652928638e-01
1.195159897517043407e-01
1.199970291592525745e-01
1.195159897517043407e-01
1.254731967998501396e-01
1.195159897517043407e-01
1.278377762213662450e-01
1.303089160552134695e-01
1.168083919823613703e-01
1.241615834096256171e-01
1.249870511008938367e-01
1.236750912667539393e-01
1.205374493951274217e-01
1.197037370976041099e-01
1.277362826166398568e-01
1.198918280930900138e-01
1.169542477109029588e-01
1.293015867727264345e-01
1.198918280930900138e-01
1.242592524551531102e-01
1.159334136399206294e-01
1.387575995520786976e-01
1.195159897517043407e-01
1.132377408989814482e-01
1.189938172970249619e-01
1.199970291592525745e-01
1.198918280930900138e-01
1.354882312168927683e-01
1.194110290062648516e-01
1.268864522716469656e-01
1.249870511008938367e-01
1.159859215300102081e-01
1.239831006813503361e-01
1.276038753850246843e-01
1.276038753850246843e-01
1.242592524551531102e-01
1.278796620898116077e-01
1.185563475256029009e-01
1.100199882423173597e-01
1.287242031324948577e-01
9.689441366716054771e-02
1.072028812714738571e-01
1.095350628056952769e-01
8.761630515016995135e-02
1.115295578571764284e-01
1.146571760110288857e-01
1.011311002825326516e-01
1.086489643530144794e-01
1.066204309102717351e-01
1.054396282328558948e-01
1.285467442875679323e-01
1.091555736222321604e-01
2.115676297233636538e-01
1.679565731326802813e-01
1.146571760110288857e-01
8.737176860706169501e-02
1.801928394682043022e-01
1.255450388033625131e-01
1.204903756811426807e-01
1.346394004936047606e-01
1.128447128714602649e-01
9.784902568083794772e-02
1.106585401865817497e-01
1.343964894614579630e-01
1.280570382434797483e-01
1.329830115251176559e-01
1.123673153483919357e-01
1.305018594210642091e-01
1.105054795028507231e-01
1.034624961346794630e-01
1.146571760110288857e-01
1.115295578571764284e-01
1.418567536229126125e-01
1.756997847910474475e-01
9.850532549245330505e-02
1.060143588854258329e-01
1.115295578571764284e-01
1.175765193037292544e-01
1.175584550263728961e-01
1.175565422411792571e-01
1.107467627753479650e-01
1.176112564903376567e-01
7.348041539526767307e-02
3.133586738433654650e-01
1.136277001119437302e-01
1.175301761357498143e-01
9.046935216488279086e-02
1.175301761357498143e-01
1.171286059317576539e-01
1.030858654527639084e-01
1.668209278579010357e-01
1.175765193037292544e-01
7.369530979291537276e-02
1.035725320853225356e-01
1.181768437399518534e-01
5.015043779215549308e-02
9.987279147872678287e-02
9.797212732674384639e-02
1.126884191722477419e-01
1.107467627753479650e-01
1.282357319736723567e-01
1.175565422411792571e-01
8.139921317959666891e-02
1.523292648855049114e-01
1.168450454869660315e-01
1.033621701406176874e-01
1.077711013345251656e-01
9.347583577658628851e-02
1.058469193850688356e-01
1.168450454869660315e-01
1.130972885774233772e-01
9.922849765007489553e-02
1.159070672254879086e-01
1.175674727147856813e-01
1.172770063482949932e-01
8.591440192876824422e-02
