1.008169167049722398e-01
1.272162530306033268e-01
8.539762846733857382e-02
1.096811486454522117e-01
7.317895468617587051e-02
1.206450729648266135e-01
2.273722196168146970e-01
1.202324968203651451e-01
1.093125661828935474e-01
8.003514887082552320e-02
7.547123818729789546e-02
1.419082244315340302e-01
2.303671182938810680e-01
1.407770097134325715e-01
9.997838105534409547e-02
1.211763238530073616e-01
1.085355618724152538e-01
7.828672816212770003e-02
3.183875393727176872e-01
8.681127039510666554e-02
7.296565177356735543e-02
9.774357938202696272e-02
8.725686886686608024e-02
1.277774957209667772e-01
1.083011934079414762e-01
1.291649015975497861e-01
7.968159249168037250e-02
8.088037717227428147e-02
7.778382498074092044e-02
7.421850558671980180e-02
7.421850558671980180e-02
1.332565379372930847e-01
9.830309825736674445e-02
6.796818375209234819e-02
1.081057472728472330e-01
7.004032094897312544e-02
1.094756201053813660e-01
7.914277132638114498e-02
1.341764896824736153e-01
8.613012753617314832e-02
4.894050898906641689e-01
8.653104531023242396e-02
7.382180466140539354e-02
9.041661505660704423e-02
1.099871449893270042e-01
8.355684481306151212e-02
8.260080261194820139e-02
2.664068101928910859e-01
8.532562603216431452e-02
1.600568188667671199e-01
1.795475782390149322e-01
8.153571248411103922e-02
9.481248736327080318e-02
1.047079487161362288e-01
1.539873709650405320e-01
2.418590439338086095e-01
8.112205587164199316e-02
8.998803503128016690e-02
7.901704941676901406e-02
1.209053638912360312e-01
9.184420855017558227e-02
1.177575538023681728e-01
8.740571854090259385e-02
9.758338897496111886e-02
8.474028609392277034e-02
4.029488929284478216e-01
6.399644090768341620e-02
7.915587011407319851e-02
7.642078895108914138e-02
1.166748775550537215e-01
2.774368696420184133e-01
2.318603499530581258e-01
5.851782332342267967e-01
7.307114652777900454e-02
1.876439940378771543e-01
3.178648747373470917e-01
1.176115264158123369e-01
1.047011066247036104e-01
9.172478560527956570e-02
1.501706346935079428e-01
3.590180513937825391e-02
1.434566044677829943e-01
6.784390599941396427e-02
3.617655284496417573e-02
9.959297312856437712e-01
1.011386708619018276e-01
7.450792843262316056e-02
1.444781322423546455e-01
2.570198582984289382e-01
9.651098266989502350e-02
1.394597397269819183e-01
1.079678408056787969e-01
1.515838972321045253e-01
1.469580471440774250e-01
3.590180513937825391e-02
1.392843863204606403e-01
4.430468412899696284e-02
1.271691880076072367e-01
4.424976577784676263e-02
1.488629185827184398e-01
7.006536114568348572e-02
4.609812871623472641e-02
4.430468412899696284e-02
6.162807745817213689e-01
1.317659186231330271e-01
3.590180513937825391e-02
9.405514064910283634e-02
1.375400465426720176e-01
1.315909956750118404e-01
8.878734511283760400e-02
4.436527410009873107e-02
1.542711528525166909e-01
4.429468109559293182e-02
8.820347520161710142e-02
1.401102419495763307e-01
1.460514954723981795e-01
1.371765163297349599e-01
1.163280862730925319e-01
2.517405285045643537e-01
1.618132324271713274e-01
6.596261498536734602e-02
1.358004452506110515e-01
1.029454224752785890e-01
1.507827066110098424e-01
2.195470683262787104e-01
3.185860509067660051e-01
1.326306257751809770e-01
9.568353264389817259e-02
9.208559960970466585e-02
7.350096228142002919e-02
9.461396057192585085e-02
6.938209574290774007e-02
1.072552672238406696e-01
1.284191995756525650e-01
6.453781498298467867e-02
1.247556988101053144e-01
7.312961189211895918e-02
6.189829252919266250e-02
9.428487598988971596e-02
4.159903058933416692e-02
1.650432511144492020e-01
2.022619507612376244e-01
2.012413644912365851e-01
2.521734883230210000e-01
6.016593183963950958e-02
9.723136958887741710e-02
9.838074399252486057e-02
1.789655201137874962e-01
3.905686581703309707e-02
3.856281541469349511e-02
2.899789757105315779e-02
2.329399241064074588e-01
6.884907112677018937e-02
2.245885534602015954e-01
8.768246310850329184e-02
1.369148336953136813e-01
9.783023557520538482e-02
3.618704031486706385e-01
7.312961189211895918e-02
7.401428655017858182e-02
6.555170575444500825e-02
1.259430284135812372e-01
7.707854318293860807e-02
7.882731796991523932e-02
1.436949898478355747e-01
1.324198601733962977e-01
7.707854318293860807e-02
1.092282461170004798e-01
7.882731796991523932e-02
1.158625975244272771e-01
1.951138999804697127e-01
1.315776055811231915e-01
1.489244750082577839e-01
1.427166586236096046e-01
1.114600999102123846e-01
8.627856302003798772e-02
1.031871553622583926e-01
1.075644735240980920e-01
1.083253097931096143e-01
1.264002218989870308e-01
7.707854318293860807e-02
2.166003408108552464e-01
1.248856946928866563e-01
7.707854318293860807e-02
1.294804428530860474e-01
7.013205927638417603e-02
1.598605252645611818e-01
1.437576166285450263e-01
1.335049317215513121e-01
9.520592626357189669e-02
1.028598370697954706e-01
6.436270217878296840e-02
5.643525939501778943e-01
6.436270217878296840e-02
7.788382701382767781e-02
1.574653424647539102e-01
1.239233884857697809e-01
1.207378298281513856e-01
1.039983345010039167e-01
1.309198107307509573e-01
1.265858130706032370e-01
7.279916974089568893e-02
6.087593930699910366e-02
1.021731901447234525e-01
3.310312883526237426e-01
2.333718817138491150e-02
5.937885288492662089e-02
6.838131373281301773e-02
1.147797265992527294e-01
1.153608224167182311e-01
1.199863248487983147e-01
1.123718296786544169e-01
1.155190291688092952e-01
8.652646073372773083e-02
1.267971217102060455e-01
1.263383402715662074e-01
8.722630039596708518e-02
1.266959453530866753e-01
1.213035329884166735e-01
1.150531621062796522e-01
4.092121381553363163e-02
4.913969254885598714e-02
1.231866120144343435e-01
3.315466406104906893e-02
8.910475094634827398e-02
9.288492166852219123e-02
3.024938936695524550e-02
7.055279569685393715e-02
1.263612957544632265e-01
1.059228526460634368e-01
1.256331910093543280e-01
1.042058874787192418e-01
7.837766955140657021e-02
1.132476311274488584e-01
1.114053315258384941e-01
7.145910365235325079e-02
1.059450695432191530e-01
1.394226295079467048e-01
1.049107033091637164e-01
3.851289547765709281e-02
1.301618330930098821e-01
1.210769808940732051e-01
9.197673362120896423e-02
2.400227297152598971e-01
1.098201363466578678e-01
1.460815190844504396e-01
1.279327428963258351e-01
1.158557644530492370e-01
1.061624778247227813e-01
1.309359338912680359e-01
9.165828136414103100e-02
7.364622233645221061e-02
1.017797903686584321e-01
8.026912511800969596e-02
1.287804286298899481e-01
1.430156588268002016e-01
1.042198162695461838e-01
1.305756330418726963e-01
1.892560287583401613e-01
1.197024585531723390e-01
1.348259169819858161e-01
7.937829331835330460e-02
1.332570150505383300e-01
1.289796927459146425e-01
1.384598474928353806e-01
1.187277618311039229e-01
7.983995029498519580e-02
7.939003251743691203e-02
1.112766928565659952e-01
1.211113588427072119e-01
1.157860103850684302e-01
1.307809626895067578e-01
1.283399554853306423e-01
7.937829331835330460e-02
1.259553061127584861e-01
1.529314438710337176e-01
1.309940135930703353e-01
1.094339907590731742e-01
1.065472433310714756e-01
7.936481663657819763e-02
1.047363978145478824e-01
1.210146659342862668e-01
1.144499096372030567e-01
1.320311730192997579e-01
8.471024464148657618e-02
1.428900768417910860e-01
1.267828075036271374e-01
1.276802045103839212e-01
1.122171190132604107e-01
1.339256415866789951e-01
6.145304064160257707e-02
8.676949978165106325e-02
1.569933862910842803e-01
1.326287221479241774e-01
9.818079597347922904e-02
1.137158006337150168e-01
2.089868380237363266e-01
5.437599474571518793e-02
1.296817903328569554e-01
1.119333401388712262e-01
5.985436002627250729e-02
1.080119710255033755e-01
1.957778738223372728e-01
1.817587887533446134e-01
1.154075111626414324e-01
8.808899965529594367e-02
1.203564061666318047e-01
2.646122356433890377e-01
7.362256362733211879e-02
3.100103402586234513e-01
6.549276241564282175e-02
1.157681597498349119e-01
2.376781551163545114e-01
7.323782933527454853e-02
1.109050584573001014e-01
1.184348169077798774e-01
1.081623767739458564e-01
1.272673560624767997e-01
9.984058082773689113e-02
1.302037255468166121e-01
1.113157528419139453e-01
1.304841829743063064e-01
5.841038170894434500e-02
8.047801584172395439e-02
7.250256907384870775e-02
8.700039649292271027e-02
1.053557497041431729e-01
8.640156176409884148e-02
6.279565738020748134e-02
8.850673907250518335e-02
1.010171928346975251e-01
1.015462103924714421e-01
1.969337601530872506e-01
7.563785945264558941e-02
1.152851767816552575e-01
1.152722735729263259e-01
8.831679470043196645e-02
1.016492688074395884e-01
1.782831168756776885e-01
1.144619080639062147e-01
1.038468612443450706e-01
1.249911801395441335e-01
1.153869033566919111e-01
1.256732933826530396e-01
1.013452696903240774e-01
9.367620196215788175e-02
8.801263198712656888e-02
1.440920116810922025e-01
1.080573397141248032e-01
1.202341418950686330e-01
8.540406417454853016e-02
1.281738847019715244e-01
7.218274152576889535e-02
9.304100773477594344e-02
1.727539578432193690e-01
1.376878300141869682e-01
1.153213793482206068e-01
8.429636522424725775e-02
2.766252539150946266e-01
1.782411860603618781e-01
1.514133550289583630e-01
1.509471260346297861e-01
1.174715214911701833e-01
8.438719207577857762e-02
9.141316211621637600e-02
1.608943353028769174e-01
1.133837976531966024e-01
8.133717399982384744e-02
9.399249917676397170e-02
8.163236061940942756e-02
1.012882557377187270e-01
1.168132259937776085e-01
2.569628359249148675e-01
1.490594876520385803e-01
7.805564856708352428e-02
1.030835795741043837e-01
9.700820056099480893e-02
7.403684630300592928e-02
7.324332339787033297e-02
9.356963463692596905e-02
6.382825104472922284e-02
1.235948597610766753e-01
1.037093442483545680e-01
1.226171269356678140e-01
8.198888782938482112e-02
1.739103734248027278e-01
1.095014171097257460e-01
5.997859746077371240e-02
1.233384688282573721e-01
9.351301987625008916e-02
8.596871964497071472e-02
8.228601283284044110e-02
1.066010263542270381e-01
9.227047890643620687e-02
1.413726753685853599e-01
1.474727180794224990e-01
9.926743469011815868e-02
7.479552984828163886e-02
