1.153775193241028396e-01
1.321032528025236630e-01
8.576958763184729106e-02
1.372126166972593431e-01
6.270334075520611616e-02
1.265778944778754300e-01
1.208716504694286181e-01
5.694342673837803764e-02
1.021601928438209128e-01
7.530288275965124623e-02
6.831731544695518465e-02
1.391037766203437331e-01
1.422723967297813141e-01
8.439965400149383734e-02
7.531905782340904409e-02
8.943980439598056553e-02
7.343364561980672556e-02
8.100658300867148442e-01
8.576958763184729106e-02
6.270334075520611616e-02
1.054760518980966399e-01
7.525632027688489156e-02
1.104076600631994920e-01
1.145259011620104739e-01
7.527772184393274890e-02
6.270334075520611616e-02
7.212935229074268761e-02
8.602522838696242957e-02
7.525632027688489156e-02
7.525632027688489156e-02
8.660930368732600027e-02
7.525632027688489156e-02
6.270334075520611616e-02
1.196064299281187765e-01
7.529948598452075592e-02
5.694342673837803764e-02
7.530823876236088232e-02
1.234561738480342563e-01
8.524927596224303461e-02
1.908303382232007794e-01
5.675186710762211706e-02
7.522880484458202566e-02
9.997613388273184076e-02
1.140271893286293886e-01
7.529382551944586999e-02
8.021015199133563200e-02
6.244071155864152622e-01
6.669188417971620708e-02
2.546292085486470125e-01
2.112677591151765899e-01
8.050215261908104381e-02
8.067307635381332220e-02
7.515791444777110419e-02
9.475581006817263008e-02
1.471002985775479999e-01
8.144663852707008378e-02
7.518534255745615291e-02
6.649709055475265529e-02
7.526259288702118189e-02
9.216912755121020595e-02
7.521981027644905615e-02
6.799365087645310723e-02
8.441922219103784042e-02
8.834462070795039146e-02
6.310753071259488367e-01
7.256390466320204735e-02
7.380227823483072325e-02
6.649709055475265529e-02
1.507356834722635708e-01
7.750217396133664283e-02
3.497595315705227526e-01
2.785710943768850978e-01
8.344016794249126123e-02
1.622203682120722246e-01
6.732006790679762043e-01
1.289170634551004002e-01
6.719295089012219946e-02
5.675186710762211706e-02
7.388902489773199744e-02
7.523883369572487156e-02
1.353181752847431030e-01
9.743568238855263020e-02
8.906874440844647633e-02
6.294167075961563107e-01
1.324995930043204040e-01
1.098148559843180744e-01
1.354783528429592820e-01
1.433520211243528852e-01
1.064241929307874618e-01
1.046807825813591275e-01
1.166193893501225320e-01
1.354942961146221037e-01
1.359637841152132320e-01
9.025848454313080416e-02
9.900036184115384996e-02
9.025848454313080416e-02
7.957050347025639014e-02
9.029968304145784275e-02
1.354806596059487389e-01
1.061676093275485816e-01
9.025848454313080416e-02
9.025848454313080416e-02
1.237521759060073862e-01
1.183706099010996410e-01
9.025848454313080416e-02
9.028725166402391811e-02
1.157404485945415229e-01
1.240914208885331715e-01
1.231387442443877822e-01
9.025848454313080416e-02
1.144910819415208419e-01
9.030693362515108957e-02
9.029256847845019973e-02
9.026278017053085412e-02
1.354424714900242799e-01
1.324995930043204040e-01
9.029968304145784275e-02
9.026466481128571362e-02
1.235807378638611870e-01
1.502287488700818907e-01
8.933887337961469999e-02
1.106646228951494865e-01
1.631599092416857466e-01
1.342576239596233734e-01
2.272245345543114081e-01
8.941953884281496345e-02
8.933997131169177375e-02
9.553583501909991560e-02
8.933997131169177375e-02
8.933997131169177375e-02
8.446045214682575131e-02
8.933997131169177375e-02
8.312517870752160476e-02
7.300596730479320950e-02
1.143273659021221272e-01
8.907553040381815945e-02
1.356380588927135200e-01
1.218148527485160698e-01
1.058071627595988246e-01
1.220086626429295329e-01
1.124187423836708055e-01
1.332916563710101476e-01
2.219116419197118550e-01
7.397911392419073695e-02
9.234206293373022068e-02
7.171299463246834371e-02
1.926421803002237310e-01
1.120696366708716640e-01
9.445116721055012154e-02
1.138561276198603311e-01
8.933997131169177375e-02
8.745395354817342426e-02
2.084092689700410839e-01
7.397911392419073695e-02
8.933997131169177375e-02
8.907553040381815945e-02
2.187790161956193469e-01
8.907553040381815945e-02
1.020291431600177517e-01
1.985061908654638940e-01
1.218655832185799870e-01
1.100033741500219681e-01
1.096375241513319193e-01
1.325773972022976643e-01
1.304872513525249522e-01
1.100033741500219681e-01
1.099960749977584168e-01
1.096375241513319193e-01
1.132727042177971988e-01
1.100051684341624286e-01
1.238837368463293342e-01
3.194300054054345916e-01
1.325692793418101478e-01
1.238684918240966215e-01
1.100149353690908771e-01
1.178619013321140913e-01
1.100126225385626849e-01
1.315629152099430377e-01
1.296367109132208206e-01
1.100033741500219681e-01
1.302892100716441792e-01
1.325587520373062156e-01
1.100033741500219681e-01
1.149531013726264456e-01
1.099953659152007185e-01
1.326025980343449318e-01
1.325781735148364449e-01
1.326037436526899538e-01
1.184660928181957007e-01
1.099776470848515125e-01
1.099960749977584168e-01
1.281985541748914825e-01
1.099960749977584168e-01
1.099960749977584168e-01
1.284120843372605347e-01
1.232832548364981434e-01
1.259672975656933314e-01
1.237815790447196890e-01
1.636972318213333055e-01
1.099946474294600379e-01
1.341665647738553013e-01
9.241411676624555760e-02
1.341670661490488026e-01
1.479002047406067777e-01
9.239390948684680915e-02
9.235947509714638459e-02
1.346212776588832372e-01
1.341732886279067838e-01
1.340211755813162375e-01
1.341729374780976092e-01
9.245297508074173942e-02
1.341732520894524106e-01
1.310162273574960179e-01
1.341716633476811582e-01
1.219175665439061890e-01
1.340389701586862103e-01
1.341732833909523581e-01
9.241411676624555760e-02
1.339129960018685395e-01
9.241411676624555760e-02
9.241411676624555760e-02
1.313772143330708131e-01
9.241411676624555760e-02
9.241411676624555760e-02
9.240501861646802095e-02
1.328854177932577985e-01
1.332831041833618668e-01
1.268807805439111924e-01
1.344949830440823058e-01
1.338722394070401833e-01
1.340019740687404259e-01
9.236793931376034716e-02
1.171714583852328517e-01
6.072375552166834334e-01
9.238933227623957745e-02
1.277088285740747842e-01
1.341731894780491263e-01
9.241411676624555760e-02
1.341641067223801609e-01
1.342351809463506740e-01
1.258928900395573092e-01
9.754760975811133106e-02
1.232529225217794677e-01
1.356540761743676438e-01
1.333032819421024751e-01
1.312117157128313560e-01
9.758174743593338307e-02
1.333085064334319780e-01
9.756000172200879339e-02
9.761202381237030212e-02
1.330017780561047192e-01
9.761202381237030212e-02
1.190344486700575799e-01
1.333039221629049864e-01
1.325272281835428445e-01
1.333080216023874998e-01
1.332529383107050602e-01
9.754760975811133106e-02
1.333084441644447060e-01
9.756000172200879339e-02
1.333085115286116729e-01
1.258254841690046033e-01
1.337356015808273679e-01
1.330906143745780312e-01
9.759022518591439765e-02
9.756886992476981879e-02
1.330431166293578049e-01
1.332751351379948546e-01
1.331961707687289442e-01
1.332074094820345223e-01
1.324890483977734512e-01
9.756000172200879339e-02
1.333084396034838470e-01
1.333179429862799137e-01
1.278284307942975928e-01
1.330345525494448511e-01
1.278961664415923238e-01
9.754534972663844727e-02
1.329948634356374337e-01
6.659288329176933641e-02
1.181124182778844622e-01
1.734286634136337213e-01
1.177213021349527433e-01
1.955416283668725552e-01
1.348237535693481981e-01
1.473319752195567656e-01
1.656293485797572240e-01
1.452923315240834679e-01
8.806237942067240976e-02
1.107759642427697394e-01
1.537290239218705168e-01
1.084939666494933730e-01
8.809570544893299826e-02
8.807460506394707012e-02
3.768581470380020226e-01
8.506372469845013828e-02
8.460901755710537042e-02
8.813722826196898619e-02
8.813566776217927889e-02
1.179014334393465174e-01
8.811120127268659563e-02
1.487767516620001895e-01
1.301428431057570223e-01
8.812982264036868518e-02
6.787190685722058192e-02
2.549897075118692236e-01
8.080114698834955922e-02
4.830245533399578073e-01
8.809570544893299826e-02
1.307018248618302125e-01
1.492840008384447859e-01
8.809570544893299826e-02
1.344968865315229190e-01
1.350740174925649240e-01
8.809570544893299826e-02
8.809570544893299826e-02
1.077792965995077873e-01
1.459040389104640234e-01
1.306031117886087278e-01
1.305769110333963590e-01
1.141831281522466546e-01
1.141861016031262971e-01
1.142041882929530489e-01
1.263984084378700912e-01
1.141815387632899581e-01
1.303118338150945632e-01
1.142041882929530489e-01
1.141945414238213774e-01
1.305602591329139694e-01
1.306030759098056604e-01
1.305605042022203177e-01
1.142051718526131132e-01
1.142147471087218563e-01
1.243136275450736628e-01
1.303931846337128830e-01
1.296924358551649337e-01
1.306034387580928269e-01
1.306029340833498031e-01
1.287893659899197740e-01
1.306033258003636288e-01
1.306435001025778864e-01
1.305997456819620040e-01
1.307785645152054199e-01
1.141903161319245547e-01
1.142024708218008638e-01
1.306033964753677556e-01
1.141815387632899581e-01
1.306344420372502757e-01
1.141815387632899581e-01
1.306030653615267989e-01
1.296083435634469150e-01
1.142034438106008243e-01
1.292632293855398296e-01
1.302525002708298518e-01
1.300333614114721481e-01
1.234022689941701029e-01
2.687793636583192813e-01
2.371439818236269204e-01
1.303875759816250923e-01
1.694305240976300697e-01
1.139299291296969191e-01
8.408429462495138618e-02
1.078096907006536043e-01
1.338447102120177423e-01
9.966105214821857627e-02
8.433467392881142943e-02
1.337213214371315295e-01
8.446439168992705970e-02
8.433467392881142943e-02
9.792111858914380462e-02
1.784043607190365921e-01
1.062589018495907894e-01
1.216806462660208477e-01
9.966105214821857627e-02
1.073304083512650331e-01
1.240476478616813899e-01
9.973417587838007137e-02
9.966105214821857627e-02
1.271994702947963907e-01
9.875239006792627117e-02
1.239147198935993816e-01
1.545282759679953155e-01
1.074930177251024049e-01
1.211066529570764411e-01
8.433467392881142943e-02
1.157269410515814750e-01
9.792111858914380462e-02
1.539560095926484629e-01
1.140377563683201562e-01
9.928682593092928721e-02
9.792111858914380462e-02
9.181502511874170547e-02
2.009324852241036741e-01
1.046050631808845416e-01
9.966105214821857627e-02
1.260938848416402469e-01
