2.322458967984078471e-01
4.407010857288972128e-01
3.506266948181154808e-01
8.541161246876907698e-02
6.484623041588503112e-01
1.558319052139462146e-01
4.051017833769649523e-01
3.801082215717237478e-01
1.590859664514326088e-01
1.579898768306156054e-01
6.482780661420065593e-01
3.421893712110357089e-01
3.443984539204954509e-01
3.590645924478454987e-01
3.547430246528297526e-01
1.257915995495883510e-01
3.230312390216147911e-01
3.627354752617110711e-01
7.148023968046628152e-02
4.205097157884256642e-01
1.589856524720655861e-01
3.890561008095913542e-01
3.653948459874568067e-01
3.668799656249039365e-01
4.114057146520300190e-01
1.591387471725733138e-01
2.928738707865496949e-01
5.308385285791303865e-01
4.518903971566199940e-01
2.730845116785889370e-01
7.123886029201172976e-01
2.730845116785889370e-01
4.231418282348492488e-01
7.463153536976983027e-01
1.590859664514326088e-01
2.433798499370377899e-01
1.647980600357515368e-01
3.151197836028736265e-01
6.236284149610783478e-01
2.696387924993988161e-01
4.926362824773220517e-01
5.674312018349222386e-01
3.590904072433789840e-01
1.811104693428176593e-01
2.727071601108267407e-01
2.949120818900488050e-01
3.586565523564186342e-01
2.497756614718123491e-01
2.600548521199872454e-01
3.575617186498895594e-01
1.592065939386441698e-01
1.548252978822673986e-01
4.262762397805389680e-01
1.590859664514326088e-01
3.405399346231554603e-01
1.127762689572513882e-01
2.604648123018993289e-01
4.147507976755225312e-01
2.750013686544812153e-01
3.505542771178471462e-01
3.293868348044983740e-01
5.549576458255067735e-01
1.590859664514326088e-01
3.433457832237823970e-01
1.579268457426313832e-01
1.723162264581573622e-01
3.597969837344815458e-01
3.981128584480786436e-01
3.275574151231481768e-01
8.797744961903555816e-02
1.590859664514326088e-01
2.866791026266530262e-01
7.148023968046628152e-02
3.600268765675374016e-01
6.743156106238033798e-02
4.279349049686725914e-01
3.385522396343320639e-01
6.197598893752241933e-01
3.394682293708833343e-01
3.641883389866418796e-01
1.487195884854917716e-01
5.476199706853074334e-01
3.018692150204707603e-01
1.892697100289978673e-01
2.493878494300414417e-01
2.831475213885247810e-01
7.082802888844925704e-01
1.892697100289978673e-01
1.877274271882820311e-01
8.492545923691361409e-01
4.875944593142932382e-01
2.821322624030955240e-01
3.730906436820581873e-01
1.958149000751288338e-01
2.583128836086910907e-01
2.724333389261043292e-01
5.000000000000000000e-01
3.781406710376461477e-01
1.600619281371389035e-01
4.130763097852932497e-01
1.143968263745676894e-01
3.594782297932591075e-01
3.944823711991109483e-01
3.745371425192802195e-01
3.365265932562029327e-01
4.260579298171183749e-01
2.335742080763402173e-01
3.744405153245999318e-01
1.744750294673355073e-01
2.084987774442787212e-01
2.667564457892206420e-01
3.501859612802530886e-01
1.892697100289978673e-01
2.307111771545621859e-01
7.266671675615664627e-01
4.295348533304038097e-01
1.702083336874386232e-01
2.231170224342991781e-01
4.883318955339687739e-01
2.997078004029375964e-01
1.625832704566804732e-01
3.323665710018885444e-01
4.027350655754911579e-01
8.242023717385140724e-01
8.319285138555867487e-01
2.832410319720947145e-01
1.757754496096276264e-01
2.141094059001448779e-01
2.257954581044674947e-01
2.742598425518290584e-01
3.412773922267486326e-01
2.571293761155570845e-01
2.193170653103820034e-01
2.636692101995369297e-01
2.982103088053385531e-01
3.634499381662761319e-01
4.025298859642321148e-01
4.341262000888790884e-01
1.841597353982887264e-01
4.900149869241675060e-01
1.773442009915097428e-01
3.293101666244021009e-01
2.573568399434099652e-01
3.174206536621383412e-01
3.096487566197880237e-01
2.066850008016302975e-01
2.212431606997757039e-01
7.429369779807887264e-01
3.532460987843312750e-01
7.280055711228655690e-01
4.497114359988597099e-01
2.178101583994222767e-01
3.529488009497170897e-01
3.477367748857354557e-01
3.435422343934989575e-01
3.103926994058190392e-01
6.631626465690677596e-01
2.561237182094848186e-01
1.755261491223650272e-01
2.398700812813622518e-01
6.341249152897336927e-01
5.288527066594723713e-01
4.612036438169782038e-01
2.501558687152548588e-01
2.569080979084976124e-01
4.354817721761885529e-01
3.027696018385757637e-01
3.338855745152377597e-01
1.990951933670544460e-01
2.058838901052948978e-01
2.761511071007958784e-01
2.000046898334738865e-01
1.990951933670544460e-01
3.869349973923021380e-01
5.277711076801883117e-01
4.778717367018665008e-01
7.777722278244977305e-01
2.156957759294433619e-01
2.844911528359325703e-01
3.932900064642607108e-01
2.213749512218898263e-01
5.212311516808433298e-01
1.738144699764231360e-01
2.352555744308539032e-01
4.053762872454986788e-01
1.653697450538108293e-01
3.671997276939645283e-01
1.251047083183637332e-01
3.032977027332841580e-01
2.710717102938272061e-01
3.367691352718297226e-01
7.261325355040425533e-01
4.468351710949632905e-01
3.376037677794795355e-01
3.631616947679586205e-01
6.367162641806954904e-01
4.689646210754173095e-01
3.087391199387626295e-01
1.846546483621158974e-01
2.058117218153575345e-01
2.508449728635744891e-01
7.158246564524977096e-01
3.751914003638158746e-01
5.111831260419040790e-01
4.442037875112162526e-01
4.652454861980810930e-01
7.174039451633970055e-01
2.625886624283023107e-01
3.651804939816149509e-01
3.561339025061969754e-01
2.320181483736886430e-01
5.063496746687822236e-01
6.663299200159001900e-01
4.859899961617532016e-01
2.707106440082042709e-01
3.043106060793961398e-01
6.014539819533875065e-01
3.898387928795101764e-01
2.188841325340457056e-01
2.396485546961569235e-01
5.135527679307980709e-01
3.236028791741099586e-01
2.686087171833126952e-01
6.127064677327808129e-01
8.596111588309799378e-01
8.281118004630316776e-01
4.261966705351916129e-01
4.335028579819288908e-01
5.202988552912791720e-01
3.675934691656235764e-01
7.179362075344420946e-01
5.938793439996149504e-01
5.112959837401541696e-01
4.097739692435206083e-01
8.236840400645649707e-01
7.121530744310295979e-01
1.807943585434881595e-01
1.761544161157599653e-01
3.277172622245652089e-01
2.263082079556599790e-01
5.845086576854835458e-01
2.040685077827695815e-01
1.455806564659490043e-01
1.523920052611547615e-01
2.724440543809387716e-01
4.718600788040348548e-01
3.281109289975865373e-01
1.374852539570491916e-01
1.161965627491788333e-01
3.422340028907848719e-01
3.596211441255269259e-01
1.270396552023927705e-01
6.140920050766802696e-01
1.687217963482472438e-01
2.806661995712882995e-01
9.691588138416119824e-02
3.326607586478460554e-01
2.602764980097131975e-01
1.632801204467987100e-01
3.081295651651524414e-01
5.601171898974752761e-01
2.187120107979191042e-01
1.328568922857622792e-01
3.690614318406941208e-01
1.441678165724656346e-01
2.618023609476473057e-01
9.279692579960698018e-02
2.842682889125462409e-01
1.760757997604863179e-01
3.358856840979358438e-01
2.884375743985144736e-01
3.217660517142690302e-01
9.019487531306258354e-02
1.760757997604863179e-01
3.648602767226958865e-01
1.888316754986376356e-01
4.393795603070683731e-01
1.829999331202222801e-01
2.696145343242805081e-01
3.858991203766273248e-01
3.578214467127507903e-01
3.053429833699288776e-01
3.472422087834947102e-01
4.437236381007915176e-01
4.339629317790644758e-01
5.481213045208815915e-01
2.657604417137288677e-01
3.217571099254263323e-01
7.440896100731669849e-01
5.311193152750401936e-01
4.442554134765844265e-01
2.006165621308956259e-01
7.254558840379485285e-02
4.115786281402059599e-01
5.946139517143654851e-01
3.969848014552050386e-01
3.537076424140913611e-01
4.165746534669333423e-01
5.000000000000000000e-01
4.477001620210952493e-01
4.466164586047569607e-01
5.934475442365206854e-01
3.847747985703435236e-01
3.900569803327208485e-01
3.565049445649237092e-01
5.000000000000000000e-01
2.432191871630767499e-01
2.833493879833114404e-01
4.347945966239627480e-01
4.408296447638184734e-01
3.658700393305794885e-01
2.696338630824465787e-01
5.809716583556416847e-01
4.317225034996508004e-01
2.422864464299606113e-01
1.014003112521128513e-01
7.040658625584571562e-01
6.611919731601986205e-01
4.386948600774707163e-01
2.599639535885653330e-01
4.347744276833317434e-01
3.127630788510126214e-01
1.978173155337689670e-01
4.380402078526679510e-01
2.985841054896722913e-01
1.789435961640282458e-01
3.060632774634044484e-01
1.525264693172561359e-01
2.984007363338749830e-01
1.730045824762964368e-01
1.425012690385034919e-01
1.820025111449849464e-01
7.328252036906691691e-01
2.502768243953968907e-01
1.750682012377552943e-01
1.934297776020852400e-01
4.423356509850094320e-01
4.615313589424116514e-01
2.067195149531527165e-01
6.739837321040003104e-01
3.891138662706791762e-01
1.934228168682772531e-01
1.666590285862350196e-01
1.598892528499016585e-01
7.420666964613418237e-01
8.072860724971070434e-01
7.895679306167457945e-01
3.681630905928999775e-01
4.782813484434427775e-01
6.406546213426896896e-01
4.365447595063920438e-01
8.324088039905893632e-01
2.266985205718685115e-01
2.596331187950362551e-01
1.897167709006513936e-01
7.364058653804905763e-01
4.406289309338871085e-01
1.548286242473271013e-01
7.970341317452677155e-01
3.501676774405421133e-01
3.488380528136115766e-01
1.644486438690828944e-01
1.866587689679901907e-01
2.055645869774752610e-01
2.246301781235463813e-01
1.412687039500990227e-01
5.063725822758207151e-01
2.137622105593049993e-01
1.439595325974354356e-01
1.835424010282261376e-01
1.683780678753188653e-01
1.683780678753188653e-01
4.518942558143376753e-01
1.630626028147411644e-01
1.196468239989939980e-01
2.511987867699278509e-01
4.142353795702803376e-01
1.063292031315644787e-01
5.400808181715597289e-01
3.763303534877909251e-01
3.678715462995983954e-01
3.804962610643702892e-01
6.468001390367181802e-01
2.812967298699174945e-01
5.630104122186322391e-01
3.001570960340511074e-01
2.582197870509441162e-01
3.794076664704346680e-01
1.683780678753188653e-01
1.972892606739157506e-01
5.161449290070753149e-01
3.305916419791380956e-01
6.517018168632509045e-01
4.135004194344921169e-01
2.293125920095252235e-01
5.000000000000000000e-01
1.382491078296327058e-01
1.460946555900322907e-01
6.012513912410170080e-01
7.231307661771114725e-01
3.538424148583206863e-01
1.458710569839613558e-01
3.624875900208121560e-01
7.980591812925844630e-01
1.352710527868906110e-01
1.536213594132243010e-01
3.006012015717278163e-01
3.095477189498442860e-01
4.423047646813802469e-01
2.677908135283032509e-01
2.257077857504024010e-01
3.911996377480201348e-01
3.861809517697085137e-01
3.299261179729424120e-01
1.207708052485439582e-01
3.277448750124214438e-01
6.763306965552939864e-01
5.315746273742939509e-01
7.292076808467132798e-01
1.381948111072829055e-01
6.043526814282981219e-01
8.243373598755220077e-02
3.952222058183994524e-01
5.000000000000000000e-01
1.459602706498657476e-01
7.283542725104409365e-01
3.647171731407775064e-01
3.388401707414970820e-01
3.685827611355291800e-01
9.786077286145276888e-02
5.584618085413637356e-01
2.764510788310025058e-01
5.716862653857369275e-02
3.668048223974187949e-01
6.613267829491783489e-01
5.975020591171646966e-01
2.700862220792958901e-01
7.029665823305694117e-01
3.177278552367560072e-01
2.281697272559092271e-01
6.934184885878500459e-01
6.686284376780617933e-01
3.951974790458437359e-01
4.030217569766513797e-01
5.610177341474336110e-01
3.518122535894098180e-01
6.221927383475486240e-01
1.022359013205622474e-01
6.971605030932800373e-01
4.203727446956946334e-01
3.596586775359101873e-01
2.765896274193990756e-01
3.497958867644262448e-01
2.194579177330868713e-01
3.705342139539742896e-01
3.696167774605600975e-01
8.250790542879279377e-01
1.860818501234874078e-01
1.878750886799492315e-01
3.372008238161111060e-01
1.743206767386965839e-01
1.763555828417417981e-01
7.563530140528429424e-02
1.586256293438718101e-01
6.371292690238377077e-01
5.249554751520824070e-01
5.355003698104765508e-01
3.684059087841819458e-01
3.677817659732177114e-01
1.571566119308691056e-01
1.460946555900322907e-01
1.410370050396920205e-01
1.276540517191203095e-01
1.928303453814868562e-01
7.832232864341800993e-02
4.383991588954733731e-01
1.459153745357199827e-01
3.331960277911797941e-01
7.606395702795254454e-01
1.982796077058142370e-01
1.218994597113699230e-01
5.348808397513883373e-01
2.054105670790678517e-01
3.082039599740760139e-01
2.998484084565619101e-01
4.620952520849684331e-01
4.544056549302741832e-01
2.327293821630260218e-01
2.801273347629770205e-01
7.232077298603686866e-02
3.716020434784306770e-01
5.000000000000000000e-01
3.318981149450499490e-01
7.605187646158254600e-01
9.322833665946064774e-02
1.526308860515661059e-01
3.568284875280821611e-01
7.554020761935981154e-02
5.000000000000000000e-01
8.035428548392092862e-01
1.775757218650868274e-01
8.919317325252495987e-01
3.746698745859565749e-01
4.333645234153259973e-01
5.974848971774119333e-01
1.253285324192578154e-01
7.483552373391220147e-01
4.222136364933936070e-01
2.784323137334075993e-01
2.057132201924437853e-01
1.776581833519630393e-01
1.630208041291663357e-01
8.152797341274504728e-01
6.818760775087533421e-01
7.549378996248686802e-01
3.098097913095756439e-01
3.416664728829241215e-01
3.312236702402068245e-01
4.026842282611602930e-01
6.182268424017850483e-01
4.438871829161049609e-01
7.269321266778249191e-01
3.889677521939415850e-01
1.811159446088258518e-01
4.188093195317012518e-01
3.854550621378915465e-01
4.656024373452963272e-01
3.056607805440749726e-01
3.287587638254295119e-01
1.256908130080876262e-01
3.023547357481498055e-01
1.335231641642364298e-01
1.024616504085517216e-01
7.178002658682689496e-01
2.390899204818553447e-01
5.584325979880639945e-01
6.485479646383141006e-02
7.612789315781108845e-01
2.916760517338083947e-01
2.133304644679740458e-01
2.984863348061042032e-01
3.811999433164119377e-01
3.580789102726769091e-01
6.088312315130426366e-01
3.503138922674913225e-01
1.029479606102150918e-01
3.023395926303107939e-01
2.619704167923515570e-01
2.589740730517792744e-01
4.931594234434006907e-01
2.842296268214436483e-01
5.333044536581561523e-01
5.680547489604187428e-01
4.156013073890543752e-01
1.662907032063449808e-01
1.571380164666515700e-01
2.518466988810142415e-01
5.914193724431812127e-01
2.391718744379591477e-01
6.142730987405169429e-01
3.991058332282654275e-01
1.790849050028783251e-01
4.407821668928247338e-01
2.695027552436459195e-01
4.059546850438945365e-01
4.520595298409098572e-01
3.083029025814678636e-01
5.555235468454119419e-01
5.963389888914774062e-01
5.447677242730062375e-01
7.017045272296767999e-01
1.840879293755242341e-01
2.070359650607379032e-01
7.098610627590976607e-01
1.794745339899937453e-01
4.738364882780564113e-01
3.652336500981379075e-01
2.996182878934498528e-01
3.043299385856241268e-01
2.985059398948799458e-01
2.122746757239608872e-01
4.946723203718253470e-01
1.478145613884431775e-01
1.926530228967685276e-01
2.000321358294885055e-01
3.417086460686354354e-01
4.852626826310126873e-01
1.750358947283022770e-01
6.075454954318848522e-01
2.756886725260454529e-01
2.357212942238449127e-01
3.757012225481948242e-01
1.806316336068432282e-01
3.129327827721834487e-01
3.767661125715127679e-01
4.449613273732779262e-01
1.536723743752451965e-01
5.375678181071248396e-01
1.892801090050838797e-01
2.202261871209186539e-01
1.892801090050838797e-01
1.598319824912363962e-01
5.264107584020845110e-01
2.574157737608329111e-01
5.641464618739894243e-01
2.108721869746500999e-01
1.913784569480952713e-01
1.624074943283640438e-01
3.293791530581375859e-01
1.905857870072036053e-01
1.569094966527974644e-01
4.528398036807839144e-01
3.109843368327124824e-01
2.555668988418499654e-01
3.688420431086892326e-01
1.674606624160938362e-01
5.932304178712336507e-01
2.218849773389938440e-01
2.472312870526269524e-01
3.552280238811287849e-01
3.304937182296969200e-01
8.291929137544002959e-01
3.932702236466300572e-01
1.767704745260102184e-01
3.318631190808099540e-01
5.058472100037549879e-01
3.720987180281853379e-01
2.414974030586426179e-01
1.421646428634396053e-01
1.007407221413693793e-01
3.849126723792740123e-01
2.564032873410131974e-01
3.999113132470413223e-01
5.282822431230851379e-01
3.862422527879824097e-01
3.847389571576612655e-01
2.726348886094021595e-01
3.866918841768206550e-01
3.405746009229063120e-01
3.853829563394916558e-01
8.312352569238419531e-02
7.170123168121030899e-01
2.604702580208881901e-01
2.828012162826132880e-01
2.006466121873106689e-01
1.261957868246731118e-01
2.525042358114640284e-01
4.206702328993470186e-01
1.263174021381086032e-01
2.295149718832037167e-01
1.880085963418457740e-01
3.851173496547296016e-01
3.883859750110696951e-01
1.010984035975775047e-01
2.884024772673822179e-01
9.708239233279357394e-02
9.491262499131114527e-02
4.012161350127280146e-01
4.416235835456247538e-01
1.663874663239112706e-01
1.049415146202028887e-01
4.522053169624995483e-01
5.293083391116465419e-01
2.487352695791372748e-01
3.320721733951618737e-01
8.484415734078085691e-01
2.931622390019839042e-01
3.026843078949627563e-01
2.333332998245042922e-01
3.586508690152609979e-01
4.163888730689912498e-01
4.061097053210527830e-01
1.262118280531592529e-01
3.850171639238189059e-01
3.959822494508497548e-01
1.261957868246731118e-01
4.014894550049528665e-01
4.246559755462140373e-01
2.859219060473717211e-01
1.378168919770616507e-01
3.854626612543573527e-01
3.853900858259432516e-01
1.262624121197385707e-01
3.127234279305035614e-01
3.853812717003640143e-01
3.889127722021057387e-01
3.872076662934708646e-01
3.844157374318746823e-01
1.261957868246731118e-01
3.290357208612435524e-01
3.914901115826777689e-01
9.384559760705467324e-02
3.864590079630155772e-01
2.781917631359352439e-01
4.033529903338239908e-01
1.853844892043723658e-01
3.799238028915891685e-01
3.872681831054913260e-01
4.780327966141336149e-01
5.000000000000000000e-01
3.900170080919705962e-01
5.110995651961559583e-01
3.609147553209147707e-01
3.848177505570797297e-01
3.853891029384278188e-01
2.790627296946068814e-01
1.109414283717692351e-01
2.475878368922803385e-01
4.497295555698749281e-01
4.147679721840213940e-01
2.008904328387722815e-01
1.107819852164834556e-01
1.090566936677196952e-01
1.100339459831575217e-01
2.495161977663004071e-01
5.706230018926428810e-02
9.159661477913530470e-02
1.381485401076120167e-01
5.684692560574374776e-01
4.154473626183000645e-01
7.868523412591889310e-02
4.185721328499090177e-01
3.974271886282934041e-01
5.192506274731482074e-01
3.457308205426540271e-01
4.282350479476657035e-01
1.438133864345371438e-01
6.954253473191330803e-01
3.865695227941106649e-01
3.069491887529067764e-01
2.629621950871479097e-01
2.307588326767365527e-01
3.926415914890785674e-01
5.146373026913139137e-01
4.847313063823291968e-01
1.725617096748592871e-01
1.857721184050186713e-01
4.073654314446755187e-01
1.698168435968598067e-01
4.190861826497725984e-01
7.123680820262316971e-01
2.983253067487323107e-01
4.146258934869788138e-01
4.250997373645685751e-01
3.024265426996088357e-01
4.145502239336344985e-01
1.036012653878378986e-01
3.706180594602784262e-01
8.034071841198577868e-01
3.453089463871869547e-01
1.079043121416500550e-01
2.267008074765402281e-01
1.626822363080213663e-01
5.496292169141562267e-01
4.280788226638785332e-01
1.103290739624142591e-01
5.500883706253698602e-01
4.264521676760211211e-01
4.410085643287605661e-01
1.110351587057998024e-01
4.147634318886165294e-01
3.855724327994809464e-01
3.444463380951018339e-01
1.072591615609273658e-01
4.147200564614405005e-01
4.140933009933255859e-01
9.907843415661353459e-02
4.924423981913128023e-01
4.203497967691437465e-01
1.953754751792144140e-01
1.301049912434313338e-01
1.626822363080213663e-01
3.961861607395061324e-01
3.972697784251874031e-01
1.739498344571082378e-01
4.147625586259851560e-01
4.146227742621204082e-01
4.151504584542344833e-01
4.171553474518935878e-01
2.441308255730840482e-01
4.296928807803067074e-01
1.516077300751922929e-01
7.515467914554427864e-01
