2.418720583167517091e-01
3.764652669669300011e-01
2.450830705245752583e-01
1.103313602458397408e-01
2.962095177993248063e-01
1.241540513509269417e-01
2.296227824363777925e-01
3.938241812453035506e-01
1.988193793128586739e-01
1.707419464367832540e-01
3.967713175465585884e-01
3.690899425471915185e-01
4.295261226061581894e-01
3.877943282131305347e-01
3.677626872495092236e-01
1.515451553433151410e-01
8.064057634725892154e-02
3.904525656272477274e-01
4.948120324693055377e-02
3.468708056153241293e-01
1.502403513069385799e-01
3.982770818730581031e-01
4.109867252229458812e-01
3.866992428016896577e-01
5.963823993669401524e-01
1.961586136222124022e-01
3.198562938848018011e-01
4.749333013988986663e-01
3.121550579725826946e-01
1.558150262143289944e-01
6.506105164270630237e-01
1.552569338387295994e-01
3.082277691949133480e-01
7.005155550382108354e-01
1.354114090611035492e-01
2.409924913413655778e-01
1.226460594586014502e-01
2.515999631984761620e-01
4.081175110028262831e-01
2.714231527138508127e-01
5.424397416118458271e-01
2.856250675156358776e-01
3.882978258226855717e-01
4.816306309627781390e-01
2.051280088787234834e-01
2.722674597030773080e-01
3.873825057473832545e-01
1.562082361087271665e-01
2.780382466640067829e-01
3.879177228665295352e-01
1.489417723339168109e-01
1.683299179925726030e-01
4.392658130084697299e-01
1.354114090611035492e-01
3.547738502944397521e-01
1.069907256123582701e-01
2.164074987421616691e-01
4.748185502780379874e-01
2.185244011385461538e-01
3.835113273790294874e-01
4.706961063669897749e-01
4.262633454454156645e-01
1.354114090611035492e-01
4.071592784908725782e-01
1.354895016442659861e-01
1.024021661643965408e-01
3.929605072721611414e-01
3.466544678176885497e-01
3.620496948726248387e-01
6.706982803593213027e-02
1.354114090611035492e-01
2.116380549534120914e-01
4.948120324693055377e-02
3.886171806742308443e-01
4.226333340177075570e-02
3.788689936697396954e-01
3.373412571967364104e-01
6.480032521456551287e-01
3.553406961470729208e-01
2.939028992908748750e-01
1.247956624655711527e-01
5.343857704833951949e-01
3.812149017370843329e-01
1.685091625418699279e-01
2.137772166501956395e-01
3.818874095221221343e-01
6.825269103797545478e-01
1.685091625418699279e-01
2.699896414158449165e-01
5.738364915059486204e-01
5.890707912330533924e-01
3.049659736236836616e-01
2.702159877883515970e-01
2.155343404381653560e-01
4.079822598518713095e-01
2.587048738007689530e-01
3.802752070506648097e-01
3.950177620066937512e-01
1.322572131244556526e-01
6.450799146612692381e-01
1.973094212633247357e-02
5.696451481897583102e-01
5.763188190006602873e-01
3.152354105099049453e-01
4.275803847063639473e-01
3.403086007849679961e-01
2.294863458647163068e-01
3.080153823784480549e-01
1.582348721068567443e-01
8.982861446794210281e-02
3.538027288352307842e-01
1.231874553428305846e-01
1.685091625418699279e-01
9.530789229540440055e-02
6.133714504754756991e-01
2.922608997403985387e-01
6.938687251101041675e-02
3.611043558325067737e-01
6.946271317497160203e-01
4.298258653175955346e-01
1.512155583243849633e-01
2.335612046750014659e-01
3.963692902298638909e-01
6.449493534842253295e-01
4.043027845401262477e-01
3.524348104486525468e-01
7.988896812108288448e-02
1.622914881345353111e-01
2.465187077722053310e-01
2.187460252330761523e-01
3.974669605347557200e-01
3.586805161852923418e-01
2.176952891607990270e-01
2.150990709250974742e-01
3.135890130412391508e-01
7.748662682822644587e-01
2.455631360816883102e-01
3.782637090164958082e-01
2.086462778139105967e-01
5.141840092832643538e-01
1.271361231540654724e-01
5.349228494789534105e-01
4.583793433962908281e-01
7.263908242215154631e-01
4.290421183052341991e-01
1.370076757386570199e-01
2.274411010959584145e-01
4.051984900470114170e-01
2.385087557477963693e-01
3.050644279641118728e-01
3.112219639112370762e-01
2.265209570166462905e-01
3.751515871055381424e-01
8.151608815625267790e-02
1.685632799502515822e-01
4.893469429754525035e-01
3.925336358157013872e-01
4.579643355861151011e-01
7.664563569338009863e-01
1.450856908334378359e-01
4.230686375450153913e-01
4.227940177935181620e-01
4.198595377338094625e-01
1.400282326219714768e-01
2.954829005983326540e-01
4.223140971498791640e-01
4.190552716060265137e-01
4.052686025815369075e-01
8.788815522685478054e-02
8.806991257169501097e-02
1.167994610030165109e-01
2.518088568835911145e-01
8.788815522685478054e-02
4.222803612803237017e-01
4.342781034886151192e-01
4.093526909657297375e-01
6.326805787024110117e-01
3.005557237662127568e-01
8.788022512802423636e-02
4.224383916128884864e-01
2.177905327870853780e-01
4.195358802936608456e-01
4.428022428837402602e-02
1.594613417656914889e-01
4.227877179363531135e-01
1.847591780985604892e-01
4.226819593501376926e-01
5.795634157282673893e-02
2.601321626036783297e-01
2.035802924098264743e-01
4.228171589453935120e-01
4.753530377483969893e-01
7.739854411338905615e-01
2.227863884220196711e-01
4.161158625131086697e-01
4.239221445025166957e-01
4.891018592444293378e-01
3.631899419270640528e-01
5.911042494182437018e-02
2.191919363452631275e-01
2.499849145822292118e-01
5.000000000000000000e-01
3.173837185881927536e-01
3.524981106004750342e-01
4.224317004906364414e-01
8.795146233499383237e-02
6.031943417066875091e-01
3.382575988981162407e-01
4.155360111352822683e-01
4.217302022357601876e-01
1.119813594450868033e-01
4.178118377350341084e-01
4.230092973184743088e-01
5.395509555964984605e-01
4.805990347338598978e-01
3.501295929795075201e-01
4.288459954847235189e-01
3.802586613046400887e-01
3.694400086544226136e-01
4.205957982440983178e-01
3.609525791318682897e-01
3.526676167847241361e-01
2.693472126807123779e-01
1.788826690857290569e-01
4.226222614557124113e-01
4.203756659962218922e-01
6.234049690765022245e-01
4.274224644520119853e-01
4.113239262745262970e-01
4.139958613990046832e-01
4.259841954772309869e-01
4.215263662867319017e-01
4.244526797725678424e-01
3.544891676222124421e-01
4.173307207560754128e-01
5.000000000000000000e-01
4.612229460869048947e-01
4.232343943759136473e-01
3.286982234609871489e-01
2.312096912291270456e-01
2.042678168794182791e-01
1.269363075626638859e-01
2.499768193115965154e-01
1.713494966026776201e-01
3.967964639674151361e-01
5.838728322999492404e-01
3.392105358818167660e-01
9.662284395027184725e-02
1.292425946902400757e-01
3.453435789284161617e-01
3.829497898061718364e-01
1.392255456504169764e-01
6.294427172194578812e-01
1.782941005384182653e-01
2.241682045270900481e-01
1.642302958675275759e-01
3.391644039568616487e-01
2.280585400116851014e-01
3.097658828596714375e-01
3.141699967697086371e-01
1.546904511233700708e-01
1.375306516362173048e-01
9.331334906150344499e-02
4.138580998623462848e-01
1.165414308149654854e-01
1.763164631017850592e-01
7.444615659315416412e-02
1.842263083158979520e-01
1.392734517034866504e-01
2.807961642770813726e-01
3.458152274799506376e-01
3.537692714919651316e-01
5.304643698394460177e-02
1.392734517034866504e-01
3.043835363525423388e-01
1.560207588730870287e-01
3.937868414752259683e-01
3.445575030509803183e-01
2.335384957582820609e-01
4.015044674176849182e-01
3.798592012490595859e-01
4.440358001024350965e-01
3.625138954383513301e-01
3.961657861236121403e-01
4.708178715580671470e-01
4.112326552387220446e-01
2.343498236058673412e-01
3.807313041260115827e-01
5.719398424565990124e-01
6.523276233509344157e-01
4.776259489242908329e-01
2.475671309200094816e-01
8.576735354959125202e-02
5.000000000000000000e-01
7.497479025733078117e-02
7.370069116202075943e-01
4.406693518329780068e-01
5.579146118940799814e-01
3.862120894246764413e-01
3.772572698509983891e-01
3.477996080311067661e-01
5.532543201197808180e-01
3.809027077382693416e-01
2.600270931892937343e-01
6.466339492533067501e-01
4.044138334556824921e-01
4.362119057683538359e-01
3.753090940286092914e-01
5.581533049008365888e-01
4.040385907448432734e-01
2.641790436693307043e-01
5.347110178026888150e-01
4.807428177775905920e-01
4.370556613031302273e-01
3.943101597801906832e-01
5.783871868854529863e-01
3.447095764768961512e-01
2.534796424176097851e-01
4.167191086203149708e-01
3.021849775874590471e-01
4.369692560019247662e-01
2.396571927116982470e-01
1.976617997380988312e-01
2.598934588225558784e-01
2.768452103474010051e-01
1.209155831418267102e-01
3.365950234364809002e-01
1.337577525058347705e-01
3.725998367641746856e-01
1.380611499022909028e-01
1.481901117377210364e-01
1.729292046050329990e-01
5.662336915759127454e-01
2.494849994873277743e-01
1.809623514703919134e-01
1.437742782269328112e-01
3.998053119328766059e-01
5.279134560349589833e-01
1.789296321344912843e-01
8.103815593056660216e-01
4.888106866484218105e-01
2.102465386694650495e-01
2.020388085331651096e-01
1.758668303931332777e-01
1.319583721999977588e-01
2.102465386694650495e-01
7.682753156835381292e-01
8.218102033172662857e-01
7.534765068086626272e-01
4.286110476861524354e-01
6.293374837298525426e-01
5.888957023836154381e-01
5.782335142189302113e-01
8.516969273072964031e-01
3.144943086046229630e-01
4.405935532303191238e-01
2.028395897446909624e-01
5.269513024891108177e-01
4.842893645011058235e-01
1.314389845766884557e-01
8.144588639329812807e-01
5.766375327812679474e-01
3.660017002461022906e-01
1.447736105734523104e-01
2.173584878843619894e-01
2.018339501675721070e-01
2.514035473871736870e-01
1.390295721713744603e-01
5.000000000000000000e-01
2.508964671226600607e-01
1.378048663713369593e-01
1.809492118724632670e-01
1.418872830379622196e-01
1.418872830379622196e-01
3.665070652301003484e-01
1.309621469418985051e-01
1.283858645832207657e-01
2.242931264116524159e-01
5.136715143333443478e-01
9.777938299304037018e-02
3.739020655186243158e-01
1.489768977294919639e-01
5.153261802273129133e-01
4.384856369751716776e-01
3.763476441312259557e-01
4.804825078760554535e-01
7.269885286594492957e-01
2.514912526250795977e-01
5.597037714963774002e-01
3.295032295730781491e-01
1.962387682228683150e-01
2.627995484351411393e-01
4.765260293651666923e-01
1.418872830379622196e-01
1.707384008939981934e-01
6.066326077464536670e-01
3.533055958658685158e-01
3.820035266270466745e-01
1.845346897826059540e-01
1.451093062318248028e-01
6.618847472207473048e-01
7.439544737609548042e-01
1.752975893183197353e-01
1.250773460886795141e-01
3.720915029413885966e-01
6.911802185983586533e-01
2.712911099279084470e-01
1.047196129099900175e-01
2.292400885743283434e-01
5.344300023177410708e-01
6.381131393964889487e-01
5.534461801472886355e-01
2.206888535647456850e-01
2.202189047659733889e-01
5.608616512085233818e-01
4.445496799684630629e-01
1.956283957802890938e-01
1.081735506119207157e-01
5.718677984177149565e-01
5.622387778177094786e-01
4.369158905978299257e-01
4.262776291007823737e-01
1.442085543956724281e-01
5.350879481025615503e-01
1.028939509363632349e-01
5.145260311243055051e-01
6.072762678425862592e-01
1.346164812137675970e-01
4.670486739907905860e-01
5.000000000000000000e-01
2.616624701095728867e-01
5.000000000000000000e-01
8.482569169166538636e-02
7.917985271667813407e-01
1.941559630790003765e-01
6.995403078310727385e-02
4.792611754572628224e-01
7.118882975022112758e-01
5.124325362846756660e-01
2.000306517243060633e-01
8.662161449975177563e-01
2.292969592214366137e-01
3.991287807103922058e-01
6.325042692137647915e-01
5.532681464701476592e-01
3.833069658359654630e-01
5.000000000000000000e-01
3.027695494349577632e-01
7.104436888979934750e-01
6.966674944063406816e-01
1.550106076065507210e-01
8.555249764528478629e-01
2.918980401850896911e-01
4.565360387100292905e-01
3.349284361113324393e-01
2.623954470554268337e-01
2.695580815313524670e-01
2.096659284942350432e-01
1.705981873439827157e-01
3.381614570452202706e-01
8.947159992609050594e-01
2.011861670521010725e-01
1.121215628067944309e-01
5.485395937317723014e-01
2.190166882250808578e-01
1.148877783797346147e-01
2.025167846261428581e-02
1.497812811345205219e-01
6.048180987404413456e-01
6.318954585564736659e-01
5.674410177900424124e-01
4.294284545762065974e-01
4.104848175520069420e-01
1.081770896420103517e-01
1.451093062318248028e-01
1.649368680143619426e-01
1.556112994353932300e-01
1.734158792477864530e-01
4.682100203217386819e-02
4.266870102896122563e-01
8.548844880880451802e-02
3.823339493932676469e-01
7.825535565108823199e-01
5.156000116463173022e-01
1.435809951116722993e-01
4.551264853896226370e-01
2.177596915377831288e-01
3.999606623567268926e-01
1.905124294863875245e-01
3.327958162479721094e-01
6.203660690915072662e-01
2.084531643547372914e-01
3.197792015815009159e-01
3.460217807069523865e-02
1.055755825391060526e-01
7.825558428486942830e-01
8.563612209275268949e-02
7.824945313303700578e-01
1.422645106099001688e-01
1.918275142057156990e-01
2.182715309571490736e-01
3.887654278380171108e-02
7.825558428486942830e-01
8.181939452975723892e-01
1.233948224128936788e-01
8.312131603832647597e-01
2.309838528752142794e-01
5.297716165670940391e-01
2.994774865853108148e-01
1.557463629710201802e-01
5.575880140822112585e-01
4.353005980298681465e-01
1.991234350744507664e-01
3.169743420415875312e-01
1.782415790075300155e-01
2.055709170389714846e-01
7.492016782013513065e-01
2.093376637671699181e-01
6.941412096554013811e-01
4.350145764186895692e-01
2.692317869880765380e-01
3.963099122625038384e-01
3.984997937611966523e-01
2.943563896844544892e-01
4.169281935888949353e-01
2.242481901815205347e-01
8.400583109944810278e-01
1.942912508098393887e-01
2.236694926168629471e-01
2.107610646559902878e-01
3.659242406620641930e-01
2.203828042293652922e-01
3.320761503990677377e-01
5.344665546966669289e-01
1.647548094022654730e-01
2.252960106826552844e-01
1.216805601569594525e-01
1.561577729611430543e-01
6.937413174989180975e-01
1.556374745954721139e-01
5.081556614751325807e-01
3.792968896443044136e-02
7.669596588300927609e-01
1.150865538589383730e-01
2.227254250113979706e-01
2.667530845646779447e-01
1.272294302776542929e-01
2.166926971710494143e-01
3.305295643344070000e-01
7.019257237205874800e-01
4.654575077886587420e-01
9.133853244610537492e-02
3.696583512058673748e-01
3.468847596809290779e-01
3.356299344249379923e-01
3.893254182977552991e-01
3.602921429183787438e-01
4.249133221188746701e-01
2.700482949596280657e-01
9.831952385300476993e-02
6.123297223419025409e-02
1.801432556749774927e-01
6.213618026751281942e-01
1.977247930566516654e-01
6.473497847124974891e-01
3.588874836682543479e-01
2.136033794821727561e-01
3.715010402748648022e-01
2.305896434691354913e-01
3.951396177054801173e-01
4.038211211099034803e-01
2.850035856339119267e-01
6.243229818883703208e-01
4.713527355684672404e-01
4.280488904623473978e-01
3.932330936921673570e-01
1.570389188197230113e-01
2.325003699858833039e-01
4.739276817580051482e-01
2.514445545607503774e-01
5.180472667016742250e-01
3.342960454425717431e-01
3.215922432637765005e-01
5.000000000000000000e-01
4.450826888624556665e-01
3.091511008120713111e-01
4.612790708453681221e-01
9.277407515493631129e-02
1.998815639115416321e-01
3.042815323367695224e-01
7.159856631510945757e-01
4.226431751501535383e-01
1.570304207650133066e-01
6.122689714207111278e-01
2.562263968086136989e-01
1.451497247765370646e-01
8.206069863906613193e-01
1.123736384677676836e-01
2.358713126319573195e-01
3.642712281367465610e-01
5.733419392711823770e-01
1.758458261817590906e-01
8.943682535007124734e-02
3.535915331818142993e-01
1.569057346895381955e-01
9.175009843936600407e-02
1.569057346895381955e-01
9.030547703081770461e-02
3.948382284974353840e-01
1.569908225793488765e-01
4.774793947544406780e-01
2.527476051556014625e-01
3.584607109631954835e-01
5.000000000000000000e-01
5.563994663554784337e-01
2.317056197446859256e-01
1.570604483371627058e-01
2.219599209367310588e-01
3.658332281670745867e-01
2.635850600067118354e-01
6.570661908296017151e-01
8.524917361327076504e-02
4.660801475117276604e-01
2.446007708498731947e-01
3.289458543708319582e-01
1.652232068807241994e-01
7.146524394438809047e-01
2.270884878871054779e-01
5.529292138086389086e-01
3.837030146304691858e-01
2.790574640856725575e-01
4.344593594680394855e-01
7.210811772151672905e-01
1.443959342527804668e-01
1.265890518818086063e-01
6.613232245730442382e-02
3.187030578527146329e-01
4.903370534781351098e-01
4.661530511276346100e-01
1.360425171933914712e-01
4.330155375138594054e-01
3.292165924380651143e-01
2.255411910481672777e-01
4.065537910214196970e-01
9.466449543914862153e-02
2.026547840032622283e-01
3.962800397438540623e-01
9.915654057922428100e-02
7.333902412147431660e-01
4.512818252665389274e-01
2.034881282013878134e-01
1.305697252014912657e-01
1.420902137301380541e-01
2.226516910154672235e-01
1.259772190421177829e-01
4.455801049984878803e-01
3.020648487721510067e-01
1.440935010624507795e-01
3.710072633647420459e-01
3.865286980156618646e-01
5.910944812198145465e-02
2.400632187081034041e-01
5.271378709629124387e-02
3.335548025713309939e-02
5.237279722066264798e-01
3.943057951055063959e-01
3.816649971498031757e-01
8.319893291762531229e-02
2.159794971945922515e-01
1.908490916676701954e-01
1.436127350427967575e-01
2.189293854844733822e-01
8.056572764215557125e-01
3.353666644625257209e-01
2.741754051757436805e-01
2.808007492277198036e-01
3.548042649306176188e-01
6.935356566197823369e-01
5.722446567614073443e-01
8.961794631445213488e-02
2.424472358243398296e-01
4.100241888373448718e-01
1.420902137301380541e-01
5.000000000000000000e-01
2.750028149878341877e-01
1.182467559756816555e-01
1.365704902782096664e-01
4.473018067644064510e-01
3.829841319624452955e-01
1.421650146225409972e-01
5.490998189799978224e-01
3.868232752400977970e-01
4.856693387196818756e-01
3.080589467173809326e-01
3.362041574325665416e-01
4.130318089592217579e-01
1.420902137301380541e-01
4.542869924493654898e-01
5.000000000000000000e-01
1.486007734591613394e-01
4.167952037542044796e-01
2.301103102300803838e-01
5.065909388958250714e-01
2.311190201512919040e-01
5.147388251483075994e-01
2.193688186446760280e-01
5.359708502947945208e-01
5.000000000000000000e-01
5.967452154439409906e-01
7.521066727329280832e-01
1.210120194270152688e-01
3.459970551813190687e-01
3.848021644487389925e-01
2.526883923696853218e-01
1.314494863343501352e-01
2.200641166223270828e-01
2.524871286300084949e-01
4.086019351148273415e-01
3.887037554420708085e-01
2.179360751563947096e-01
6.762169903321267606e-02
2.241425512588849367e-01
3.911292483287906463e-01
6.069959559788534048e-02
1.269250167073474322e-01
3.065162355694125429e-01
4.469260310673340841e-01
5.379676304530126574e-01
3.146511791510663708e-02
4.890269893025415149e-01
1.184170997865000297e-01
4.609791123769856891e-01
3.606702091091437690e-01
3.562801836068086869e-01
1.847396598556728942e-01
7.039449807838049633e-01
3.610650765912208349e-01
2.261286886998730983e-01
2.198350228145815322e-01
2.439170516073276285e-01
2.993947746779090924e-01
2.893017564293453026e-01
3.295011823383131588e-01
2.561128563817915982e-02
4.713454872819598518e-01
1.161822860802485119e-01
2.074272255708069224e-01
3.279459607164080803e-01
5.756952945547658684e-01
1.790329003731781499e-01
1.973245666756291983e-01
2.371429929982672435e-01
7.420669055198574338e-01
1.867085720718116015e-01
2.760045689635343136e-01
4.093635640720663660e-02
2.536873101042951828e-01
4.400581203895444493e-01
3.087523536621517017e-01
1.285877297555313159e-01
2.271760202158424613e-01
3.870679768145254829e-01
6.805863793484742130e-01
3.483459045765534556e-01
1.036972569886030343e-01
1.698313620905316512e-01
8.450629843447838851e-01
3.212772418454563073e-01
1.727876781070433188e-01
4.057334925402648618e-01
3.399288048479007784e-01
1.532648112865237500e-01
8.184231544743440778e-02
2.831533100800501246e-01
2.359678764992010902e-01
1.111056937260180427e-01
6.529954832335763681e-01
4.435958781195449285e-01
2.602133271199730813e-01
1.603282056211605966e-01
4.013647133483633778e-01
2.127427143489967754e-01
1.723436414079899115e-01
3.433579536070827665e-01
4.043367475158201607e-01
2.661700386782918648e-01
6.248427866400790842e-01
5.186200811222487772e-01
2.416881889383224180e-01
6.662681638631882119e-01
1.565184162024295667e-01
5.723258045130760197e-01
