4.007531300516940509e-01
4.073299556901831542e-01
4.074386328032829629e-01
3.377213541986734402e-01
4.060942859237974267e-01
2.502209669848621254e-01
4.172711985351995057e-01
4.073298659086647122e-01
7.671428184946728346e-02
4.083000528501330995e-01
4.073298843140690240e-01
4.073298659093647078e-01
4.073298659086647122e-01
4.073298659086646012e-01
7.659049765409110810e-02
4.041113900025562478e-01
4.073298659086647122e-01
7.669408823816997733e-02
4.588031446694900706e-01
4.073298659086647122e-01
4.073298659086647122e-01
4.073298659086647122e-01
4.072845582413295862e-01
7.665968673031200997e-02
4.073298633818652759e-01
4.073298630643440443e-01
4.007795974201288636e-01
3.827617660861696858e-01
9.811095960681434081e-01
3.827617660861696858e-01
4.055585235278243439e-01
9.481404131055002349e-01
2.061529906098145404e-01
4.073298659086693196e-01
2.625202229587085823e-01
4.073299814822460840e-01
3.828646980731677529e-01
3.458108227010149860e-01
4.073296028473556984e-01
4.073298659086647122e-01
4.067177797991094468e-01
4.073298159571723254e-01
4.072434826199822222e-01
4.073298659086647122e-01
3.931110333330785633e-01
2.962954978462738476e-01
4.073298659085876072e-01
7.677308808081977076e-02
3.000158710155964581e-01
4.078088782453709316e-01
4.073298659086650453e-01
7.661643598383813258e-02
4.071958123495168502e-01
4.073298659086912465e-01
4.073298659409156919e-01
4.073298659075066386e-01
4.073299473964022699e-01
4.073308203600648492e-01
3.884668140002979220e-01
4.074961706111012716e-01
4.073298659086647122e-01
4.073298659163521740e-01
4.073298659086647122e-01
2.597913317249014309e-01
4.073185781311872145e-01
7.669408823816997733e-02
4.073298659086647122e-01
7.373328763639640238e-02
4.073361443869578102e-01
4.073296917533985040e-01
4.073559854592156970e-01
4.073298631156337390e-01
4.036994313068825724e-01
4.136625894601465014e-01
4.055303981077309494e-01
3.992407880160152578e-01
9.714505032544995533e-01
4.055308253431999521e-01
4.056283669414219584e-01
4.505169128145299351e-01
3.711340296082467072e-01
2.711889829748659886e-01
2.009430375758989029e-01
4.055300618671438539e-01
8.586925815102861015e-02
4.053249955418968820e-01
4.055303981077309494e-01
8.575891084233518147e-02
4.054473362911317214e-01
8.567122241035175778e-02
4.055488368397147658e-01
4.054177561418597087e-01
4.055296845140609063e-01
4.055302112122065039e-01
8.565423991291089278e-02
4.055264946861514286e-01
8.569320798865288913e-02
2.135874483892911402e-01
8.575988695994413158e-02
4.055303868021673530e-01
4.011935728398986489e-01
3.747195679794538270e-01
4.055303980713891865e-01
4.055344462535657168e-01
3.838823835545310814e-01
9.714505032544995533e-01
4.055303981080374265e-01
4.533355899945765155e-01
3.053347192633719120e-01
2.839844818391626391e-01
8.581274829875797094e-02
4.056819976393008509e-01
4.057582182668160731e-01
3.702948344591573959e-01
4.036965025755769321e-01
2.156942135713066644e-01
8.571923952099730348e-02
4.055311706958154017e-01
4.005642335808911048e-01
3.364540020513481777e-01
4.055302641051677925e-01
4.057006994593188032e-01
9.283718853786097069e-01
4.054048513982769220e-01
4.055704275878331266e-01
3.193070853842139845e-01
4.055303981077309494e-01
4.057831997041835281e-01
4.028879928771702534e-01
2.907205177355982051e-01
8.576016824068551092e-02
3.959508264685685508e-01
3.857663421694126904e-01
4.055312802223262625e-01
4.055302170042838217e-01
4.055307367264422425e-01
4.055304112991425236e-01
4.055028463504403158e-01
4.055303981076575082e-01
3.039110718385241716e-01
4.055303981077784670e-01
4.055408973510015724e-01
4.055303989709244106e-01
9.278405612411954051e-01
2.792014042321824818e-01
5.509462297753145998e-01
4.127358948887926982e-01
3.064532106753909413e-01
2.792700459285194503e-01
3.111327644747036159e-01
2.548033355845034098e-01
6.335662730718124580e-01
1.548860070508560616e-01
2.792097982989951710e-01
2.127979922817198055e-01
2.356252419161995459e-01
4.059010406864869691e-01
3.806062020967538317e-01
5.381017626539680299e-01
2.434961784683819241e-01
1.924962878973323077e-01
2.736082466621485576e-01
3.229058922433039602e-01
3.566706396287351311e-01
2.583590554476186685e-01
4.115308209716691534e-01
3.727547165808900997e-01
2.710911389016236739e-01
3.943004450045992093e-01
1.825910161914861829e-01
3.508595307394700158e-01
2.105703001976811373e-01
3.444837143601993668e-01
3.562580514130666565e-01
2.886022839139431584e-01
2.583342263527343419e-01
4.798530120912158359e-01
3.644456051754202397e-01
2.792653917240069950e-01
2.191284201041277802e-01
3.164224952778292299e-01
2.464448247224258759e-01
3.631965772113836532e-01
4.129080104122059836e-01
3.277150446181209542e-01
1.621363469052234108e-01
3.197683128993669133e-01
5.805895998280521386e-01
2.199476192218129122e-01
5.698342026173480734e-01
5.000000000000000000e-01
3.390644013698252413e-01
3.316580461587586570e-01
4.084344946106082674e-01
3.818889567329509238e-01
4.644767926884108555e-01
2.329796735627473470e-01
5.472013355014117009e-01
4.802447783919213120e-01
1.913269612641614326e-01
2.762913050198920195e-01
5.227337711971451473e-01
5.992149837923729239e-01
5.199370159933054403e-01
7.300606277434644742e-01
4.782284628569975493e-01
4.011823147873547213e-01
4.144625881630217279e-01
4.521357002078523757e-01
4.678699487049601813e-01
3.283751202223111343e-01
1.790994109185494454e-01
4.453905165240821806e-01
5.907035144939651872e-01
4.141931660139812066e-01
1.173412208006731627e-01
1.172294636958678554e-01
3.949340045733877869e-01
3.949353309045898763e-01
3.951540085478765230e-01
2.291652821206428547e-01
1.172473316211001537e-01
3.949364926564022382e-01
3.956689061438822819e-01
3.949364952504566539e-01
3.888909690571449307e-01
3.949364962062352769e-01
3.949364952637552384e-01
1.172104996232657126e-01
3.225446510208133666e-01
1.173194502122939242e-01
1.172146846827007149e-01
3.977452994764538730e-01
3.949364947952445637e-01
3.949359315693488082e-01
3.888936186697160013e-01
3.949364952637277604e-01
3.313666810950611774e-01
2.963254064304329805e-01
1.171894216054179261e-01
3.950542906902136941e-01
1.172699435344104202e-01
3.948909959735956154e-01
1.171894216054179261e-01
3.948919966750063515e-01
1.171986436266889975e-01
2.847133385777001480e-01
3.949364689244058146e-01
3.889899824191062616e-01
3.279520174038319524e-01
3.935646967854749545e-01
3.852049789353717002e-01
3.949364993659433276e-01
3.949360050196630278e-01
3.897932163208939205e-01
3.947666426654725669e-01
3.949364952637548498e-01
3.900993479170543621e-01
3.949364952637548498e-01
3.959874322504439714e-01
3.949364952463981226e-01
3.325678550844420323e-01
3.949364952634176751e-01
9.447487695324114920e-01
3.895934030269639914e-01
3.156225094599610648e-01
3.155161602794369080e-01
3.949371203404441477e-01
3.906065736782117770e-01
3.949364954366331726e-01
3.949364952637548498e-01
3.949364952674782048e-01
3.949364952950895624e-01
3.949364952635271431e-01
3.570047799571693381e-01
7.841961296936195147e-01
3.949364952673842244e-01
3.949364952638372839e-01
3.949364952637548498e-01
3.949394461075185214e-01
3.949303842373403928e-01
3.950063300974926972e-01
3.559594999103923851e-01
3.949364952637551274e-01
3.949361982363827628e-01
3.948089879813974634e-01
3.117087917004162656e-01
9.148769059611021326e-02
6.846838462794959668e-01
6.274396335040544059e-01
2.412459045501012256e-01
3.428048058798533471e-01
3.517292076309168625e-01
2.328630216665320551e-01
2.781022625427200801e-01
4.924295070406378705e-01
2.985221998661243270e-01
3.595349437424455452e-01
2.301043548666160954e-01
3.562236205795382138e-01
2.286934821028456799e-01
1.616467358214602190e-01
2.875869480170842318e-01
7.398902237527820169e-01
2.716768116251905285e-01
2.390748714187038992e-01
2.411840582267727184e-01
2.692328152560646837e-01
4.813229955605440868e-01
4.558611992266908830e-01
4.181162405127062942e-01
5.000000000000000000e-01
2.328630216665320551e-01
1.572951142306134864e-01
5.798972567872014983e-01
4.820249935018937060e-01
5.978388456112380123e-01
3.776011043429002845e-01
4.613882894271171820e-01
4.311596327427799080e-01
6.275021272356678947e-01
4.017216394548324132e-01
4.433502870874769797e-01
5.204392742491410484e-01
2.411289822743871158e-01
3.145108359314387481e-01
3.573244537800210896e-01
2.412255933247956230e-01
5.715281618579219902e-01
2.451981446897631978e-01
3.990509757465747209e-01
2.412132416856079542e-01
2.196617992812055775e-01
2.412402182943697015e-01
3.918358219727891556e-01
5.917613983725873439e-01
3.191777479161702624e-01
1.692458752015255086e-01
1.992743434939912017e-01
4.137315086223551930e-01
1.203009314427761073e-01
2.423358150812079392e-01
5.570830479115770340e-01
3.791790086474313703e-01
3.011190140103074953e-01
5.154395855776925384e-01
3.890369900629131461e-01
1.870663175627613473e-01
3.461924092033407119e-01
3.146133154039295055e-01
3.721529601072007809e-01
6.276252283678123156e-01
1.888254565921942130e-01
5.368203158801512220e-01
3.881885510174166165e-01
2.959568095393532161e-01
3.297090498838396999e-01
3.208611735585999991e-01
6.346200400960660959e-02
4.080769710910546744e-01
8.466287048393429382e-01
4.272022041123851310e-01
4.815558078054774094e-01
4.062116447389727547e-01
3.338378268085502310e-01
8.466287048393429382e-01
1.270079604566569931e-01
4.060798225142054352e-01
8.467399436197271534e-01
4.104847133342615084e-01
1.536954802262809894e-01
3.988848017883848129e-01
4.057095303714786105e-01
4.060791647419376704e-01
4.071771890567311702e-01
4.058636945899892767e-01
4.060827652409978450e-01
4.006492373093967219e-01
1.398284122601625989e-01
4.229304163340904532e-01
4.440852794605836817e-01
4.069608422514556789e-01
1.269006114927276052e-01
4.379068050554795755e-01
1.269155652294885750e-01
3.952886658500910921e-01
2.730021368534382709e-01
5.155657727257564327e-01
4.065535384342727765e-01
4.058831974972830214e-01
6.914094587167011197e-01
2.548274826636162671e-01
4.906590030227613308e-01
2.922906598305980985e-01
1.260298781436605398e-01
5.000000000000000000e-01
6.047213221620378887e-01
6.273484573670131681e-01
4.417914795620095370e-01
8.466435142413779591e-01
2.895263977214272422e-01
2.570012603295561138e-01
4.482039552062235810e-01
4.112552399268094572e-01
4.061697337554650011e-01
4.060886008813141546e-01
1.252435666321526364e-01
4.058710747723545120e-01
8.143478825521890396e-01
2.395888250788181240e-01
5.515542452276162022e-01
3.982047670065791967e-01
4.060282373200797545e-01
4.064688065259249306e-01
2.107717673957311133e-01
2.559907009929774935e-01
4.238358844535634606e-01
4.030625219811018733e-01
4.440834661680707063e-01
2.401839171854025234e-01
3.310600511989523764e-01
4.060880852787864814e-01
2.256881260918016108e-01
4.875188883259390371e-02
4.197417642311930819e-01
4.060798198506085921e-01
4.060798200918133150e-01
5.540187330044316072e-01
2.417622542112960737e-01
3.635177918473468384e-01
3.701432037441027556e-01
2.317069740204548700e-01
2.626605376176562312e-01
2.781329486538261508e-01
1.541167744355355917e-01
2.317623526518162724e-01
3.671210817921027325e-01
4.268632040991298116e-01
4.687851196169576240e-01
4.282991226585683986e-01
3.060476017963474904e-01
5.000000000000000000e-01
3.517520274413349357e-01
3.925787939317552655e-01
1.541167744355355917e-01
3.822514949073448909e-01
5.842013704096340465e-01
3.027682590276488117e-01
6.567133145424820517e-01
2.068966102914110983e-01
5.079398764424718493e-01
2.092130967508845363e-01
1.304566760502946232e-01
5.842013704096340465e-01
5.072606873190853571e-01
7.140205045169852882e-01
4.711741686151166841e-01
3.733608186250644279e-01
3.309503942301791901e-01
2.302511040260588615e-01
3.032577472060536961e-01
1.129360846702684301e-01
1.444795844397729068e-01
2.487062094362838816e-01
1.311051255472444055e-01
4.372026468042568004e-01
3.572120248097628292e-01
4.281586936781678898e-01
1.995770480010468362e-01
3.795447461571835324e-01
2.450426153305290122e-01
3.782246620849608054e-01
3.706411115727784589e-01
4.260313190312287057e-01
3.554908631702438648e-01
4.061009707989219342e-01
4.634885128213819261e-01
4.644757515883662369e-01
4.203454478123169191e-01
3.724067256324951058e-01
4.201725570328864179e-01
1.667704033106712780e-01
2.317904541110818173e-01
2.317870269289506457e-01
1.716161011748915388e-01
5.000000000000000000e-01
2.317069740204548700e-01
6.217835352306142482e-01
1.266752926279097191e-01
5.000000000000000000e-01
4.758356105942166958e-01
2.374622182947576654e-01
4.063691944900613140e-01
2.384693360042356158e-01
3.684882555695422335e-01
2.764666322959411504e-01
3.398974030871345642e-01
4.585041435422443357e-01
3.861041349203098716e-01
3.824369391290290410e-01
3.871849645739691703e-01
4.054795810806744449e-01
4.055127916494816187e-01
4.054795188066827039e-01
4.046290771554554300e-01
1.059151127920409663e-01
1.059005892267959187e-01
1.059027037302079921e-01
4.054811854232545643e-01
3.978553256400705340e-01
4.054796606956323490e-01
3.834118223542665183e-01
3.990816284815305037e-01
3.918768343606897075e-01
1.058251346986690128e-01
4.064309787374770777e-01
4.054794701902288967e-01
4.054786497395672651e-01
4.052635149211252785e-01
4.054795188306619114e-01
3.864333221115690553e-01
4.054795105175951209e-01
2.914214416169919053e-01
4.055092441779630796e-01
4.054795143110938027e-01
4.054172535893925122e-01
4.054795187380900168e-01
4.048564545700445994e-01
4.054797047755460682e-01
4.056176034828338772e-01
1.060183122686680912e-01
4.054795187935721912e-01
4.035028801250403196e-01
3.043003977346439570e-01
9.061838228626637459e-01
4.054810752106476901e-01
4.039716523440587403e-01
4.043814811612285176e-01
1.059150322215246520e-01
3.363412235261297178e-01
4.038643534604924312e-01
4.054795188067233935e-01
4.050751371771634801e-01
1.055714801467722702e-01
4.055318230677874003e-01
1.058543275958895025e-01
4.048078658171617716e-01
1.058543275958895025e-01
3.190033853040030176e-01
4.054795028621098751e-01
1.058591762311981571e-01
4.054795211863498339e-01
4.053295971680529464e-01
2.769105053681008011e-01
3.847981518689219671e-01
4.054783945760500052e-01
1.059015935421230292e-01
3.794015389847885666e-01
3.779978774834792388e-01
8.561074895626802350e-01
4.054228678221176163e-01
3.682512358578959866e-01
4.034246999938174150e-01
4.054796811916240862e-01
3.955177192888394422e-01
4.055009117425314447e-01
3.778537035047657144e-01
4.054728179880920380e-01
4.032108175577951981e-01
1.059691072932405775e-01
2.561282501488435503e-01
1.270786105901117735e-01
4.145600585387125836e-01
2.775813281925268994e-01
1.857903479051843942e-01
4.514652606609318441e-01
4.107395697490771602e-01
4.139956897095167787e-01
2.431598151506051408e-01
4.124957600502113797e-01
3.863739420061795271e-01
4.145797711043445744e-01
1.517468177124142448e-01
6.405560444350405502e-01
4.611781368314489815e-01
1.565100305814518811e-01
1.664317718161920368e-01
2.025229488380682896e-01
1.560165578979545997e-01
1.724663945814996768e-01
3.192904977745828488e-01
4.145744279010786237e-01
4.153115210548192771e-01
1.437158424269133206e-01
1.614817599871108400e-01
8.405175242572607286e-02
1.383835367847145725e-01
4.153804159903372040e-01
4.902076261484558661e-01
1.532030077682159097e-01
1.437158424269133206e-01
4.534812710313404494e-01
5.532630659801421880e-01
3.938738332406191422e-01
4.554386910955038892e-01
3.830703883275121124e-01
2.910729882700160420e-01
2.671607808461238243e-01
3.011345327160371288e-01
5.170417392837521886e-01
4.165939703215972845e-01
4.167886652161809646e-01
1.555136464007010333e-01
4.158197362774784800e-01
4.306471489462905256e-01
4.460363801647831417e-01
4.414319261008400330e-01
3.531872232629356678e-01
4.022355081368621521e-01
4.145842991742969552e-01
4.145798982042029901e-01
1.571084479181563132e-01
3.077229637875850132e-01
4.145522618729660658e-01
3.484183881658404758e-01
4.149818598877774711e-01
4.046039180691345938e-01
3.591636014014548683e-01
6.010008830296538207e-01
4.206549451004061857e-01
2.213122055699453528e-01
4.239712472192021520e-01
4.072104283365186039e-01
1.398448564313415632e-01
4.405042375048868752e-01
4.710341897825497948e-01
4.174100345006106494e-01
4.251458876531905573e-01
2.940533762924098515e-01
1.559370790341255975e-01
4.146326674379632315e-01
1.938727271712928080e-01
3.992391617993897857e-01
3.366808187249216711e-01
1.757734338408646624e-01
2.513189410965883108e-01
1.587268523198849535e-01
2.512800494407699259e-01
3.168529400194557977e-01
1.744917101688484573e-01
2.513572713105317602e-01
2.737228569878137896e-01
3.648315829949538291e-01
4.193349448345553565e-01
1.301693673096830095e-01
5.235512176958645458e-01
2.667046075454174714e-01
2.691047031685128710e-01
2.513072262646369737e-01
4.595086435221494292e-01
1.982238968136245394e-01
6.022736629950239395e-01
3.203217294508699520e-01
2.571693681188903513e-01
3.295117272345257087e-01
2.513006526997907941e-01
3.445066001661156729e-01
4.430473649571650130e-01
4.281010873334327727e-01
1.301440481412484695e-01
2.513531710222958182e-01
5.000000000000000000e-01
2.404074759081089863e-01
4.439495522181398091e-01
2.284555915549180971e-01
3.942612672117261075e-01
4.357809253914391445e-01
3.376525293313841769e-01
3.068533049192887496e-01
1.692639179840949304e-01
4.277083610853541495e-01
3.475744748019262698e-01
3.055556172947445637e-01
2.852833507440656891e-01
2.513006526997907941e-01
2.840408183050436852e-01
3.628220881850928170e-01
2.270300942321060722e-01
2.979457337034746578e-01
3.080037792854977141e-01
5.440277009494337568e-01
2.513359604249704171e-01
3.704902114789265233e-01
3.750370410030964274e-01
4.180454589570632984e-01
1.675067967170951466e-01
3.732443473885523333e-01
3.022473504386645193e-01
1.778687280315665864e-01
3.975883891436011730e-01
5.532839378874434555e-01
2.649898641909981811e-01
2.796531020387196809e-01
2.072133774997885758e-01
1.851269301448455196e-01
3.983158846013017396e-01
3.745072778821453841e-01
4.106001050725895940e-01
4.574597050197478643e-01
5.937942641888083184e-01
2.810601838316535983e-01
5.334906495578550789e-01
