3.750561088464899884e-01
3.784113271384668686e-01
4.150299006931404411e-01
3.833744423681947344e-01
3.720525088578072181e-01
1.861217912310281219e-01
3.594810961359634072e-01
3.747362025261761209e-01
4.349237603808869118e-02
1.817957482389022661e-01
3.984162119951861203e-01
3.714456912633969932e-01
3.749538489423225873e-01
3.747354327483432002e-01
3.747057485198336257e-01
1.793857372119195270e-01
3.042068475029055530e-01
3.747354392094524589e-01
1.375742103680824002e-01
4.508840671649010923e-01
3.747355249603516181e-01
3.747398838153264133e-01
3.747375817341782600e-01
4.078095521417546832e-01
2.203563750154629575e-01
3.729517353334058094e-01
3.782615495583799836e-01
2.517036818432888401e-01
2.655107211410095425e-01
4.628177496400586732e-01
2.654354958621770733e-01
2.965762802365168316e-01
8.898606166246187943e-01
3.086966699200666131e-01
3.742703194755594986e-01
2.227179671439004360e-01
3.771679826904084099e-01
3.319978739357126729e-01
4.488015543519301431e-01
3.725132065892228228e-01
3.747354343224756357e-01
3.761691410323120821e-01
3.709429829660891853e-01
3.039313768217536960e-01
3.747354343615929007e-01
3.509826820020581217e-01
2.604589050296596264e-01
3.746250409048773600e-01
3.535734870877494940e-01
3.893091871494554490e-01
4.598211477740989372e-01
3.747901386155839121e-01
1.528075003345485960e-01
3.286463428134419607e-01
3.747925690978994306e-01
3.751567808626465883e-01
3.747853639031488160e-01
3.864779976809663009e-01
3.869248909639887990e-01
6.279269144124365321e-01
3.468466083214478135e-01
3.747365681674793003e-01
3.751205121832204559e-01
3.747333215938404849e-01
3.722553675826050235e-01
3.710502401387017479e-01
1.375742103680824002e-01
3.747354343177529690e-01
1.357853617282051562e-01
3.783355654070028051e-01
3.822148862717710260e-01
3.798491110398389270e-01
4.656233705129113054e-01
1.302702351468345288e-01
3.461157015511945878e-01
3.530183876959310796e-01
3.938835187745851618e-01
1.718210378349344924e-01
4.230409721866708606e-01
8.348806763322932367e-01
4.758624103683117834e-01
4.883842272738886936e-01
3.905820520434905019e-01
3.626083700919082164e-01
1.760537925295141137e-01
4.071761746382512870e-01
3.434448784490357065e-01
2.002678166414372796e-01
2.310044575495271979e-01
3.481200776001042163e-01
1.480995552216046729e-01
4.177481712290126437e-01
5.999814510545074114e-02
4.081371450078311591e-01
2.334849735759521594e-01
2.425705521125925967e-01
3.198966430990057841e-01
2.001854993483785927e-01
1.773116582963430166e-01
2.003844316189237473e-01
6.550532015490598270e-02
1.840022948193158758e-01
3.603978846877101683e-01
1.712900651625925141e-01
1.336700855318748993e-01
3.812301092308042483e-01
4.313502206049024679e-01
2.275522707963328617e-01
5.477092133046346234e-01
5.922217077074098945e-01
5.140611462188328096e-01
1.562878189292387365e-01
2.460847336722092882e-01
3.847569998598971419e-01
3.684908662265118373e-01
4.814413514582698839e-01
1.161689767314979665e-01
1.193956422019758906e-01
3.282127553230398398e-01
2.306141118194880713e-01
2.002231536699370928e-01
2.996298496023460101e-01
2.642611962356274935e-01
3.068356461810550773e-01
3.277684907340936427e-01
3.177022386932206732e-01
7.350346267236226305e-01
2.648232511558608060e-01
4.380553053643783668e-01
2.650290815882998530e-01
4.513031645774353007e-01
5.476366044564948687e-01
4.316575571072086004e-01
5.000000000000000000e-01
2.067296038599123476e-01
2.006092907595929120e-01
2.992161897926361447e-01
4.802728853975908874e-01
3.155073251770019738e-01
4.026364242551928596e-01
3.411124847155552753e-01
4.523131551865155475e-01
3.991802295024808878e-01
1.235441723078455206e-01
2.002629879158139004e-01
4.692600819368267229e-01
4.638449461168185906e-01
4.308433428641551544e-01
3.642804034822464399e-01
4.840318661367292163e-01
2.703805690009775664e-01
2.144604492598263246e-01
2.122994655133097486e-01
2.450632729099323504e-01
5.073386790436211768e-01
2.382492297166093620e-01
1.973851269441823653e-01
4.938506723444439084e-01
4.092978109102947126e-01
7.116613385652506008e-01
4.047349174118352599e-01
2.597126694507920219e-01
6.717693077824400394e-01
1.166671892826236234e-01
1.340720305543442181e-01
4.655818152112854436e-01
7.430527067043389555e-02
2.691521934202052435e-01
1.797737987014854655e-01
2.413309714995776067e-01
4.047407411165419577e-01
2.159056137751926285e-01
4.156997736312724734e-01
7.054086551874297339e-02
3.796908143498794463e-01
1.155204057887184999e-01
4.258373957391632381e-01
2.110062764540991675e-01
6.103023757209889988e-01
2.080926900538763169e-01
3.952360310536897625e-01
5.934639606051596017e-01
3.055471706679985799e-01
1.127988379111811018e-01
3.800759068678398744e-01
3.718244549252304187e-01
5.000000000000000000e-01
5.149511028658607659e-01
2.696070874907522952e-01
3.515685548466336852e-01
1.973805073521388287e-01
6.135495438703421067e-01
3.206292533055796756e-01
5.107190569199996366e-01
6.241501602932353343e-01
2.472706966622945091e-01
3.618388293749211226e-01
5.093621452968221108e-01
5.000000000000000000e-01
7.954419640044601003e-01
2.162562379498729204e-01
5.622848706987338963e-01
4.704141851000827601e-01
1.628038957449288449e-01
2.822035250527427097e-01
4.239301575361668628e-01
1.973851269441823653e-01
1.370917728254697487e-01
1.400080899099828691e-01
3.487885080389355186e-01
7.582701475669538782e-01
6.509663816272166781e-02
9.198764376470351944e-01
4.560125524241901429e-01
1.317542805814326534e-01
2.295705021018915604e-01
6.857181811918042769e-01
4.361105495165673585e-01
2.626385975344597279e-01
6.872771314541900045e-01
3.215915529674605033e-01
4.896817700136333884e-01
1.274806198370364851e-01
2.229330559227337971e-01
5.169278557589941370e-01
2.493172874081611701e-01
3.324178548913502285e-01
4.822074210099891456e-01
3.710202214528240949e-01
2.921668345619736762e-01
3.639609640351103015e-01
6.078274422528493481e-01
1.497545713595711814e-01
3.070405314601168945e-01
2.047923640114524824e-01
1.320466947610971220e-01
4.438968456562911724e-01
2.547824555861123996e-01
2.904533356339462080e-01
3.389216517070691714e-01
3.147953972940822354e-01
2.361127549633236511e-01
1.755607989586672468e-01
2.047764510425292561e-01
4.076498900892346899e-01
1.720715021130585221e-01
5.310805005287572156e-01
2.638602486207724529e-01
2.047764510425292561e-01
1.746232262973418936e-01
5.736647073791256712e-01
1.685733057672312574e-01
2.250822429180872331e-01
3.764106375603356591e-01
2.086906466302008711e-01
6.846721984820690332e-02
1.575438638782942213e-01
9.991175333460333707e-02
4.561350746742087181e-01
3.186941156735877967e-01
6.074605494320589605e-01
6.404600194503541344e-01
3.724231743991267551e-01
3.968222697797148535e-01
3.446355399518195584e-01
5.000000000000000000e-01
3.434201353972553550e-01
3.576843938399236200e-01
3.078403422695453195e-01
4.414627629656343033e-01
3.698189667578952178e-01
1.253565929715898530e-01
2.855843485953991623e-01
1.270769666073145454e-01
6.470126747149624880e-01
2.249179222132710043e-01
6.722661110102630122e-01
2.553955522136193701e-01
3.606110930239219137e-01
5.437556195890960176e-01
3.537561163742825587e-01
2.517369293506597772e-01
1.873557400970944919e-01
1.720715021130585221e-01
6.702361368042200063e-01
3.864647642136357364e-01
4.081126749562926648e-01
7.053963328367293117e-01
3.998912334615674635e-01
2.668560746837863040e-01
4.721442004892181243e-01
3.923126046403609402e-01
4.130136977158894718e-01
3.773699794376630945e-01
7.521394119406318302e-01
3.584106114929219711e-01
5.527198382752337436e-01
2.934874690686819498e-01
5.394896528107125944e-01
4.757337168437932862e-01
9.901403825858570706e-02
6.361893364244575189e-01
2.999886447218504948e-01
5.369914578106910197e-01
3.116075197066163760e-01
3.850591653760452315e-01
2.427936301632598048e-01
1.868908552543441237e-01
3.387517245173800040e-01
5.000000000000000000e-01
2.042702208142113673e-01
2.026994025495906238e-01
6.276980798292027819e-01
2.026601331982946508e-01
3.563636908356716537e-01
3.337390117622757724e-01
4.106531914672726935e-01
2.037717486645128362e-01
6.077294110602566857e-01
2.026667338749901792e-01
2.882405799704144678e-01
1.594763803113785905e-01
1.353616025640542453e-01
2.882405799704144678e-01
5.758741858791687207e-01
5.999856492417431353e-01
4.763140447279149425e-01
4.071478744170606845e-01
5.563092287887489995e-01
4.763169553872223516e-01
7.292016269325424238e-01
4.760175887751089685e-01
6.338347697082716836e-01
7.097874656696387952e-01
4.783349109025881174e-01
2.083804413787330445e-01
4.667718344226894911e-01
1.652743325437041888e-01
6.895330804578855277e-01
3.330504257147559599e-01
3.857338151114516056e-01
1.619880755566124320e-01
2.027302810209058725e-01
2.730299832221093626e-01
4.857199482541301738e-01
6.581069760706658167e-01
4.565501809512385600e-01
2.311193962278292047e-01
1.931817255992462901e-01
5.000000000000000000e-01
1.515436926667906026e-01
1.585027420731763559e-01
2.356431005158435010e-01
8.196344311092518264e-02
4.640324485134950105e-01
2.210341071254700029e-01
3.104725632964414617e-01
4.747323101741918183e-01
4.152616574928221782e-01
2.254494692131278621e-01
5.217854657067344526e-01
4.156358381531021773e-01
6.907653935093643893e-01
3.107232939310659026e-01
5.141768053264199612e-01
3.116302100351787674e-01
3.350152731746594559e-01
2.500567139022526475e-01
1.984323190279793925e-01
4.427874993693646233e-01
7.678717516647797225e-01
2.379027973314563893e-01
4.606827403003810328e-01
4.634763929682521044e-01
2.230503096416965869e-01
3.857153792745729448e-01
3.802660985178044073e-01
6.372632999466387727e-01
3.822253005178014584e-01
1.709095133447484371e-01
3.356128250641398081e-01
3.162254735346143319e-01
5.326736517172243612e-01
3.199805593354247413e-01
4.234433722618486384e-01
3.573531636225564800e-01
3.517600560846377289e-01
4.089021244028425706e-01
1.931083298406566506e-01
1.595262733715407666e-01
4.815499063341251440e-01
3.538171543739859204e-01
3.560236620369859883e-01
3.799738732469885583e-01
4.064610688829964902e-01
1.706214810918825209e-01
2.997557306786987619e-01
2.441696908889227080e-01
3.567829002371737945e-01
4.681604841142892881e-01
3.110882339905254867e-01
2.914932893762335886e-01
3.586120824901001813e-01
6.588579975714756731e-01
3.768372991756567258e-01
1.682750135059628838e-01
4.825231857034884553e-01
4.801991175367278375e-01
3.485931384265075206e-01
2.852762757939630855e-01
5.057537181509587088e-01
2.272403724511352918e-01
2.955382484846365010e-01
4.885065822519165102e-01
4.611771495168416890e-01
3.883121018529289148e-01
4.028753375034488937e-01
1.393263617149337608e-01
3.883927561286907304e-01
6.425035153782304720e-01
2.756590199493492155e-01
5.981881125838880431e-01
2.755826597250625731e-01
3.429462560557280937e-01
6.372243331751131779e-01
5.396382774199506294e-01
2.705912101214796306e-01
2.883275995076040044e-01
1.609114262069943901e-01
2.808594414948153983e-01
6.103470378844144673e-01
3.069383329799865168e-01
2.125464157590139791e-01
3.125943997802622665e-01
3.750665075657094172e-01
9.159720368161183846e-02
2.024214365245848857e-01
5.475555660078433862e-01
3.003865519876716128e-01
6.513883952186614312e-01
3.637036775313005066e-01
3.718175841139143012e-01
2.230449062878971656e-01
4.055488338642094237e-01
2.852510818591714181e-01
1.140344587799171777e-01
2.150791131831774894e-01
3.607844544587515134e-01
4.444943989623886260e-01
7.288359878181889240e-01
7.288024592365891507e-01
4.473710108582528155e-01
3.204855171914506862e-01
3.182811604103247816e-01
3.639397084161680174e-01
3.548645314455818323e-01
5.503283611468224867e-01
4.214156054221510628e-01
9.755598196659644172e-02
4.475476566388983390e-01
7.289308638971494503e-01
1.983190329218147974e-01
7.289370738920551984e-01
1.617045144460543538e-01
4.261842365045807046e-01
6.294913057414644464e-02
7.205148676895034576e-02
7.289308638971494503e-01
5.681459333582209448e-01
9.224511733771301181e-02
7.204480526655674399e-01
3.053004964636651386e-01
4.914147198141234352e-01
2.129435274427729785e-01
2.980670319273872604e-01
6.079849822880126209e-02
3.775677505971031245e-01
1.106297162463281414e-01
2.844061613593908411e-01
1.949075208096714140e-01
4.178512183331327678e-01
2.324260222905671913e-01
4.700209135248937797e-01
2.808043673471521395e-01
2.272861830018343687e-01
4.026850050890456445e-01
4.677004264402364608e-01
4.116117973181339651e-01
2.618814871770915320e-01
3.870848844609677819e-01
6.740295853842361851e-01
1.746316603209157325e-01
1.675715018373749310e-01
3.743677274851781589e-01
4.436788666572675788e-01
5.093129748934249745e-01
4.222126294830760851e-01
1.600458926524592207e-01
1.445177531418848915e-01
1.302862184314254324e-01
9.147151738456613113e-02
6.410457204061712488e-01
1.887332149838694406e-01
6.000497227501988551e-01
8.953741043767420027e-02
4.936926708894670002e-01
1.065190994510088196e-01
3.386735198269743563e-01
2.937790909044213916e-01
2.791633665519446250e-01
3.188393940609007826e-01
5.501535456142647718e-01
2.304890614235727275e-01
3.590094559636880511e-01
4.785939508185423352e-01
3.494528145159692123e-01
1.747141883942605056e-01
4.166473119289715865e-01
1.887575863879847882e-01
3.498761664448831743e-01
4.713960107372984765e-01
5.413612707011671299e-01
1.855415600215234717e-01
6.536537504403849841e-02
1.748773638930123109e-01
6.669843284315610799e-01
2.083631316132243394e-01
6.783295621706693090e-01
2.995549057939102533e-01
1.265589076496555498e-01
3.075060632295506524e-01
1.788049943083344639e-01
5.865687090100012435e-01
2.728725640815905518e-01
3.695237992132319182e-01
5.717964730944782303e-01
5.079896284829569231e-01
3.128734765271024010e-01
4.556485748652914780e-01
1.649954094618645839e-01
5.000000000000000000e-01
4.322142116194789274e-01
4.437928823767403608e-01
2.086567379905419350e-01
4.104017289558506976e-01
6.450669839620125634e-01
5.000000000000000000e-01
1.846432044193960786e-01
4.128806089888306663e-01
7.052164986987438655e-02
1.803737453101267041e-01
3.697347926593989031e-01
5.719042706403552057e-01
4.843190237824847588e-01
5.580380681941875531e-01
2.002530905531421934e-01
1.278576910536474986e-01
4.172851927703563613e-01
1.704257869313308138e-01
2.250120996679949026e-01
3.036999424839070816e-01
6.780668167378998135e-01
2.005239985177278972e-01
1.109220333256446811e-01
1.602148941230479295e-01
1.855323777977522237e-01
1.287126778170446795e-01
1.855323777977522237e-01
3.972661944698639008e-02
1.522202639246901801e-01
1.855286256349223950e-01
4.590822273568671008e-01
2.564186327351596351e-01
6.249689291768741883e-01
6.091064856316696918e-01
1.354387786654247250e-01
1.444307723039662539e-01
2.136613224116163390e-01
4.630874742062389138e-01
3.413370403298571776e-01
5.325847347903432949e-01
1.435344448499019099e-01
8.758032937093893078e-02
1.218876523485872970e-01
6.700178064700170744e-01
2.003662192655364938e-01
1.808832561294706209e-01
6.675298506946049371e-02
2.959226079149731570e-01
2.658103955412440267e-01
7.367329332189117563e-01
7.045034223603703627e-02
4.599890880653546565e-01
3.874661261376067811e-01
6.969221807321279716e-01
1.045469024219878446e-01
2.968146874888725750e-01
2.962764781711499373e-01
3.589633768402078484e-01
3.071555121023938906e-01
3.081566940913628705e-01
3.601183842260854973e-01
1.164345967919465374e-01
2.683517767526144016e-01
3.986852585808597915e-01
2.141493635584630073e-01
6.021870891300693529e-01
3.901748228120276996e-01
2.141679197758499520e-01
2.736551152331466175e-01
2.618572629823200937e-01
2.196945482000611516e-01
4.881596663266426495e-01
3.872861657707769023e-01
2.959949092674171722e-01
3.715219612868974064e-01
4.606460898743897081e-01
1.062138336979132763e-01
2.707163710213642549e-01
1.270033655826643126e-01
1.627599646789776588e-01
4.742526127766472088e-01
3.483839239222376594e-01
3.572565225915322329e-01
1.869933370730519073e-01
2.706138597079599251e-01
2.228568989279117729e-01
3.409079420738680977e-01
2.837650993789379572e-01
3.847654649667731075e-01
3.945731991816457396e-01
4.334428478125613715e-01
2.008810990680881814e-01
3.888086379337521437e-01
5.437759717085141054e-01
4.023766896513377711e-01
2.140808726316673072e-01
4.285815785675572420e-01
6.682022397761999688e-01
7.196475131414050708e-01
2.535069775363830713e-01
1.874531715068392945e-01
4.603585441868676131e-01
4.899169041123871970e-01
3.739359960474387123e-01
2.141497940411889178e-01
5.132237611555034995e-01
4.331029708234498399e-01
4.005656987474545683e-01
3.969429100249659004e-01
4.440409198343823194e-01
2.792443970694595268e-01
6.242106737937763716e-01
5.341344007969910379e-01
2.183706629773418395e-01
4.814460671707072592e-01
3.471059211299519776e-01
5.338356431720303608e-01
1.081905231760156988e-01
3.393298222001773778e-01
1.356501015821899025e-01
2.959949092674171722e-01
2.176648603149360928e-01
2.747522268418607361e-01
5.269001279212578437e-01
2.835870327205354813e-01
5.685468113998375372e-01
1.668337064868178066e-01
4.277341791568012863e-01
4.310634365854704164e-01
1.463908956114333415e-01
3.358085692148359280e-01
2.724052090014595362e-01
4.650002268254135318e-01
2.913609242119818976e-01
1.989245930322652567e-01
2.120294473078833120e-01
3.193131332342089568e-01
1.758384439966875212e-01
2.642739589692543190e-01
3.955646050833666050e-01
4.420236673253910564e-01
5.516842990346547682e-01
7.463579449941470934e-02
4.557544132459447894e-01
1.378569248234716993e-01
2.436053610565995231e-01
2.642214100827015022e-01
2.775632133588036288e-01
1.854610816518310890e-01
5.494262606782577274e-01
3.602129738334941544e-01
2.452027560686576568e-01
2.788526845244355679e-01
2.469185788998313202e-01
4.866428746353266832e-01
4.166059118673696160e-01
3.321519143170008626e-01
5.276590216364753644e-02
3.426202738773346801e-01
5.411159949275701209e-01
3.626266319139077599e-01
4.102549369812339974e-01
1.906281012208794479e-01
2.825678459835002099e-01
3.124155733520310174e-01
7.151717746180864532e-01
2.399895204126260284e-01
2.473754472182441433e-01
1.489582398988558987e-01
2.204260258323509081e-01
5.177027453182063699e-01
2.689480244704682832e-01
1.782917537517390294e-01
2.469185788998313202e-01
2.642834564624668703e-01
5.892821952911005967e-01
3.422023836843257616e-01
1.165024616923002326e-01
2.189015193298770312e-01
7.493438047542936298e-01
4.269331442586202785e-01
2.642792914262949711e-01
3.798573789834744918e-01
2.968626574206743585e-01
3.932185475740734848e-01
1.352375108182511665e-01
2.767363112667230451e-01
4.634269110973362471e-01
1.803085411359788837e-01
4.409876695166102811e-01
6.159359873535439345e-01
2.831048143106985604e-01
2.955253214325455624e-01
2.090555147919676282e-01
1.259082642815189945e-01
3.684637574571869023e-01
2.923601471653416994e-01
2.838720906587827719e-01
6.849381848971277664e-01
5.544197148351376336e-01
8.034642322340723730e-01
2.054266309955372627e-01
4.498001357841176495e-01
