3.500102515911299728e-01
3.710096120985532098e-01
3.565844618042566805e-01
2.273306007645832238e-01
3.775714942530859486e-01
3.978175512961295568e-01
3.878987313698938344e-01
3.533949858224356144e-01
2.711098193074999996e-01
3.611732864476248084e-01
3.603019715691802571e-01
3.235120366130378455e-01
3.810071680929429383e-01
3.831769510667152878e-01
3.289282907978509640e-01
3.528893219614990251e-01
3.699969033275745667e-01
2.953911916654311520e-01
3.294815357762317376e-01
3.810071680929429383e-01
3.431994150308847469e-01
3.801615045717017805e-01
3.542991051083971832e-01
3.071504129523600080e-01
2.758727801941621149e-01
3.595432681902811511e-01
3.652295185182056758e-01
3.644101416259699078e-01
3.533949858224356144e-01
3.509010865120235079e-01
3.500102515911299728e-01
3.533949858224356144e-01
3.656411476034650554e-01
3.545176955399245711e-01
4.396393895216017533e-01
3.861417666601606458e-01
2.704689036748235687e-01
3.479994129287697358e-01
2.999051008704444743e-01
2.743256908397589955e-01
3.341016545809336047e-01
3.334533411874180953e-01
2.606788040032429477e-01
3.614587112071892538e-01
3.500102515911299728e-01
3.129009147660051227e-01
4.072591092086003117e-01
3.533949858224356144e-01
3.093498840131361782e-01
3.935231172203200178e-01
3.686065119403752477e-01
3.656411476034650554e-01
2.637038952758284371e-01
3.688453610495682766e-01
3.725364389328976178e-01
3.656411476034650554e-01
3.533949858224356144e-01
3.633079793634221843e-01
3.354947655818817376e-01
3.129009147660051227e-01
4.259981069261620235e-01
4.296891479782104506e-01
3.517977857604507319e-01
3.426307539318863005e-01
3.533949858224356144e-01
3.393765774154823833e-01
2.953911916654311520e-01
2.962554940610802601e-01
3.129009147660051227e-01
3.844220014010668041e-01
3.060735219129425144e-01
3.354947655818817376e-01
3.532397019109543845e-01
3.763867686228919429e-01
3.460170540692701913e-01
5.193193665560306149e-01
2.854633042380491093e-01
2.458662137260587410e-01
2.458841341448033957e-01
2.170753336213207263e-01
5.000000000000000000e-01
2.458662137260587410e-01
2.458834703927887944e-01
5.000000000000000000e-01
3.131407318137290341e-01
3.164599793166175123e-01
5.695364725045166665e-01
2.460209106329397655e-01
6.664480892539226264e-01
3.131407318137290341e-01
1.021470812323354571e-01
4.506381319028928134e-01
1.234647416640119594e-01
3.542794891533643242e-01
5.126602547077486749e-01
3.127462626681350444e-01
6.198685847106474300e-01
4.896585096619993083e-01
9.204083580310593038e-02
5.078545849543657509e-01
2.068217026182027907e-01
3.070360098001219673e-01
3.131407318137290341e-01
3.666178380402743686e-01
2.458662137260587410e-01
2.459813861050234030e-01
6.428493736143289228e-01
5.385214721817965788e-01
3.072069184664421027e-01
1.762151681248872448e-01
3.863476068944728947e-01
2.367643115067250281e-01
5.491093047526984794e-01
4.656660518158983741e-01
4.294057064716355621e-01
5.491093047526984794e-01
4.866033578585185482e-01
2.458193930150511797e-01
2.458662137260587410e-01
3.180942612399133007e-01
6.080003031037641698e-02
2.629345653369369318e-01
2.458662137260587410e-01
1.755236567346598331e-01
2.775492016748410395e-01
3.131407318137290341e-01
5.727110297369583103e-01
1.933966433395589712e-01
3.677430066808554665e-01
1.250032063027856077e-01
2.458193930150511797e-01
3.131407318137290341e-01
4.188862059212633548e-01
1.939017052558059950e-01
6.136127759941317067e-02
2.177235303192145144e-01
5.199221680633142606e-01
2.771342498025662349e-01
6.500666893877383723e-01
2.938403777992202315e-01
2.848645109092337591e-01
3.376013564968073921e-01
1.627071407433513806e-01
2.649874281326178305e-01
5.244975468803995122e-01
3.007497799127256122e-01
4.479866388198760485e-01
6.310869932651248515e-01
9.967009060606930870e-02
5.717693208498876301e-01
4.048173540623078437e-01
1.381158887601044438e-01
2.690317308296196752e-01
2.327519471175752419e-01
2.071671438382418906e-01
2.267492450023577411e-01
3.584367916269812770e-01
2.327256375100812402e-01
2.320885103083665801e-01
1.791430011805693334e-01
2.865331169914012710e-01
2.327256375100812402e-01
7.098621451387746584e-01
6.230474670628106670e-01
2.865331169914012710e-01
5.818640617297914375e-01
1.892803737837017997e-01
2.327985645700244299e-01
2.573930509920283605e-01
1.951084759575621164e-01
5.818640617297914375e-01
1.671205033851303479e-01
2.326999331939946791e-01
2.653143617706281709e-01
2.327569663399373379e-01
5.844547884538939808e-01
1.798950998543880631e-01
2.327256375100812402e-01
1.185450637395151080e-01
1.574669818559867873e-01
4.220368708053230389e-01
5.818640617297914375e-01
1.037015462083931555e-01
2.865331169914012710e-01
6.937617215862459386e-01
6.315284911593427308e-01
2.149194545204003992e-01
1.848992769022400340e-01
1.947490544923115574e-01
2.585805445641256584e-01
5.818640617297914375e-01
2.164879214917874162e-01
5.818640617297914375e-01
5.353274907027026908e-01
4.930710324852519699e-01
3.041480328379508324e-01
1.370578046109231229e-01
1.792534653323739346e-01
3.093594369008346723e-01
5.844547884538939808e-01
4.884943217736031906e-01
4.622016958610679072e-01
2.327317204424980412e-01
3.451586871061513295e-01
1.418794093735423756e-01
2.420353260667245376e-01
2.327071275298153719e-01
5.311812638983146040e-02
2.327080025233366212e-01
1.508997282550813834e-01
1.850927056834330009e-01
6.133936148753333928e-01
6.272686384778382029e-01
7.545113370654251694e-01
4.007612201570789900e-01
3.002119998684782409e-01
5.643598551591154644e-01
2.328084681518526322e-01
1.816660749395455632e-01
7.169162662599501967e-01
2.011104600466680770e-01
3.221234688236167543e-01
6.434178929176579409e-01
2.143202525511535006e-01
3.897092550745252515e-01
1.691905928188667807e-01
1.603143022068623247e-01
3.374029089764120637e-01
1.628642125239147809e-01
2.249699778189712118e-01
5.190015729559377400e-01
4.391104586536084264e-01
2.781067388241928451e-01
2.250050869142601329e-01
6.068479326258406914e-01
8.729389917049334979e-01
2.207670078692057780e-01
5.522684105971868984e-01
3.276413306747529841e-01
1.809558287211605609e-01
2.259157143339349250e-01
6.436990463801758877e-02
3.208637780461222611e-01
2.189048051727950639e-01
2.516944804537846192e-01
5.841474581375148967e-01
1.829886484879378328e-01
1.078942015277412209e-01
2.870851849212349705e-01
2.494734135970679556e-01
1.789646878247303785e-01
1.027476573394037890e-01
6.001740089074069084e-01
2.249706291344366060e-01
6.149189217954683651e-01
1.245218335793014108e-01
4.535744692600864880e-01
2.574188517649245167e-01
1.853241809689748221e-01
2.111693993685155590e-01
2.249706291344366060e-01
2.500785152074027073e-01
2.935296515066847522e-01
2.399992433581737139e-01
6.853486677276652284e-01
1.789646878247303785e-01
3.054004444619838332e-01
3.375824449021015417e-01
3.434540958322389592e-01
2.085490988480908914e-01
2.250466467312814411e-01
5.841474581375148967e-01
1.789646878247303785e-01
3.416822100884680524e-01
5.841474581375148967e-01
5.841474581375148967e-01
5.865224416960693743e-01
5.874754527940729831e-01
8.342007647100013745e-01
6.466284303670563061e-01
2.574188517649245167e-01
2.687708631726821173e-01
6.278689667764429938e-01
5.243237969284781919e-01
6.068479326258406914e-01
4.628126615182460157e-01
5.454286491756763500e-01
6.404801852545906060e-01
4.103463059046713601e-01
5.531057740989434590e-01
6.841913169440236864e-01
5.841474581375148967e-01
3.589745105677195625e-01
2.884361841563585771e-01
6.553820769085059172e-01
3.190831125394254508e-01
2.025162606820096467e-01
3.042146491088034144e-01
1.959769856529250398e-01
5.347736425005310545e-01
2.679673381648978725e-01
1.388364395146409747e-01
1.602380918812577881e-01
6.561305074873168275e-01
3.843879804722235560e-01
2.020316794983231801e-01
2.282960827855210484e-01
3.042446920270284183e-01
3.042446920270284183e-01
2.997203851133165564e-01
2.977427892583210944e-01
3.042695965560012761e-01
2.073194251366912433e-01
3.042439465979943636e-01
7.427524578841843139e-01
2.403924346815426716e-01
1.425917952185704884e-01
4.612544683701336745e-01
3.042297015040100749e-01
3.166060174322456455e-01
2.371055416313974651e-01
4.303048869851361369e-01
2.603108566914089095e-01
3.070608929434737178e-01
3.042439465979943636e-01
1.505893749998713227e-01
3.042434278577669793e-01
2.132358083488992695e-01
6.437528263668390593e-01
3.868250294153716684e-01
4.613845949844813665e-01
4.178708230318516903e-01
1.907289098800598326e-01
4.613845949844813665e-01
3.042146491088034144e-01
4.613845949844813665e-01
3.043096636943250499e-01
4.124855801162525815e-01
3.042446920270284183e-01
4.613845949844813665e-01
3.043161872510787291e-01
3.042135896902843917e-01
4.612544683701336745e-01
5.455051846851696196e-01
5.000000000000000000e-01
1.339364614807410647e-01
3.070909047098308031e-01
4.561161999407105094e-01
1.851872923765237322e-01
3.042446920270284183e-01
1.339364614807410647e-01
1.988230511918948062e-01
3.042446920270284183e-01
3.042446920270284183e-01
3.892867356214095298e-01
2.292857088647987096e-01
1.984259167107305100e-01
3.858265549089449076e-01
4.613338819545577674e-01
2.384426211426090569e-01
4.419183735844421923e-01
3.302713246486929100e-01
4.178708230318516903e-01
4.613674828640672576e-01
4.613845949844813665e-01
4.737109371050709505e-01
3.042349755960908064e-01
5.357378157415012554e-01
4.217137980624647287e-01
3.042146491088034144e-01
5.153805637490145308e-01
2.865612663444973562e-01
3.424307003954810136e-01
4.518729104475426861e-01
1.897548225923874343e-01
2.865613209927606042e-01
6.475749634626722928e-01
2.582818632960985350e-01
8.244580429053619541e-01
5.000000000000000000e-01
2.665195885550432076e-01
2.052652769445215963e-01
3.087192718333026664e-01
2.866390431525341898e-01
2.553565353980403185e-01
5.000000000000000000e-01
2.610550984576214262e-01
5.000000000000000000e-01
5.000000000000000000e-01
3.098944446926581997e-01
3.121642675978938963e-01
3.132200832462018192e-01
1.734542990535297979e-01
3.099935512800309212e-01
2.866436448706664586e-01
5.000000000000000000e-01
5.000000000000000000e-01
2.866768757156470393e-01
5.000000000000000000e-01
2.015765222296038162e-01
3.811048670577482089e-01
1.047624805991654584e-01
1.629801528388209186e-01
5.000000000000000000e-01
2.866390431525341898e-01
5.725348365565274822e-01
3.185868401581482684e-02
1.081551129308999104e-01
2.688939188394383062e-01
1.356801942809470196e-01
5.000000000000000000e-01
2.027417859940582601e-01
2.785181255529250444e-01
1.622378702204687329e-01
6.479583983761207922e-01
3.986813134261842917e-01
6.134717198930035309e-01
1.851169648214873731e-01
5.000000000000000000e-01
2.319369354424682950e-01
2.867610140011861430e-01
2.822137651098421407e-01
3.121642675978938963e-01
3.560351245571105605e-01
2.866588524435146890e-01
5.897069159978184372e-01
4.459746462822143376e-01
6.167558697374327104e-02
2.582818632960985350e-01
2.866765600182150653e-01
2.867610140011861430e-01
5.000000000000000000e-01
2.866605354760117796e-01
2.866588524435146890e-01
3.460362839725130701e-01
3.835887761438032117e-01
2.501740466318154721e-01
1.047624805991654584e-01
1.598243215654311378e-01
3.400286567853830766e-01
5.000000000000000000e-01
2.541806156087575430e-01
1.897548225923874343e-01
2.251460365330964219e-01
2.015765222296038162e-01
4.773077430568786195e-01
3.595608449681582663e-01
2.797982762271935542e-01
3.013510867953472783e-01
2.085266892266894323e-01
2.778968500162417588e-01
3.010992674032472172e-01
6.991906348389947956e-01
4.770905437973286256e-01
3.013798322239378824e-01
1.701366299511564151e-01
3.229636785679834143e-01
1.458916472527257147e-01
2.300774160734903040e-01
1.634476993205677964e-01
3.345992760998638960e-01
5.409488825170567505e-01
1.756568700806325767e-01
2.197531109167986385e-01
2.692461541818350623e-01
3.010590050522360950e-01
4.427854067798364102e-01
5.000000000000000000e-01
8.064209698589956954e-01
9.393945259553708460e-02
3.926682474788736887e-01
5.061236334190367669e-01
2.692461541818350623e-01
4.427854067798364102e-01
3.601120496020966399e-01
3.010981107814418301e-01
6.139431871641237715e-01
3.010981107814418301e-01
1.772945423810852184e-01
3.062620468338855262e-01
3.010981107814418301e-01
3.078395531677054486e-01
3.010792149298648912e-01
2.408372272977052364e-01
5.358691785573497235e-01
3.011350774038537570e-01
3.174787103631251939e-01
5.000000000000000000e-01
5.169745426041970626e-01
6.162767515658458262e-01
4.323542279714323033e-01
6.267959969105324491e-01
3.359824886086915652e-01
3.060673118740641074e-01
3.601229517360582943e-01
4.521415948111586203e-01
9.259347294740999379e-01
3.012748681680531004e-01
4.469317600110664923e-01
3.010499113877700972e-01
4.770968067749634112e-01
5.385407832463761091e-01
3.062620468338855262e-01
2.972753891809813975e-01
3.012748681680531004e-01
1.976337572164414136e-01
3.010499113877700972e-01
4.427854067798364102e-01
3.304781977374025015e-01
2.692461541818350623e-01
5.963865301585102863e-01
3.062620468338855262e-01
3.229636785679834143e-01
2.631425447498575987e-01
2.322133540240838290e-01
3.740129177731873478e-01
4.247409564192778930e-01
8.062665633476214788e-01
4.427854067798364102e-01
1.988740797805251259e-01
4.693342881865251170e-01
3.569639460887026883e-01
3.817021183545880048e-01
3.926768860804709105e-01
2.751164514703429709e-01
2.756414084700132827e-01
1.420207275019776394e-01
3.663423279950634437e-01
4.445415407124946872e-01
3.923992105445054945e-01
3.809943260252827701e-01
3.571245328181077983e-01
3.482500900298504121e-01
4.219108822968357653e-01
3.485295515110907183e-01
1.472458451213088104e-01
1.304101103502981751e-01
4.373428855581171781e-01
3.815948121110376290e-01
4.779923412647304470e-01
4.017582324284563189e-01
3.488505961684104650e-01
3.443137984242237160e-01
2.632267982380399052e-01
2.185238800854633068e-01
3.275732033634238816e-01
1.298093718077347192e-01
7.987959237022818071e-02
3.088590876703649624e-01
3.482500900298504121e-01
3.305218455572358494e-01
3.681550488832039947e-01
3.489820704933032647e-01
3.482505090943735504e-01
3.735781553786481357e-01
3.489820704933032647e-01
3.964995818251586535e-01
3.482505090943735504e-01
4.648096827498662820e-01
3.489820704933032647e-01
2.779714688186771254e-01
3.923031757237822048e-01
3.476849484750586528e-01
3.482505090943735504e-01
3.535012750658333980e-01
4.580047952935157318e-01
3.400166097710631830e-01
2.618614187659110137e-01
3.305483140839231559e-01
3.405415250456790277e-01
3.305483140839231559e-01
3.135630445701366176e-01
3.022324344455092349e-01
3.602855133678886657e-01
2.642290183670691350e-01
2.233066495487492642e-01
3.485842526880616465e-01
3.482505090943735504e-01
3.489820704933032647e-01
3.490955482440382118e-01
3.033072275968697884e-01
2.752869001420188422e-01
3.809943260252827701e-01
3.305483140839231559e-01
4.057590867172894966e-01
3.483058620422124219e-01
3.487671201345476368e-01
2.879286213682669682e-01
3.815948121110376290e-01
3.320690984057274586e-01
4.115093006559957245e-01
3.489820704933032647e-01
3.489820704933032647e-01
1.792520006523174725e-01
2.114897135695847086e-01
2.067703391936227264e-01
2.424701756390735263e-01
2.423857670899813854e-01
1.027047119700292555e-01
2.607374822859048202e-01
1.223075971499398146e-01
2.288782492915413247e-01
1.112752050640094803e-01
1.862513763070484663e-01
4.055496867707336639e-01
6.769150106778758225e-02
3.581597229784549974e-01
4.449484031184702815e-01
3.278768987613172037e-01
2.488432421605844824e-01
2.020166158304134152e-01
2.424287402052404117e-01
2.424459632806233167e-01
5.329247634891262075e-01
1.683623145778104513e-01
2.378574606490999888e-01
2.424287402052404117e-01
8.688412050565998135e-02
3.793006564115908863e-01
2.424977590595225885e-01
2.424371643378153418e-01
2.939481129864913722e-01
2.067703391936227264e-01
2.424287402052404117e-01
5.487873062108103994e-01
2.693809586160029190e-01
2.424287402052404117e-01
2.067703391936227264e-01
7.307664363816858133e-01
1.712055281250499106e-01
2.424977590595225885e-01
2.347124501598705226e-01
2.020166158304134152e-01
4.626255509430062252e-01
2.803470694972224342e-01
5.329247634891262075e-01
6.147059342164260531e-01
1.518657779713139533e-01
4.733302769493626938e-01
2.181195597156778410e-01
2.424287402052404117e-01
2.669498841235422026e-01
4.839494318759566815e-01
2.125841153442869780e-01
4.350876150006844356e-01
3.579658271512768386e-01
2.424701756390735263e-01
2.634083763973816827e-01
2.439039911627353119e-01
7.356871759794688659e-01
4.096285528946837506e-01
1.852854175874993625e-01
2.424287402052404117e-01
2.423857670899813854e-01
1.934631092562842658e-01
2.294377773107475482e-01
1.224393155442528719e-01
4.653379595742582753e-01
3.467524334028476152e-01
2.213536791366749745e-01
6.246757196003238644e-01
3.414895206987422771e-01
6.813247243710097711e-01
3.278768987613172037e-01
8.245458797596970646e-01
5.329247634891262075e-01
2.434852198552469593e-01
3.951446862793186465e-01
2.306611070126881602e-01
1.659080212997433856e-01
4.634166901145889139e-01
7.931080098718180649e-01
2.867575277489570196e-01
1.424792275506435169e-01
2.766147608766942878e-01
3.000809396800319662e-01
3.002214663140687079e-01
7.700617507141459782e-03
2.421642919711810282e-01
3.001432756219114539e-01
3.016819208739073277e-01
4.052722868681221668e-01
2.501557135179410807e-01
2.766147608766942878e-01
3.409020554722783647e-01
8.016030127123406901e-01
2.823517311844143118e-01
2.247656458396397605e-01
3.004667695473424160e-01
3.004667695473424160e-01
3.985935444294239627e-01
6.598315912836383301e-02
8.772151385981684368e-02
2.099630599333479619e-01
5.911522643600326532e-01
2.766147608766942878e-01
4.493472132061205326e-01
1.946838038522787639e-01
2.950513743051858540e-01
7.964692857364238376e-01
4.265908849712854445e-01
7.381815650321316147e-02
5.000000000000000000e-01
4.493472132061205326e-01
2.286240117013920714e-01
5.427715527152268127e-01
2.766147608766942878e-01
3.001493657894881983e-01
4.633404067832476714e-01
3.002403347489027707e-01
2.950513743051858540e-01
4.493472132061205326e-01
3.627647333595458434e-01
7.099923200867100936e-01
3.001472855848695276e-01
4.634219868014892718e-01
4.092889630332492423e-01
3.932205320923982117e-01
3.002403347489027707e-01
5.274097971237955429e-01
1.865019897594049625e-01
2.506130322192980930e-01
2.421642919711810282e-01
3.492244783172918643e-01
3.361180823068501966e-01
3.000012506305279048e-01
4.126202280910057363e-01
4.087160542956278508e-01
3.000809396800319662e-01
1.006053910100955240e-01
4.493472132061205326e-01
5.363887293394483669e-01
4.699573538727146171e-02
4.493472132061205326e-01
9.696305846707263809e-01
4.171375168524736332e-01
4.635205322892747559e-01
1.469766118881599415e-01
3.620248764613876458e-01
2.880786869156693464e-01
5.694473298424284069e-01
