1.405294067508405520e-01
3.991952998084552506e-01
2.202867608327659932e-01
1.858526078220371081e-01
1.516556478454461898e-01
3.100131281020063190e-01
3.813178681838422235e-01
3.490431122781386120e-01
2.560622240570539776e-01
2.861306385276902731e-01
3.789097927523192300e-01
4.383824874116012404e-01
4.599260944904997039e-01
4.175802360330087004e-01
1.400158152515114940e-01
2.836548379430867128e-01
5.000000000000000000e-01
1.110192019468400904e-01
7.223016673893734030e-01
1.414842619457119810e-01
5.000000000000000000e-01
3.523037481130247839e-01
4.050906388816801762e-01
4.308847073958868013e-01
1.744810879429327943e-01
3.505970884950652677e-01
4.943028451929379341e-01
3.509472175830185559e-01
4.155187134279674788e-01
2.508854682646934342e-01
5.869073065065538719e-01
1.744936136569483764e-01
2.697270783023348883e-01
1.601851805878201918e-01
2.449057171788133203e-01
1.809180956485319236e-01
4.477753027700554500e-01
4.092235073401658818e-01
2.948283452289228168e-01
3.788389362743971311e-01
4.210798406017755013e-01
1.487546285168114546e-01
3.110000260563038355e-01
4.392016444776503659e-01
2.419630452023612266e-01
1.431398989604978356e-01
3.805068787184790469e-01
1.695205896310701954e-01
1.539161995450067932e-01
3.864320535373214072e-01
1.744936136569483764e-01
2.680701723195102470e-01
2.626414132493177234e-01
2.926445888253994543e-01
1.745680988702313918e-01
2.977071298085874895e-01
3.809080558452750398e-01
2.346003945590864337e-01
1.745680988702313918e-01
1.744936136569483764e-01
3.168531712509961018e-01
1.745740549207491221e-01
1.660135882859728740e-01
3.675982835411960026e-01
2.731600577095259497e-01
3.135664055385053439e-01
1.952561667976182858e-01
1.744936136569483764e-01
2.088158865390505603e-01
1.110192019468400904e-01
3.930196812798438799e-01
1.317877924191629413e-01
3.720103323877727020e-01
2.067245120146866399e-01
4.302838724688169414e-01
3.675017227620970273e-01
1.125206385833151801e-01
1.110831530412556833e-01
3.555323659241424461e-01
3.817901230001370938e-01
2.703597453870411615e-01
1.746355735645478691e-01
2.873481833010844699e-01
3.227466007379377610e-01
2.703597453870411615e-01
2.227560432747474339e-01
4.362572998557092130e-01
4.778721045634804487e-01
2.380615172931301593e-01
4.415815121576684987e-01
3.882431981893234574e-01
2.262516228875415814e-01
6.281975208558563395e-01
2.899352903943553939e-01
1.301640004445787369e-01
2.700387757523067811e-01
2.105076157767430955e-01
4.164055255732876937e-01
5.356841690643863174e-01
3.326121193051209124e-01
4.028093501814373201e-01
4.053410894319107172e-01
2.803961612088775590e-01
3.918891281451979403e-01
3.207279418967182716e-01
2.004346479175342643e-01
4.067595903255519785e-01
3.385293625108076743e-01
2.703597453870411615e-01
2.703826008935082958e-01
5.256119429167570578e-01
3.693201989948369235e-01
3.596326540732426857e-01
2.174907150596786243e-01
4.868132556513450337e-01
2.521055087435162823e-01
3.087682033097498557e-01
4.433563967563872166e-01
2.747707748654281690e-01
3.522139093782326036e-01
3.756809477300531164e-01
2.977378761295013110e-01
1.834573111624732966e-01
1.817482820626124262e-01
2.633590280213840007e-01
3.287850540076568406e-01
3.022128602133433706e-01
3.713934150950383151e-01
2.798417026386870732e-01
3.475141235321591582e-01
4.153779798001756562e-01
5.171108793061728326e-01
2.431627023969286649e-01
5.935444292340384953e-01
1.813712370802431639e-01
2.309170631122847706e-01
3.364988371557736113e-01
5.811596999378402240e-01
3.182906962411164997e-01
1.106274310599748428e-01
2.438462791913053040e-01
4.230847007246272273e-01
3.175327847554282323e-01
4.662430271029780471e-01
3.576518848376739612e-01
1.963914755959313141e-01
2.076362879739368783e-01
2.663587831094109681e-01
1.861823367478151470e-01
1.775392242556158573e-01
4.010466323893359109e-01
4.920592369936746535e-01
6.263662093211996851e-01
2.174205188485937024e-01
4.032184086782054089e-01
5.827000833659811141e-01
5.448934939376848252e-01
4.230245752834551620e-01
3.146604272545664438e-01
2.743401597047155915e-01
2.120649302544493076e-01
4.339211901817077166e-01
2.242943853492354311e-01
3.591386141775843033e-01
2.517196048484532378e-01
1.819174952618361207e-01
2.265486090484644666e-01
2.526616273454512784e-01
2.517196048484532378e-01
3.767578228203792845e-01
4.670453048586962752e-01
3.317314170081651636e-01
3.191924911029289658e-01
2.212256598077202707e-01
2.654093162780634119e-01
3.232336153258645872e-01
1.682994064815674928e-01
5.876645190217339998e-01
1.708636393341859405e-01
2.709384030029932111e-01
5.766325826811266042e-01
2.360098968059808067e-01
2.006355301020671111e-01
2.791633994201117575e-01
1.803514099434817830e-01
2.542461483510980447e-01
4.857706956400975051e-01
1.548868677554244011e-01
3.309307122119409250e-01
5.877287361441335678e-01
5.904847733162280621e-01
2.517509350507025068e-01
1.734428171829621168e-01
2.442909925272152283e-01
2.354169388836953869e-01
5.876645190217339998e-01
2.816243326254539991e-01
3.277306247528635752e-01
5.139759445922745806e-01
3.225083947393129202e-01
3.022905280985537790e-01
2.095428413841013693e-01
8.766000634189667629e-02
2.625860044600978882e-01
3.020976939839011277e-01
5.481731351969848509e-01
3.901225203880449577e-01
1.892135480050289587e-01
2.942236008812968429e-01
2.809486444463015764e-01
3.226462018336404558e-01
2.841356131373837246e-01
1.484551802652343266e-01
6.675609456451833679e-02
2.549295708610247457e-01
1.189562910631119519e-01
3.625509123537313250e-01
2.538204446555255012e-01
4.315968194754987719e-01
6.601387618252254619e-01
6.240565095664217798e-01
2.607684312143688232e-01
2.969115489617186743e-01
5.943693112245077570e-01
3.009294447657837601e-01
2.184060635423643870e-01
4.201456175146232597e-01
1.622474957639229443e-01
3.227054755157413024e-01
3.829872426347306069e-01
6.848132687066769142e-01
1.751324030973563095e-01
3.686201721787257801e-01
3.911937086901739469e-01
3.426934094911335271e-01
2.144352631254343444e-01
1.856152436661923921e-01
4.096748284190598888e-01
1.485313076659068587e-01
1.669229749045054445e-01
4.632464254867477149e-01
5.753572577523211606e-01
2.368167877326868009e-01
2.080016498492382737e-01
2.911341104319569162e-01
9.436337079181972287e-01
2.419566039250157508e-01
3.026372106374883852e-01
3.734426582102692294e-01
1.162883520463923182e-01
1.942699563510468241e-01
6.252107924136815487e-02
2.533214183676149034e-01
1.530695144852757261e-01
2.837104657977758126e-01
2.465746935843845244e-01
1.718406023596481258e-01
1.644614920342944986e-01
3.203854830468756965e-01
2.339724892443565407e-01
2.533053166073047091e-01
1.408727899412514639e-01
4.177992329553269490e-01
2.273239837144240827e-01
2.775597436153915409e-01
3.216631189346450537e-01
1.881082702131853246e-01
2.074158074793343576e-01
2.273239837144240827e-01
2.436833088120943236e-01
2.948518418001386254e-01
7.349958063052680624e-01
1.520004889579038565e-01
2.712162448190240105e-01
3.188332778763744990e-01
4.525562696835084830e-01
2.568751257481567962e-01
3.480651123013575043e-01
3.057858668360727283e-01
2.055409819028793106e-01
4.771828765073723444e-01
2.991163114907396947e-01
6.970313825793335027e-01
5.972682080874398558e-01
4.813774191968392402e-01
2.878954036626620305e-01
4.863059894822790441e-01
3.198698029830876477e-01
8.159745339088064764e-01
4.416890074285165224e-01
1.518372354530682644e-01
1.695455741219595858e-01
4.668274821417360276e-01
5.349080110810674471e-01
3.775002974289104474e-01
4.916436813816932316e-01
5.639012599937068826e-01
4.536522957252921429e-01
5.916901457994979685e-01
7.434914114560003950e-01
7.030618663937879820e-01
4.872641888287140288e-01
2.972210731700449249e-01
2.742808463289427290e-01
3.911171998870554556e-01
2.967954263850808849e-01
2.667703054846485844e-01
3.806248279880997121e-01
2.649925252044533774e-01
2.367685757880237385e-01
5.590563207302474691e-01
3.408572881202719396e-01
7.908338188095052068e-01
2.346060851732842956e-01
2.230068804075771571e-01
7.107093693054158390e-01
2.699721504425194318e-01
3.419103032158273825e-01
3.512573321088052758e-01
3.177523745251161214e-01
2.209467548304055173e-01
3.052579545487090762e-01
2.967992921354309921e-01
2.680359474286247434e-01
2.154426333961020068e-01
1.865519702274522906e-01
1.633015750618262707e-01
7.383142792049998127e-01
2.859842991943434276e-01
2.481331855477035830e-01
1.990193711120703812e-01
3.572164273470139206e-01
5.080908017644749641e-01
3.456254470484712571e-01
2.324962684534138679e-01
2.758258366839244635e-01
1.672416182968887166e-01
2.758258366839244635e-01
6.858627764485011324e-01
7.298069779044012995e-01
5.105727030031986802e-01
3.517353826553456519e-01
3.104072378934820131e-01
6.117181895401212488e-01
4.660069415018707750e-01
6.117181895401212488e-01
2.547309345381806867e-01
3.574889714513017624e-01
3.307387436456880048e-01
4.181475454115710644e-01
1.535108279973244061e-01
2.974324033054834837e-01
5.770568260771822278e-01
5.668460412057688691e-01
3.379068588281446961e-01
1.767896437393939035e-01
3.157740657273567786e-01
1.841064718238697995e-01
1.201016655785277082e-01
2.965278141031131298e-01
2.296362384586555228e-01
2.384617463052841890e-01
1.917003311836022184e-01
2.410092565540601639e-01
2.410092565540601639e-01
2.487939332433698469e-01
2.097389930687940385e-01
1.748876983158578757e-01
2.974782859082670261e-01
5.720674200655326835e-01
2.103198536910909078e-01
2.099871718366484175e-01
2.481499361492228717e-01
5.923954934538792072e-01
5.151514447813644315e-01
8.989790850466635730e-01
4.232721785631076705e-01
4.937567088909912139e-01
6.899164032542406400e-01
2.567319151846861880e-01
6.415084263930873609e-01
3.665367058025513769e-01
4.006382965475364655e-01
3.289928917820157395e-01
5.849593702390399885e-01
2.410092565540601639e-01
2.108352785845254707e-01
7.717306293469001766e-01
2.007145441179799539e-01
6.380461374871544411e-01
6.272451714824637259e-01
2.543873203679789530e-01
2.659421689767920149e-01
5.000000000000000000e-01
2.587916207023563953e-01
4.683904980014181874e-01
5.180940652776468980e-01
1.919821514703551613e-01
1.016166818922407816e-01
6.770487053154152779e-01
4.656386005709312603e-01
3.583250679407916639e-01
2.762345089122668074e-01
7.739647554770981985e-01
8.946298278582408281e-02
2.711421856748104098e-01
2.273382172262196355e-01
4.026675768399275990e-01
4.438015472560296604e-01
7.838717923600255766e-01
4.280198124533658999e-01
2.227277519685396667e-01
3.096253987326164636e-01
2.886188604693608606e-01
1.819218821596140512e-01
4.026675768399275990e-01
2.095188264999305605e-01
5.341202020630858582e-01
1.087063904505992801e-01
1.574296594540349203e-01
4.804891816260311588e-01
5.957600688856388299e-02
7.955620072396790698e-01
2.425908541917348171e-01
1.466083441159160283e-01
2.472494648221808256e-01
2.124720509211853736e-01
2.124720509211853736e-01
3.467282410060773534e-01
2.896727251114670221e-01
1.240243555786113838e-01
2.400122011373516662e-01
1.448899795716245553e-01
3.817906324416141528e-01
4.471558926467734674e-01
2.033246774452860950e-01
2.423029036294006289e-01
2.563962958016131610e-01
2.419422671161118865e-01
2.658121798440817307e-01
5.796238723028985795e-01
2.000617340952394463e-01
6.771447437363387056e-01
3.316225460786166868e-01
1.121828560600353492e-01
1.798318694580397226e-01
3.326113315492149058e-01
4.706921766044631084e-01
2.985771590471452130e-01
6.588225534712234266e-01
2.701047171388314405e-01
3.324738567837371983e-01
4.437454871275030022e-01
1.885738983589072271e-01
1.423764166198140946e-01
2.132760465457293475e-01
2.506100928234610281e-01
3.941218303098858455e-01
8.233827499526384930e-01
6.094581267534503466e-01
7.600348986166481913e-01
7.298569238317466068e-01
2.713418474069448916e-01
2.543873203679789530e-01
2.837235374856859060e-01
2.227277519685396667e-01
2.658121798440817307e-01
2.077683381754994729e-01
3.906968931463054018e-01
1.797663165034614485e-01
5.738833547322410578e-01
4.415381557073666530e-01
3.642710180487322424e-01
1.972911113926454629e-01
4.201816939392617467e-01
1.736233073456013298e-01
7.453014004450556618e-01
2.585572611505388974e-01
3.454952058377739332e-01
6.190700728540200481e-01
2.321691865737691429e-01
2.410899902132170314e-01
1.854966701112772121e-01
1.519713107242873507e-01
4.613094820969235732e-01
5.000000000000000000e-01
6.951992394803206965e-01
1.993911355850399025e-01
1.602663610681132333e-01
2.316108236358423722e-01
1.854966701112772121e-01
4.613094820969235732e-01
4.443380428205567778e-01
2.907699399391356909e-01
5.723651027429046412e-01
2.036162118793790055e-01
3.580591389280911030e-01
2.768219478306552794e-01
2.145018842187875197e-01
5.286801850132731850e-01
6.688580985593555184e-01
3.276112983178489091e-01
2.846726363208527122e-01
2.258023765350727075e-01
2.077054331717158586e-01
6.380084646046600971e-01
2.663743015288822513e-01
4.328269260365498750e-01
6.054850511541534086e-01
2.257056630108651984e-01
4.511711423827462486e-01
2.463857603909800353e-01
3.063010224500237189e-01
3.346554850721848440e-01
5.608504871470388897e-01
6.938674101508757186e-01
2.902738755009771077e-01
3.420291412989674429e-01
1.940672165256936144e-01
1.753748049762104688e-01
3.450600854598175338e-01
3.572210727022125387e-01
5.638227787045994033e-01
1.937205393434294209e-01
2.902738755009771077e-01
2.075427059893698856e-01
2.550869181854054091e-01
6.796522579788253360e-01
2.734931797333471359e-01
2.663743015288822513e-01
1.854966701112772121e-01
4.435786466114393645e-01
2.081819200223171962e-01
2.881700884439530319e-01
4.691129315287597135e-01
2.234108241282030949e-01
2.214970569316446758e-01
2.708815211059241723e-01
2.348519751733307015e-01
4.918903114581354985e-01
5.313379724379706515e-01
5.280537854334770298e-01
2.832301421328126678e-01
4.606045958185215894e-01
3.006742107507761053e-01
2.575696188709863388e-01
3.803863948261825279e-01
2.018634103341932218e-01
2.115094056667479738e-01
2.012300906532943912e-01
2.809495762604559688e-01
5.680084402952387812e-01
1.693276688009380249e-01
2.972247517257515237e-01
2.708433089881174816e-01
2.692088793680207925e-01
6.701726764503026512e-01
1.916063306933653287e-01
4.012171651793915439e-01
1.569785864462861780e-01
5.060887366560151701e-01
4.011759282046009623e-01
6.481662381065569356e-01
4.304050292013580359e-01
2.606581893421812679e-01
2.406934703485263949e-01
7.300056653635665915e-01
1.130535050176725009e-01
5.193208214698719072e-01
2.628973616371878541e-01
2.229237780831280769e-01
2.779075057145558025e-01
2.729933683413455769e-01
1.963251672959636374e-01
2.907290353943838279e-01
2.764602886864851450e-01
2.553105455648211342e-01
3.181167034430140705e-01
3.070762872979256319e-01
4.770425691872513529e-01
2.487198710963883508e-01
7.210594021868291792e-01
2.340278103212777849e-01
2.144543761484547784e-01
4.215253207176697936e-01
2.753361664519684560e-01
2.099734483719635225e-01
2.409595459691438457e-01
5.785579317885835016e-01
2.091946688888806638e-01
1.507358910707677913e-01
5.145766896565239223e-01
1.554597097521310811e-01
2.777272571506076981e-01
1.554597097521310811e-01
2.054640084417121704e-01
5.000000000000000000e-01
2.697952032833846325e-01
3.295422041954358949e-01
2.850519251549551436e-01
2.718084380140457501e-01
2.816971565224467011e-01
4.222766397131916816e-01
2.168662278590646197e-01
2.275372759082637253e-01
2.893212500685590216e-01
4.493170641321468928e-01
2.536430573812780698e-01
3.066405252533088155e-01
2.719729477733444645e-01
3.579598173025247965e-01
3.318910402907985224e-01
2.093183004933412694e-01
2.909983840596850335e-01
5.398047957003844211e-01
3.042101408881769387e-01
2.233149542183341663e-01
2.133003378175117870e-01
3.899895727199318429e-01
3.419058634949997399e-01
2.696854498454115401e-01
4.175125304873708032e-01
5.000000000000000000e-01
5.848514662576124179e-01
1.753076861286861354e-01
2.600466558320220223e-01
2.474850138150901102e-01
3.475496135841434908e-01
2.338271367047304594e-01
2.122118292856751964e-01
3.766768916673401413e-01
3.079706875356126305e-01
3.485777815267219748e-01
2.255208437796568377e-01
6.617117974277119119e-01
1.534268244325758257e-01
3.600752284736429276e-01
3.973827734314970273e-01
2.493185910804661121e-01
2.323274863990151540e-01
2.789285845848584189e-01
3.006128725457736794e-01
2.137595380305994108e-01
2.332190148030033605e-01
3.999590863614559955e-01
1.285099871045135567e-01
4.218020098877637292e-01
2.844473709732930344e-01
1.985285375796559393e-01
3.012984873417066112e-01
2.145964243651896919e-01
2.269080853032023060e-01
5.405831916675869486e-01
5.185608489922226561e-01
2.329479524467349127e-01
2.405355255100935230e-01
4.486727413668754050e-01
2.429219675668684852e-01
2.477380540974777889e-01
2.531237624872367253e-01
3.416375215111547847e-01
3.402686729758044315e-01
3.467414232138832375e-01
3.339266998715683665e-01
3.171865946450053708e-01
4.755000361757142358e-01
5.245927141228436952e-01
2.968393375598477046e-01
4.058178193673285250e-01
3.031225963855875283e-01
2.789285845848584189e-01
4.770312247604352462e-01
3.701237330130525693e-01
2.711158419517762930e-01
2.678344563211493834e-01
3.638556108510499487e-01
4.047176126493825521e-01
1.939939609051185287e-01
3.807880079169833620e-01
3.426452662404187999e-01
5.373204300946052836e-01
3.407966934327172348e-01
2.190873739467920911e-01
4.871004742447261338e-01
2.789285845848584189e-01
2.471935065649982499e-01
3.046462663386375613e-01
2.085360087536322626e-01
4.823552849162024980e-01
2.848136245582962855e-01
5.782627532019468664e-01
3.425153030036151014e-01
5.896868673324173749e-01
3.329815623162297733e-01
1.876194719966383373e-01
5.364009299888199411e-01
4.692653977864803538e-01
7.074704437138454871e-01
5.063284082440292488e-01
2.737666082220608366e-01
4.745163725973581270e-01
3.623973294460745564e-01
2.795092070235548065e-01
2.514653736355616509e-01
6.042466160322986779e-01
5.789204908654441706e-01
2.089121341712882884e-01
2.029752088802448395e-01
1.971431872985875688e-01
2.696052210291844387e-01
2.822886589242785127e-01
2.225449576612761327e-01
1.952330930387948527e-01
3.167029207842073646e-01
5.370236523978978438e-01
2.906892558277616723e-01
1.539085106270799141e-01
2.735624327249014387e-01
3.313806220410359105e-01
6.202464786465525792e-01
2.939412877101083565e-01
3.611988517395905429e-01
2.790245273351960598e-01
3.835016520685903818e-01
1.632016874562090547e-01
2.562242439832278507e-01
4.879002584760506744e-01
1.726053031599937004e-01
2.097948257759472968e-01
2.147280754649508183e-01
5.096452451307430520e-01
1.757476311285003090e-01
3.951334292495998768e-01
2.484004761693545948e-01
2.632356538892176023e-01
4.745188957293144938e-01
5.621412279412766333e-01
1.471417698096239013e-01
2.562313460101174889e-01
2.714415368731752931e-01
4.858970554121284091e-01
2.382848101378554628e-01
3.074937158919942570e-01
2.115525456638213952e-01
4.246546059735965550e-01
4.324699693368558306e-01
2.866864780891882347e-01
1.563490686117241235e-01
2.632356538892176023e-01
4.082371123006471869e-01
6.840355373659469107e-01
5.603613564817953030e-01
2.562282568278378414e-01
4.513526936884517671e-01
6.095076158308128100e-01
5.000000000000000000e-01
1.937248883115926246e-01
4.439566446658989585e-01
2.544879780142835779e-01
2.811488881707452925e-01
2.179837304890838157e-01
2.059978685017986866e-01
2.083090513587868842e-01
1.331240792351369162e-01
5.611663767484591503e-01
3.520274811553962269e-01
2.716170206588396363e-01
2.188329935390849190e-01
4.351919389308828157e-01
6.320044561359083879e-01
2.102674087646703716e-01
5.524006978139106572e-01
2.926012132735631988e-01
2.984806036206785751e-01
5.906899037960001708e-01
6.591100498527292517e-01
3.087695497494215013e-01
2.966079924371213816e-01
1.645629658547627661e-01
4.837588936810226503e-01
