2.663367679288191625e-01
5.865583785504310255e-01
3.231941205682364315e-01
3.826958511360671888e-01
2.723854554436764275e-01
3.697482884875278875e-01
2.413738575050231594e-01
2.414380378574895736e-01
2.665307394759247051e-01
2.805695229722245387e-01
4.362375117886799769e-01
4.000629842078242682e-01
3.465152620555947416e-01
2.414325161834333933e-01
4.576486329031609346e-01
4.058101821850199076e-01
1.895841798397386591e-01
5.865305555156951067e-01
1.882637903201745955e-01
2.976350242989740380e-01
3.371348761074824396e-01
3.434019493178157578e-01
2.414087050288772629e-01
2.736905831267448796e-01
2.414255969212519004e-01
3.629398835864713346e-01
1.879879246336869925e-01
5.864493762856421988e-01
2.413861972064353378e-01
3.686964386029496499e-01
2.375444563544415466e-01
2.414036934023988945e-01
2.763768283907231393e-01
5.864440578269562998e-01
3.653238110307842623e-01
3.751120444641488083e-01
3.886218497751102174e-01
2.773383730209273423e-01
2.414617408061029147e-01
3.659950190133025028e-01
2.466033505094254452e-01
4.058286103128978528e-01
3.597033110289088453e-01
3.136300518523890690e-01
5.000000000000000000e-01
2.414243883464084750e-01
2.414380378574895736e-01
2.413743023657571873e-01
2.414624796987695499e-01
3.752519897316693998e-01
3.835022077217853376e-01
4.221055987551930455e-01
2.414624796987695499e-01
5.865511128475165981e-01
2.884904068325801485e-01
3.539011174533745474e-01
3.111141932140253363e-01
4.089807190261703917e-01
2.413986296960715094e-01
2.413902311409060752e-01
1.895841798397386591e-01
3.478281134560359811e-01
2.414380378574895736e-01
3.695448692023434734e-01
2.414255969212519004e-01
2.867447050000260789e-01
2.414255969212519004e-01
4.689809042818817719e-01
3.618014836208878204e-01
3.953607129023559708e-01
3.982424567097632151e-01
2.413941286658050356e-01
3.382208103808134747e-01
3.489804081963241433e-01
3.676863450520818644e-01
3.317936213641652921e-01
4.038957691855655785e-01
3.100881389027764223e-01
3.906782407388593725e-01
3.123308708354093910e-01
4.736630543319360065e-01
4.028646903009840963e-01
3.057533914558739907e-01
3.028441108386628056e-01
3.027801953509183241e-01
3.028868192951602589e-01
2.861867117277440142e-01
3.028134402421064353e-01
3.028618112476149093e-01
3.028868192951602589e-01
2.696190192758045057e-01
2.928611460851850978e-01
3.900275961189279550e-01
2.879905623934099768e-01
3.028618112476149093e-01
4.474344031448426739e-01
3.702711808763720636e-01
3.305140815251223496e-01
3.073345312468575563e-01
4.648524168092040831e-01
3.027977743802696686e-01
2.912331272208738553e-01
3.300101238906246737e-01
2.742928256986596480e-01
3.074027321715508410e-01
4.250190378417617043e-01
2.710794683050221088e-01
2.730580306351373387e-01
3.148464132124794146e-01
3.028803581706236980e-01
3.987049334192095396e-01
3.769379381702989695e-01
3.649750665382209269e-01
3.172332167967847893e-01
3.962874719023410375e-01
4.220149404007357830e-01
3.377842016795001290e-01
2.765247334789792122e-01
3.869262395609126548e-01
3.462776374312542260e-01
3.720092030567364594e-01
3.513111650721977841e-01
4.474344031448426739e-01
3.495018638127997401e-01
3.851835628756182794e-01
3.425508610527591702e-01
3.399988229219932934e-01
2.939895349826099902e-01
3.232205217857180291e-01
3.028208697110955638e-01
3.325465598996660277e-01
3.499727723540588809e-01
5.000000000000000000e-01
4.484894819093241947e-01
2.755026321924246568e-01
3.093968662018778959e-01
2.593266280023607817e-01
4.483970067543846527e-01
4.112056483862200351e-01
3.568347701038738218e-01
3.084436795942828713e-01
3.203097277637357299e-01
4.331779717476820224e-01
3.415550962048266581e-01
3.273657017287788240e-01
5.070309314894299035e-01
3.357095676074430268e-01
4.897486501862326480e-01
3.132117036283181277e-01
6.617773906681717611e-01
3.087486015902404790e-01
3.083762660489859919e-01
4.018980711658179383e-01
3.212612756102881106e-01
3.974988199080344842e-01
3.082850897692706038e-01
2.886928722530353042e-01
2.610923578147185675e-01
4.473909476347174841e-01
2.790400202794968698e-01
4.064712381882014669e-01
4.208032407212617398e-01
3.132604892734711655e-01
3.178066446752635943e-01
3.179076886139525771e-01
2.652007745988128606e-01
3.871184016935929617e-01
3.578176112213973803e-01
6.617773906681717611e-01
4.159263638676962138e-01
3.081822151011421873e-01
4.644050583353225847e-01
3.078660801326791874e-01
4.627124900355189530e-01
3.085234243831361800e-01
3.566422284373590990e-01
3.535032187780408064e-01
3.529987880897370589e-01
3.913114173337087220e-01
4.664652976136028362e-01
2.631465035793252305e-01
3.274720911008229818e-01
3.072980642851830813e-01
3.720189958504154792e-01
3.456612079395310899e-01
2.829664063532552620e-01
3.464044026651321162e-01
3.496306615250481808e-01
3.084436795942828713e-01
3.743436321519647558e-01
3.577058941606804932e-01
3.768574127812955310e-01
4.166147213233785118e-01
3.730500877683783356e-01
3.368859317346447058e-01
3.073605310206327657e-01
5.528508284375761583e-01
3.814944994819454704e-01
3.028128117409081277e-01
3.146688836283036972e-01
2.922695869828562110e-01
3.942084616404116226e-01
3.687901178150643777e-01
3.008605920186814831e-01
2.869007212712820221e-01
3.821579735662580801e-01
4.918689508985293335e-01
3.909476958691687210e-01
3.919507726112949619e-01
4.013392711029187265e-01
3.195903002605610110e-01
3.350899608536269114e-01
3.066783627685398250e-01
3.656287961915734575e-01
3.602381568620503516e-01
3.372124601312301295e-01
3.578808097972256963e-01
3.472449631745943011e-01
3.362672834895843454e-01
3.216564934797837005e-01
2.751178036913897729e-01
3.675376901162537013e-01
3.537302793140503776e-01
3.216564934797837005e-01
4.369453011575769041e-01
3.924419412013300801e-01
3.094198795520136658e-01
3.562733808585710205e-01
3.612515856863804942e-01
3.188479744913791936e-01
3.137779565129497628e-01
3.031096973995445754e-01
2.910675040733830543e-01
7.099068370469751033e-01
2.905984129576186237e-01
4.036042213200481399e-01
3.890482098572440317e-01
3.373145525178366522e-01
4.499668827806891924e-01
3.481946753123540961e-01
3.073642376723597636e-01
4.251265400219135793e-01
2.952436707470475485e-01
5.247404916837060673e-01
3.327072334057118996e-01
3.276840370697192695e-01
3.610631306626636006e-01
7.711287735489760209e-01
3.382292579944374267e-01
3.433526674380292798e-01
4.003864023150643381e-01
3.537704269081213826e-01
3.458004119512612107e-01
3.495991801742558414e-01
3.750578752037026509e-01
3.357958489061076968e-01
3.958720015996692321e-01
3.357958489061076968e-01
3.513531233334603598e-01
4.727830906478639461e-01
4.127068262749477023e-01
3.216564934797837005e-01
4.097425393556942685e-01
3.952151509993800382e-01
3.759079823352022287e-01
3.193863273275497905e-01
3.593212289504502110e-01
2.941848065905249832e-01
2.494281328731872693e-01
2.922495201488414240e-01
3.279439375657641764e-01
2.529804495255443819e-01
5.076321614065056886e-01
3.295265631754628055e-01
3.770304088238862761e-01
2.473109559898365450e-01
3.510421330547174867e-01
3.490541101233271548e-01
4.389482160503580532e-01
2.623301967811437208e-01
3.901056572720117410e-01
4.118679434513421445e-01
2.620157344437742397e-01
5.477342143606720448e-01
3.890667087172414162e-01
3.436096600197541817e-01
5.714650646838390635e-01
2.494281328731872693e-01
5.714650646838390635e-01
3.862419884166442552e-01
7.402281278048307156e-01
5.553907577845602628e-01
3.824099790018135603e-01
3.937811352225045192e-01
7.014854349786937560e-01
6.447349759479098497e-01
7.014854349786937560e-01
3.784697839935121100e-01
4.365847476445106623e-01
4.228927129275688590e-01
4.598428582515909357e-01
3.298584291674683255e-01
3.939387490448179596e-01
4.398140272644966986e-01
5.318163989639554945e-01
3.211541174885211847e-01
2.473109559898365450e-01
2.933283637948547740e-01
2.999251047624940658e-01
3.834777726319466562e-01
2.619573257096134977e-01
2.501314883384231358e-01
3.564786639752173247e-01
3.416456054633569828e-01
2.618321406365366477e-01
3.889627033139874679e-01
2.618644564768291549e-01
4.319314141512406446e-01
4.434599627069069627e-01
3.651912757483706806e-01
4.234491680022649529e-01
4.412644629479656744e-01
3.688214906139746785e-01
3.303856359368542717e-01
2.722651370318976416e-01
7.030437910990536832e-01
2.622188271486163846e-01
4.617525237907114111e-01
3.505483752937498809e-01
3.128706992539038168e-01
2.732195054951645496e-01
3.980759949892949123e-01
4.636012311899876948e-01
3.907012043231228859e-01
3.622642506566458587e-01
3.528086230975535087e-01
3.443973359937566592e-01
2.970193644544401046e-01
6.821201125294005241e-01
4.299546117031313730e-01
4.588083320230590956e-01
4.622895742083098503e-01
3.098281625275365880e-01
3.032763633411204585e-01
6.116167877688588606e-01
2.712227510271086883e-01
3.177783421789806551e-01
2.723245109124315944e-01
3.217983433732619081e-01
4.355102587075098675e-01
3.742178388111163656e-01
3.015786357792863970e-01
3.515155548021725584e-01
2.914842714195108875e-01
3.348169465669760259e-01
3.555426328787451573e-01
2.781195793134268457e-01
6.821201125294005241e-01
3.598614575921851300e-01
2.742332139606044050e-01
3.033471107367841091e-01
3.033471107367841091e-01
3.033471107367841091e-01
3.747906471435347719e-01
3.278181080407732706e-01
3.034002689586922097e-01
3.098281625275365880e-01
2.684450015466641748e-01
3.033351790882167776e-01
4.373836767278825866e-01
3.964369996488144032e-01
3.033222132540980831e-01
3.032679709940757640e-01
3.443124875103065197e-01
3.443973359937566592e-01
2.984293524669958675e-01
4.804724002073052502e-01
4.749541437595517501e-01
3.486869220688471049e-01
3.147582421371550865e-01
3.348384694395107886e-01
3.323180401596078082e-01
3.347516515806722159e-01
5.804499064419116339e-01
3.089233490057248788e-01
3.157277586101263633e-01
5.563696498023618098e-01
3.398281508137963591e-01
3.033116712677341176e-01
2.690809581994576538e-01
3.684127260074687160e-01
4.042868155101814187e-01
5.306499845667365101e-01
6.588117759439046095e-01
3.032763633411204585e-01
4.347305287125365902e-01
3.443124875103065197e-01
3.033116712677341176e-01
3.296148377651877404e-01
4.681423359396042483e-01
4.080027920310417278e-01
3.496807806107253835e-01
4.085711274097663659e-01
6.051585309847953287e-01
4.909606714298276331e-01
3.023936778320704399e-01
5.088841064438135442e-01
3.387941765101329383e-01
3.021317201011663456e-01
5.268327125244878228e-01
3.924898715129803706e-01
2.631425202901332416e-01
3.352601754236765319e-01
4.632980041596160836e-01
4.245192528458164305e-01
5.791770107805582768e-01
3.544454239952757324e-01
2.631425202901332416e-01
4.632980041596160836e-01
3.782751745528626364e-01
4.382957033189170959e-01
4.221453227298930244e-01
2.902259581331287364e-01
3.355635292151051274e-01
4.858107600635160894e-01
2.336448252339412279e-01
2.824065002585979811e-01
2.631633858269370463e-01
3.809027368418674842e-01
4.681423359396042483e-01
3.772919915863446327e-01
4.695499448795583675e-01
3.819956566900071793e-01
2.629857202303869101e-01
4.678585027218529202e-01
3.747874320604218101e-01
2.973396519452360942e-01
3.122169490104229617e-01
2.748574162013115996e-01
3.365793062796387236e-01
5.764598917525929345e-01
2.619603035192381579e-01
2.973396519452360942e-01
2.306502254535293672e-01
3.981590508716797427e-01
5.191735321666504088e-01
2.630700320306324502e-01
4.681423359396042483e-01
2.631425202901332416e-01
4.129210624987623146e-01
3.314549620193952828e-01
4.447971584601819739e-01
3.568406914251243123e-01
3.452275920341495441e-01
3.292838972345912829e-01
4.680953179941153564e-01
3.754979655051918219e-01
4.681423359396042483e-01
3.988691872721993881e-01
2.631102043681438629e-01
2.630639058097269389e-01
3.350599696403425698e-01
3.287582458968602017e-01
4.598287783076688839e-01
2.524712110328071746e-01
2.863605885187221478e-01
4.244347002025442017e-01
3.764607126850167962e-01
2.967885499012850592e-01
3.179749763681012364e-01
3.861792881936646493e-01
2.960536884555813875e-01
3.541976915789007974e-01
2.962316462883045620e-01
3.339929020776395974e-01
4.258439832139350179e-01
3.187674552912001524e-01
3.606389090715363954e-01
3.232013697043137346e-01
4.908969387613977275e-01
3.054223007941926915e-01
4.078214419430741255e-01
2.962316462883045620e-01
4.239158800559427176e-01
3.836823507468238303e-01
2.914835487539322312e-01
3.974047094274897329e-01
3.477968159527899950e-01
2.837091040355349536e-01
2.969885530848598854e-01
3.801790262062889059e-01
4.515379917369646834e-01
3.946926261166164296e-01
3.026086920274802528e-01
2.751002570488263466e-01
3.419994177011776437e-01
3.463612030717068135e-01
3.329575018998897629e-01
3.435053102717310347e-01
3.462514987391455135e-01
2.863605885187221478e-01
3.358681994630304257e-01
2.966588907813940135e-01
2.966588907813940135e-01
2.963361176838232303e-01
3.514684208357821138e-01
2.964898070182650502e-01
3.335997056404891858e-01
3.905271220239895924e-01
5.319404961991998082e-01
2.992905405341462211e-01
2.991332774712909259e-01
3.145247392755399218e-01
3.281616345605480878e-01
3.539371894605684576e-01
3.090122372130338357e-01
3.181128783847578800e-01
2.965023495123026986e-01
3.912021810986305859e-01
3.610761389758682105e-01
2.863605885187221478e-01
2.967313932923633657e-01
3.967455886027932976e-01
3.591886036984758279e-01
2.783161434871806450e-01
3.428329925883372153e-01
4.644476163977160899e-01
4.198220436081597229e-01
4.287799680348802212e-01
2.852638069690451306e-01
3.991164198071388558e-01
3.861458222703755827e-01
4.646313684638003760e-01
3.330046967562705351e-01
3.698145806883180176e-01
2.175126952199631647e-01
2.725700495987346539e-01
3.698905778564050562e-01
3.753380102053950895e-01
5.858174702949433543e-01
2.599671803524647440e-01
4.011900366588324052e-01
3.052513088546075504e-01
3.392948076639207833e-01
4.475088626601165798e-01
2.773481708260924217e-01
3.210260295805233977e-01
2.686650895728980859e-01
2.686650895728980859e-01
2.508153955987640904e-01
4.376441349225311805e-01
2.421985142530547752e-01
2.630763576077047583e-01
2.572846464863188243e-01
2.880664370595776291e-01
2.557095928379216621e-01
2.635912025176945783e-01
2.995411702123396136e-01
3.098730439628478162e-01
5.000000000000000000e-01
3.988456101458635605e-01
5.931085055764213632e-01
3.902427951671649797e-01
2.654588190524438396e-01
5.550100501689306798e-01
3.874735815261076133e-01
4.185584609426681868e-01
2.601647674404992117e-01
2.950406823118921773e-01
3.783871958182788986e-01
3.016820473549516324e-01
4.035104724968399115e-01
2.665380677018331923e-01
3.983734051737700121e-01
4.404223054932269177e-01
2.685537313625018796e-01
3.594535537671091907e-01
3.289888299574975083e-01
8.315277935580174251e-01
3.141371179003338843e-01
2.949587901659430633e-01
4.038388792917693704e-01
2.483505419049111262e-01
5.442175277508710662e-01
2.641734083324530635e-01
4.441641171783550779e-01
2.773481708260924217e-01
2.860534311436673249e-01
2.790732577401405790e-01
3.299192788686697297e-01
2.641734083324530635e-01
3.627687851950772702e-01
2.656865499740440617e-01
2.867801696861864702e-01
2.863029441585356327e-01
4.205521752905259647e-01
4.360506352737466007e-01
3.737326416407027452e-01
3.761467557769360703e-01
5.153272614405652874e-01
2.686561648607637687e-01
3.573240350092482531e-01
4.165324544832509912e-01
2.686045688662869746e-01
2.686461159105331120e-01
3.572717183809401842e-01
2.686518984138682731e-01
3.554288202061422486e-01
3.084836616659445974e-01
3.128082640570436501e-01
2.686306106158279916e-01
2.362700638445636436e-01
2.686221784963512271e-01
5.416826747370560025e-01
2.685959894142422311e-01
5.416106068256835160e-01
3.647002921674786236e-01
5.416106068256835160e-01
2.541048702498257539e-01
2.685830745926063301e-01
2.756355748670555328e-01
3.495869072836054192e-01
3.417839125591431992e-01
3.924440066414848216e-01
2.629539504520762572e-01
2.686057524889494674e-01
3.222127012941231605e-01
3.659133474898058069e-01
2.979782899784938488e-01
5.416106068256835160e-01
2.545834317603422603e-01
2.686410499298989563e-01
4.100860372262507547e-01
4.871158242344052480e-01
2.867236157834352483e-01
5.416106068256835160e-01
5.416454043415314112e-01
5.415972910338240354e-01
2.499927026642233541e-01
5.415700711339537232e-01
3.837480446848340332e-01
4.302276812103635883e-01
2.686551052174263599e-01
5.416106068256835160e-01
2.814340256283394681e-01
2.941139336965180595e-01
2.686159116759084253e-01
2.983376690920669372e-01
2.200712254528727763e-01
4.008991571309779567e-01
3.925026605905531096e-01
3.561435683050540035e-01
2.686226387680938910e-01
4.091147802975634296e-01
2.450596266987808969e-01
2.686344039230996739e-01
3.575412917304254257e-01
3.810913468515516045e-01
3.792673614392097492e-01
3.972819595590568742e-01
3.744532852653255639e-01
3.201307359619892101e-01
5.415786180570614228e-01
