7.297017053838575906e-01
6.784049367636180161e-01
6.836511595827299281e-01
8.734992516842101651e-01
7.203455344366854751e-01
8.166285336296094099e-01
5.437474224230376407e-01
5.772005405971429859e-01
7.105730859123143839e-01
6.843274664853441491e-01
6.254138325159324108e-01
3.832890252873324410e-01
7.779338639279156364e-01
3.832819228552712953e-01
8.235901419835137682e-01
6.345232897160479890e-01
3.335065124633971867e-01
8.424467611178939608e-01
4.411783926022955216e-01
6.702334918656238649e-01
5.051107554223721596e-01
5.858412805415005309e-01
5.534136622027882035e-01
5.764106445683927493e-01
6.553893603440476001e-01
6.557826738978825842e-01
6.629116112647679415e-01
6.222250249648824116e-01
6.482778522006473754e-01
6.275782803970098023e-01
6.568247913784566183e-01
5.956870836092668098e-01
5.250091094797220137e-01
5.762444818746115249e-01
7.004275512597462061e-01
7.021958516395109262e-01
6.284481566770121486e-01
7.079909619776733054e-01
6.344720213224074312e-01
6.766493559629360721e-01
6.859076855229768732e-01
4.901322881028047918e-01
5.717059346255178864e-01
6.034642188834486998e-01
5.728912359684824596e-01
5.825036339115410300e-01
6.074576452132435245e-01
5.000000000000000000e-01
6.731933668030956053e-01
6.796775132218931814e-01
6.095001932453288918e-01
6.283732059899753697e-01
7.701325429960073077e-01
5.749991980039667050e-01
6.384210899425381003e-01
6.439079980354128763e-01
7.855247060860670594e-01
6.982422708133800837e-01
6.315332405948090866e-01
6.933412186592430304e-01
5.665126577884703751e-01
6.571043584160949358e-01
7.606443628320531669e-01
6.241004263507170524e-01
3.202501550910545891e-01
6.697637886867044976e-01
6.622567854530436726e-01
5.637926196833494830e-01
7.597964744393328473e-01
3.158073874194561870e-01
6.824310237912779575e-01
8.807258190871422032e-01
6.683453804835871592e-01
6.529804003569216198e-01
5.100014529699203880e-01
5.882598843745823203e-01
4.373737257889280805e-01
6.612696420175120382e-01
6.526630662032211205e-01
6.529231341176783276e-01
6.531007737466031360e-01
6.711115293217599920e-01
6.527778670132832195e-01
4.755650427581950002e-01
7.991595456289576349e-01
5.753911650482527174e-01
6.836094343492399306e-01
6.527789252047621060e-01
7.826969512568900944e-01
6.527724072487205431e-01
6.841608338860346583e-01
6.643738102278469171e-01
6.527778611262283759e-01
5.616176984877593314e-01
6.575151566114254553e-01
6.482421314404093193e-01
6.710823425549337085e-01
6.712355778937557638e-01
6.746279896342081139e-01
6.842491610209644470e-01
6.743544189137149480e-01
7.102848088138865590e-01
6.477779699355905585e-01
9.804747139626183161e-01
6.665175798771478810e-01
6.720941703428575664e-01
9.069200998043618345e-01
6.617144278728372964e-01
7.877939568652196911e-01
6.365175101408476754e-01
6.286049032619158705e-01
6.715182873181828604e-01
7.373973707165029090e-01
6.696535018534566230e-01
6.128822036293058995e-01
6.101152960184964558e-01
6.387039243065363303e-01
4.756293864022147488e-01
5.070148972103717400e-01
6.257442421001195854e-01
6.830793833379714686e-01
6.551805967530327512e-01
6.808128585900640184e-01
6.342428357316369780e-01
6.179674971938440287e-01
6.110034416653979950e-01
6.902611214757435887e-01
6.600546364212630523e-01
6.559262015562217218e-01
6.804391951355803769e-01
6.694590301614027350e-01
6.891260603637922033e-01
6.392939068120414570e-01
6.287058909227296599e-01
6.307994224155170082e-01
6.297167715120702836e-01
6.297132135456412483e-01
6.512578541576470315e-01
6.297167715120702836e-01
6.297167714485817358e-01
6.297167715687849165e-01
6.297167628408640860e-01
6.297167715120702836e-01
6.297167765625090174e-01
6.301836358152298478e-01
6.297167715062743643e-01
6.295653126436074887e-01
6.296760611295609822e-01
6.297167135250274494e-01
6.297167715120702836e-01
6.164201751735604029e-01
6.297157859317549233e-01
6.292544446801600078e-01
6.289255254214256574e-01
6.170210214350193567e-01
5.945852458156917208e-01
6.308067544036586316e-01
6.294291839254237964e-01
6.176694193986779213e-01
7.101764806908850147e-01
6.714590772186771472e-01
5.885506150027178807e-01
6.059796550882975419e-01
6.298928521320802387e-01
5.821667250870499188e-01
6.480338379415776506e-01
6.836658773909582987e-01
6.473870991860525281e-01
6.298309198656286689e-01
6.308467146453532459e-01
8.037691016120197540e-01
7.730184947945827334e-01
5.414997177958480457e-01
3.722611170506058831e-01
6.569647355411366574e-01
5.259881770094010367e-01
4.626728540064420359e-01
7.317011127252621705e-01
4.092868681165752198e-01
6.942517863415713641e-01
6.469714063703523310e-01
5.394938485595518474e-01
3.748165428252137055e-01
6.626337580548126160e-01
5.480333240867731881e-01
6.587100611047298493e-01
6.069999779834794884e-01
6.823779906268607753e-01
6.855452992627204534e-01
8.303664903385588048e-01
