6.831027669552318660e-01
5.000000000000000000e-01
6.383399599100014754e-01
7.091537421630049742e-01
6.819723903863487147e-01
8.614123579843940837e-01
7.312069884729821556e-01
6.013165198953169810e-01
3.093921642546926254e-01
6.838076309132085084e-01
6.646214234157455936e-01
5.244387087941503323e-01
6.921318205814207536e-01
6.132134203788462967e-01
9.436342496562737381e-01
6.582952350080929493e-01
5.000000000000000000e-01
6.669030511707744191e-01
6.448194709648774614e-01
5.687368742129826904e-01
6.260372632153174965e-01
3.360256090610078128e-01
5.379050519743385772e-01
6.282941375792897576e-01
6.776101729274963681e-01
6.782315690639714179e-01
7.136718666535387667e-01
4.588737829943035362e-01
5.000000000000000000e-01
4.221174217350242008e-01
6.720524973177144368e-01
7.055483555984721766e-01
6.972854531431437186e-01
6.942706065033176221e-01
5.711974425911606756e-01
8.228563862591191658e-01
6.067940035930432519e-01
8.915885335293410874e-01
4.425873206681297245e-01
2.215906110722114797e-01
6.757822469568045554e-01
3.219790642853954110e-01
6.467474027623736355e-01
6.552133614017394692e-01
3.073525901639882485e-01
7.107446142155515734e-01
4.751624061523344045e-01
3.348032852297375128e-01
2.534001266265641927e-01
7.585335155334013146e-01
5.269687605534315589e-01
6.982503930347754295e-01
8.267876786997401251e-01
1.043105160856357544e-01
3.888317856596809619e-01
7.349187124724979592e-01
8.564012934483610229e-01
4.563107024451263927e-01
4.146790339319381125e-01
4.787451236962048107e-01
6.217067159498148587e-01
7.002978567149410472e-01
8.191585338593079246e-01
5.702216673453815998e-01
6.062276247680127295e-01
6.701204747100250048e-01
6.686920305386158114e-01
5.429245902283014180e-01
7.592098847019536079e-01
5.457534018421016375e-01
5.071812374888713393e-01
7.030989750905967117e-01
6.962389185824197080e-01
7.812014003436424936e-01
5.000000000000000000e-01
6.468829242871988461e-01
5.419145673609347957e-01
6.324483886592237036e-01
5.797079515246231773e-01
7.252480866163628637e-01
7.769884530196101702e-01
8.702732583756126461e-01
6.175971662512241833e-01
3.068938617469108565e-01
6.447567213196507829e-01
6.029975139010261831e-01
6.682504876610062539e-01
5.991578449866662437e-01
8.866259791503593446e-01
5.621163866385135988e-01
6.450101800708565314e-01
8.588625964895554299e-01
5.962349547153409368e-01
4.316114432087500008e-01
3.224270711924605015e-01
6.822822996636082049e-01
6.679303904973922235e-01
6.680956854067566786e-01
6.705320117194099039e-01
6.679948287243606675e-01
6.704265069147592460e-01
4.313587123063483686e-01
7.302306581778635897e-01
8.264087318194998089e-01
6.809625229006386338e-01
6.706587300586488443e-01
8.741179982522455649e-01
6.461391221435990317e-01
8.024171924665238764e-01
6.500804345386093086e-01
7.822905088015916775e-01
6.683699655137377293e-01
8.032360254737531680e-01
6.679121506405268915e-01
4.332874962698267107e-01
9.271968025369435873e-01
5.988539976771921625e-01
5.470701787984104669e-01
5.809431133975083705e-01
6.142214194062000088e-01
5.955800088949725346e-01
5.338401285779938998e-01
7.126610919253704157e-01
6.087829203709326231e-01
6.462441045688447350e-01
6.969019534712432851e-01
8.260766255086464671e-01
6.454851777264377644e-01
6.482747967122550747e-01
7.929755077467558477e-01
6.958519533732927531e-01
6.514208715843997632e-01
8.509541256889499028e-01
5.682357622751029735e-01
5.879516020476717175e-01
6.408074088106953115e-01
5.729414994482819878e-01
5.363754159240329278e-01
6.451143665166172436e-01
6.748581720086185287e-01
6.130783800949748397e-01
7.329217528124274406e-01
6.469383544494886618e-01
6.553628110560885123e-01
7.308347603968184947e-01
6.544195814940215739e-01
5.290288493095672839e-01
6.571292305747309381e-01
6.620863089305631943e-01
6.427842616789296581e-01
7.579461914161652603e-01
7.268072352058184693e-01
6.462400792046534281e-01
7.350096171979018100e-01
7.003156182892902315e-01
5.209146358425403855e-01
6.306325226218968405e-01
6.445266333709640527e-01
8.984559399549281178e-01
3.059732499752571000e-01
2.075167909856800164e-01
8.485102074348755963e-01
2.401444982528136152e-01
4.312478469612180954e-01
7.985600592679904519e-01
5.161668548028707226e-01
3.290002069443718202e-01
3.481285048799872550e-01
6.355992009648543384e-01
4.404757174589704061e-01
2.391672977156486524e-01
7.138749125611146829e-01
2.293314418519298015e-01
6.165315322286267774e-01
2.775956857016237955e-01
2.712790601278196045e-01
6.194814647138043862e-01
2.629437681794535853e-01
5.596642194654408153e-02
6.659188108550393448e-01
5.071151782492304694e-01
5.907891575972805676e-01
1.132997952159056076e-01
8.198457554356981536e-01
6.163881902780480315e-01
8.041110837137664946e-01
7.835331275250859706e-01
6.842194834401139625e-01
6.840063297654782604e-01
6.246057197785606085e-01
