7.760250172102860500e-01
5.400818152670902039e-01
5.000000000000000000e-01
8.041086716391460110e-01
8.120818040854027586e-01
8.603103624507998370e-01
6.078558196490476684e-01
5.535231834414311436e-01
6.196599154278561450e-01
6.237591480308830594e-01
6.361251847451242503e-01
2.223846618361249028e-01
7.282693076731755477e-01
3.962560475027842033e-01
9.456273696749067925e-01
6.301055757568911897e-01
4.173857447088033523e-01
7.814230995559602322e-01
5.516695904559544283e-01
7.177175843681496969e-01
5.165758284006345402e-01
4.151791746547571771e-01
6.650573070750082083e-01
5.806531646326100748e-01
6.075218100579974356e-01
6.157224621598850200e-01
7.199017447769286981e-01
7.899081972812174168e-01
7.144206576213818494e-01
3.024445802808560235e-01
7.990331352140184196e-01
6.158269955617700075e-01
6.402943409696972843e-01
5.185833395499761522e-01
6.469805930941379124e-01
8.431472204764446365e-01
7.384980775223057847e-01
7.769798978652062704e-01
6.022789543081399355e-01
6.620823379597619018e-01
5.966979631962022745e-01
4.348451562835686235e-01
5.000000000000000000e-01
6.354111765205404661e-01
5.302882674646409722e-01
6.366801719186911956e-01
5.201168583421891256e-01
4.386559328830903493e-01
7.106572574789131735e-01
6.848107050267798757e-01
5.856268777368079936e-01
6.352155264821259806e-01
8.169037282580362547e-01
5.631183414287910249e-01
6.199910302084294944e-01
6.209131232602945749e-01
7.935514566249159962e-01
6.881844446173656094e-01
6.355679664452613675e-01
6.219842404017564830e-01
6.372907042948041667e-01
6.373124388390994932e-01
7.680783576925146461e-01
5.394185552297755537e-01
4.519772822715126259e-01
6.656219262604710085e-01
8.240972302836399033e-01
4.552797595708195089e-01
7.711282330208206748e-01
5.458607253509973889e-01
6.628674636739138037e-01
7.434062333496398445e-01
6.409796650935393192e-01
7.751828168354023552e-01
6.575527457206604698e-01
6.238511295861703942e-01
5.534537720711032449e-01
7.427393552580159319e-01
7.006974680950929235e-01
4.947585000747902195e-01
7.732018538768758997e-01
6.852313842118292753e-01
6.288842397720459942e-01
2.609531364038790713e-01
6.362976307976317969e-01
4.913867332118171394e-01
5.553699783699045378e-01
5.757229051825175636e-01
9.193461899297790119e-01
5.660240833307844666e-01
6.718498206206311441e-01
8.511953738337125763e-01
6.125426059489458286e-01
2.032106655402385609e-01
5.075585993362055071e-01
6.469563864864940061e-01
6.697786925638454791e-01
6.698113566643213446e-01
6.722496223161777973e-01
6.783439953346629414e-01
6.718140826156185907e-01
9.046797305941371992e-01
7.024938781190326331e-01
9.319074650118349679e-01
6.607894776994978070e-01
6.708357578333336013e-01
7.525520186450854743e-01
6.542018269887273085e-01
7.701819550772308620e-01
6.477217836481368174e-01
6.364999329497131875e-01
6.700823508682827168e-01
7.878019651084681163e-01
6.689404441026374215e-01
6.482124379385241220e-01
6.482123088035910419e-01
6.641295236497960497e-01
2.842448850852982711e-01
5.417612151485949878e-01
5.677073284622053961e-01
6.473059212335050550e-01
6.599894540272301935e-01
6.521061020969685096e-01
6.634281417638786538e-01
6.144194490154487598e-01
6.482123414640715842e-01
6.975095338671318812e-01
6.481813454347501446e-01
6.655402078243195518e-01
6.974135622686024050e-01
6.804404695619592491e-01
4.840254673477406011e-01
6.492700572561997951e-01
6.407081564290965092e-01
5.693210574403988478e-01
6.455891572291102554e-01
6.316947021231691384e-01
5.000000000000000000e-01
6.455879419319136003e-01
6.457291730467239477e-01
6.455878766091537324e-01
6.453944481716945569e-01
6.455893011952977822e-01
6.450103081449001241e-01
6.207319474863121078e-01
6.459675672848436134e-01
6.175711747385833617e-01
6.476327900126972459e-01
6.466790801331292471e-01
6.455892088140012808e-01
6.479439155265167560e-01
6.547475726782895356e-01
8.174965924804431516e-01
6.099224523752986293e-01
6.826152172501760429e-01
4.393433534889351066e-01
5.297687296036266424e-01
7.349968267309713310e-01
7.379887067312833615e-01
5.687682354522485273e-01
5.928739143254868615e-01
5.951730920746653997e-01
7.165633019675763382e-01
5.876610115151175151e-01
6.901413858717145855e-01
6.654069454943691841e-01
7.213190111918025282e-01
6.361332399586286934e-01
3.566590227629217735e-01
4.882074785808918627e-01
5.684500785291964897e-01
7.088625737410464422e-01
7.849557927807678803e-01
5.848676403485784103e-01
7.429493694968529738e-01
5.240346289666436563e-01
5.984261073239220963e-01
6.511522032920769032e-01
3.043893897564279305e-01
6.299967371376203884e-01
6.373562905103302700e-01
5.624852602111987121e-01
3.810228971065097725e-01
5.627330300590350776e-01
5.856330452285786192e-01
6.955375249384256886e-01
6.820899557032770177e-01
6.391398433130536239e-01
7.528867374937548984e-01
6.222751863650702875e-01
