5.706071503493803654e-01
5.138399218745038910e-01
6.694388214290319938e-01
7.365599243689595621e-01
5.067734413205238209e-01
8.462607307133008794e-01
7.372562942052892643e-01
5.985688160639929256e-01
3.858904504219266007e-01
7.005244256930843738e-01
6.602949003299314334e-01
3.743664844138634429e-01
6.121726171021637519e-01
5.518465651632591396e-01
8.660603096648349375e-01
6.510490705703168013e-01
4.432300139665457661e-01
8.472602686877881428e-01
5.168871402862362796e-01
6.292306201351313133e-01
5.917126889367386733e-01
5.419128885535299256e-01
4.656091869294019525e-01
6.636690626186819708e-01
6.112038513792356076e-01
6.256503514929393495e-01
6.870578562648077536e-01
4.497282768827773336e-01
6.115220098454928754e-01
5.442419019362834121e-01
6.561202291598783320e-01
7.211506238412528358e-01
6.726765766069751074e-01
5.601132533646107081e-01
7.919297740333355318e-01
7.721506581353079213e-01
6.446676975682099631e-01
7.838045170343396206e-01
6.032051351825911123e-01
5.803271980940000185e-01
7.356462238573421297e-01
4.351668792861496660e-01
6.302585701442745547e-01
5.138717311337922533e-01
3.864775609515178068e-01
7.180744970170032104e-01
6.661039293097266167e-01
4.757353462684864587e-01
5.680688645714538909e-01
6.458016336365931531e-01
7.420713975941013452e-01
5.501902599527130899e-01
7.264576659116444013e-01
4.942122177163610908e-01
6.118848755288244234e-01
6.856534184013067801e-01
8.638180970976940820e-01
5.694551654421255993e-01
3.906163706060074570e-01
3.529346780942933526e-01
6.892317010031241420e-01
5.904191816189303665e-01
9.352199278136934524e-01
5.000000000000000000e-01
5.122182979090982302e-01
6.931894654548798052e-01
8.477178144246986236e-01
4.308794716551564430e-01
8.665394976078827360e-01
2.518909415104504945e-01
6.417312808166092397e-01
8.512346844186865491e-01
7.795681982664837140e-01
6.290495472913235631e-01
3.426500435936433719e-01
5.965949778498870204e-01
6.080369875325122297e-01
5.948533435530839464e-01
5.547586171141493105e-01
4.333016771510193044e-01
7.484251440195782701e-01
6.566998651829085709e-01
5.800569469694447644e-01
4.409023343569150599e-01
6.050285103118262509e-01
7.238046138279204955e-01
5.501786009047541226e-01
5.605838121465541724e-01
8.109937978158487937e-01
5.145830407069355017e-01
6.428157555810635193e-01
7.966866731723967199e-01
5.672532967824706063e-01
6.950944465899315805e-01
5.000000000000000000e-01
5.383706873284987982e-01
6.270443785662458414e-01
7.037010311009541663e-01
7.335055290518219806e-01
6.897145830645162734e-01
7.988950905452466555e-01
7.946482091097093470e-01
7.752835772723927210e-01
7.802374046785768291e-01
7.132268780517608819e-01
7.450355701550566145e-01
8.534572490293425018e-01
4.894922706325580131e-01
8.032800986236269258e-01
6.305884210739396423e-01
8.414862389572149715e-01
7.217967566247714961e-01
8.298925681335711513e-01
6.531529660984600749e-01
6.271774278170177963e-01
6.206813021948186515e-01
5.558878315654716129e-01
3.449642466035671151e-01
4.037827444228403451e-01
4.684430549426962798e-01
7.050094942776597984e-01
6.353237472719226453e-01
7.637281810952524230e-01
5.000000000000000000e-01
6.462252110792302551e-01
6.226317246736292610e-01
8.505914831844970658e-01
6.542774976133665099e-01
7.656764359271215348e-01
7.219842921267322078e-01
6.539344632711193706e-01
7.742463924165050582e-01
6.347234990219785544e-01
5.000000000000000000e-01
4.227016696239546123e-01
5.812939831224250842e-01
5.834745354392035788e-01
5.066381212452745197e-01
5.844773849805411370e-01
6.740994493382090891e-01
5.656535710212942103e-01
6.820822451778610906e-01
5.940892807038858914e-01
5.287335633882680463e-01
6.267780828851100550e-01
6.091452571947945094e-01
7.028750659520396349e-01
6.017530562931860949e-01
5.921356634905845517e-01
5.832116295064045941e-01
8.198201398405580154e-01
7.549812273395722917e-01
4.730089346856774513e-01
7.484558539611746442e-01
7.547815836940068301e-01
3.838608029357848950e-01
5.651829614554101378e-01
8.098694912490080888e-01
7.248363527047748667e-01
3.140884726428058160e-01
3.675423343903526652e-01
7.725796042974121258e-01
5.889212440670337223e-01
5.315550774886963481e-01
8.048990647588654124e-01
7.299614011851501827e-01
4.460393348948997749e-01
2.465831340486283330e-01
6.239098025540582571e-01
4.243693200313474190e-01
7.127486821577030396e-01
7.482735826493538411e-01
2.384568852968823316e-01
2.535693195562369606e-01
5.912767830272220859e-01
4.774117629246970584e-01
3.836720994545896324e-01
6.345670091725719164e-01
1.893447733629800567e-01
7.767742139152953307e-01
5.740939409118805958e-01
4.293250112397717921e-01
2.456480159596001189e-01
8.391582095035081679e-01
4.595590392988784800e-01
6.174124857109941633e-01
5.000000000000000000e-01
7.569107925038274232e-01
8.158748835537066313e-01
8.518650899570231472e-01
