6.170584345996402709e-01
5.999193611298409001e-01
6.298198732759469065e-01
8.409193661036516998e-01
5.392417729218773603e-01
6.748632810280289496e-01
7.579995957431938658e-01
6.393544655065998006e-01
5.729556708559747635e-01
7.510677363550875008e-01
7.543704330037225292e-01
7.846439265108872130e-01
4.556553582130476454e-01
7.309651306271659488e-01
8.145028177261733893e-01
4.918018983788475240e-01
5.318937796490108560e-01
7.080631188962076550e-01
5.180512549886613360e-01
6.572905584524176836e-01
1.468242746221760375e-01
5.659056705316375391e-01
3.496617270431538471e-01
3.991547836940671501e-01
7.908266412088612585e-01
8.538915944506121347e-01
5.922899778029675488e-01
2.447445027822809926e-01
6.146011681785154002e-01
7.608114500358402754e-01
6.509586198482042452e-01
8.125269668387703481e-01
3.315223521421400976e-01
6.427958540317567637e-01
7.470833801135728924e-01
7.380214024582596455e-01
4.805106507956851680e-01
7.788143123185846672e-01
5.975190468939474142e-01
5.495947977680007979e-01
6.984533184085172097e-01
4.119947240030756297e-01
7.792540799877368807e-01
6.863442534067361045e-01
3.842292373899542923e-01
6.734810295976114691e-01
7.100014742889654284e-01
6.764326559384165050e-01
7.095880475221664208e-01
8.187971883490390290e-01
5.500092725615951528e-01
6.318326840974154424e-01
6.154335510538686549e-01
5.569933118114201998e-01
3.187976388109403647e-01
6.666920447445420228e-01
7.691170822818008679e-01
7.481302265789862016e-01
6.783354604052402870e-01
7.958610067311273628e-01
7.730396368992323852e-01
5.410122485074280174e-01
8.461294353664985390e-01
7.577344802097392140e-01
7.985992460604095511e-01
7.205586887403040430e-01
6.762939513143539916e-01
8.028220852961749365e-01
3.458258346048738718e-01
6.012348138912055884e-01
7.259308864910721804e-01
7.530651219527380036e-01
5.855496406924048935e-01
4.560693215357244368e-01
5.352157769159598955e-01
6.688514931211606562e-01
3.972660597768105650e-01
6.404780903697321337e-01
3.427374342701147714e-01
5.718281318960461990e-01
6.462155659547915709e-01
6.181525661531320770e-01
4.529204523776063085e-01
6.403576303087585853e-01
3.088108019447635688e-01
7.766338421550167403e-01
7.650046747292148508e-01
6.524724935666915693e-01
6.259902777320004441e-01
7.976554093746118790e-01
6.644954610111404314e-01
5.907184053691620917e-01
7.125771093797980127e-01
5.933072053272523405e-01
7.889764476479452782e-01
6.325794467799153997e-01
6.927340391270133679e-01
8.327628225980385768e-01
6.189104138413855649e-01
8.560188582876900876e-01
6.831290277743786721e-01
7.621259510694913253e-01
2.805273839407923520e-01
7.028211724788092640e-01
7.274408213704662840e-01
5.965266894141453280e-01
6.040061811572704498e-01
5.538633293542672975e-01
3.957782109888601796e-01
8.474581803635568011e-01
7.437952796652539389e-01
4.158671364469860299e-01
6.161163085710638088e-01
6.388401203911499016e-01
6.559579460773662385e-01
6.347062440292030594e-01
6.744812795785120052e-01
2.931659170350582877e-01
4.170426385788196244e-01
5.000000000000000000e-01
6.903629046564164762e-01
4.671872811331992392e-01
7.273604988824299289e-01
6.653290642324385384e-01
6.997342581897445513e-01
7.643566837109527778e-01
6.389676440025624515e-01
6.820957935316500631e-01
6.456217796794322394e-01
5.686961938821722962e-01
7.450823301485239858e-01
8.162697359248657358e-01
8.192789383542053994e-01
4.255496189146363850e-01
5.512570270321459631e-01
6.197732132749814715e-01
7.607525928253419112e-01
4.125982153150758447e-01
6.841280296192771004e-01
5.112202017172692292e-01
9.129460354949170409e-01
7.018886327408062620e-01
4.795608523541236012e-01
6.658750819407645016e-01
7.031490469706681568e-01
7.024756488488457240e-01
6.201745927149824311e-01
6.388702923505202858e-01
6.510371770393331703e-01
8.214927919655704569e-01
7.818740350627993996e-01
6.441086605223237394e-01
6.350313216845302478e-01
5.000000000000000000e-01
6.854806004057901747e-01
6.255213989594264890e-01
6.346551728319298480e-01
8.006055462277926749e-01
1.369268771999277434e-01
6.710668663390737532e-01
7.693488275804786225e-01
6.381149967602205431e-01
5.687571247496312488e-01
8.372824801167959574e-01
5.143607185944596427e-01
3.294061790468000850e-01
6.927565326100365573e-01
6.765906243273352993e-01
7.277023645951431474e-01
1.368714218627997969e-01
6.262922204918059954e-01
4.371968287959657751e-01
5.000000000000000000e-01
7.921222726471242037e-01
4.390142495587792681e-01
6.040101822634954543e-01
7.154738940686379278e-01
3.166535895350194862e-01
8.672972112033184855e-01
3.960212348778605063e-01
5.252438627263860127e-01
3.608298776892406301e-01
8.084026356834951299e-01
5.892895451839859078e-01
8.524401421469253171e-01
5.988804875762862023e-01
8.534940661252189420e-01
8.041557309995389646e-01
6.843946494785195789e-01
