6.385107816071049491e-01
5.832582154707408595e-01
6.360787678934515244e-01
6.956249577723679911e-01
6.178513872862330114e-01
6.649708833102793148e-01
6.842433488935590891e-01
6.477849656084126995e-01
6.053354054411747009e-01
7.148002478447660346e-01
6.809012129390997758e-01
7.080048628001454070e-01
6.439819593109669116e-01
6.863865902808133912e-01
7.140814089623254146e-01
5.000000000000000000e-01
6.831378065560902435e-01
6.666420160310928544e-01
5.084893805418527757e-01
6.865447838708715889e-01
6.890567169845858153e-01
4.871839078070751561e-01
5.642134565909691091e-01
6.279162173846238870e-01
7.028296979438485304e-01
7.568641411528468366e-01
6.295416264344823043e-01
6.542084588035902426e-01
6.890567169845858153e-01
7.205436730322495320e-01
6.008449197504298622e-01
7.350257259254900921e-01
6.408481331991461305e-01
7.097283830456245779e-01
6.307565104665451283e-01
7.732115289617170761e-01
6.419734856867945760e-01
3.983589667611585616e-01
6.941594829789934362e-01
5.673708100104039032e-01
6.069283169134757072e-01
7.323630408091679200e-01
7.266282173457925264e-01
7.433187706120081284e-01
4.936661071870552253e-01
4.689287311111721146e-01
7.601257975141120227e-01
5.130226988703054936e-01
1.716325994934942978e-01
6.311881682661522053e-01
5.231957522058048315e-01
7.713142947659562543e-01
7.245134479135252326e-01
6.566450831342003358e-01
6.035679623793722692e-01
5.000000000000000000e-01
5.939968133140168804e-01
4.841300822715012830e-01
5.840685838057114720e-01
7.472382068205588590e-01
5.445189864614387032e-01
6.983589926034347029e-01
7.139203040375442511e-01
5.388166614843363789e-01
6.333459142871037395e-01
6.950397560632383120e-01
7.212305464825717882e-01
6.378301917597400950e-01
6.480635314637021027e-01
6.048082234598123330e-01
6.346837689010682571e-01
6.092249679755917802e-01
3.571868342708024446e-01
7.434824092991803024e-01
3.879006587535169803e-01
7.934708777400619750e-01
7.434824092991803024e-01
3.921272560675153063e-01
3.914168215830803321e-01
8.881115768178539094e-01
8.310191221777080139e-01
7.233079622653983964e-01
4.175898613842619622e-01
8.881115768178539094e-01
3.951337204601511610e-01
4.732926307349823447e-01
3.969646718315090195e-01
2.253897300795333625e-01
5.502561246846965348e-01
3.906938503073533742e-01
5.938402124105243152e-01
5.660772570322643027e-01
6.879354182858430367e-01
6.209113862656792104e-01
7.857055204823156780e-01
7.178593711661557242e-01
5.895108715000432209e-01
5.869651309231556091e-01
4.313542446961138865e-01
5.737086553624763940e-01
7.531956564227219042e-01
5.761170513158627715e-01
6.202262175238066888e-01
6.748576167702716733e-01
6.670809648502382672e-01
6.986170003205143253e-01
4.319951545944956672e-01
6.448210662908976376e-01
7.394741966474126516e-01
7.724069306449189432e-01
7.450692426692020476e-01
6.843710958994831950e-01
7.354213940993082899e-01
4.276579682823734019e-01
5.406388844046893238e-01
6.762597340584580730e-01
8.032847276314977192e-01
7.297524281819607328e-01
6.642120942210786305e-01
8.610627867554259129e-01
3.231754135628456259e-01
6.618998409519599724e-01
8.371359456402571730e-01
6.713797015725686546e-01
8.346556749651707907e-01
8.748979376261336594e-01
6.268976460736229717e-01
6.297089637845656451e-01
6.199815090781944926e-01
6.189540891411939860e-01
6.458065660502243510e-01
6.232976602441684388e-01
6.391793111484787016e-01
6.268043076990009732e-01
6.472955031536679060e-01
6.354679055380645369e-01
6.352300493632498934e-01
6.270936624632067469e-01
6.329145064219051653e-01
6.351455905714703531e-01
6.188395451181611939e-01
6.229333567761383694e-01
6.266739217660185490e-01
6.388671210505328935e-01
6.808847286947317112e-01
3.575760031361387981e-01
5.298433169552173583e-01
7.045629627633849257e-01
3.844781988514001658e-01
6.398920079040059106e-01
7.041033673636523105e-01
3.442524872850066808e-01
5.800062604072223627e-01
4.941279910210395476e-01
4.494451299971332636e-01
7.257863312633715536e-01
5.695275938420135686e-01
5.000000000000000000e-01
3.374731916489184247e-01
6.321542965195958708e-01
6.999424090299337653e-01
7.045629627633849257e-01
6.021281303227321580e-01
4.788391637049869698e-01
5.964160887212340834e-01
6.454907594752291589e-01
4.671860294478084041e-01
6.924736482243335489e-01
5.373037093368034922e-01
2.542916631389278703e-01
7.692977594248735507e-01
5.654598828986489023e-01
7.015076176221095583e-01
7.316875114682306336e-01
5.000000000000000000e-01
6.461458531853573328e-01
5.243347313275262822e-01
7.692977594248735507e-01
6.373993621781760543e-01
7.430702999716409796e-01
