6.992989918018958084e-01
5.950846239650380287e-01
6.332562225234149578e-01
6.679570422631088134e-01
6.034068072899160251e-01
6.660336735109336770e-01
6.887478782989562287e-01
6.835808014445244885e-01
6.767139518514179164e-01
6.044418340215755858e-01
7.003338787533605059e-01
6.103499294011328624e-01
6.313435665948574638e-01
6.660551322025033416e-01
6.982434604681185819e-01
5.968761677854248493e-01
5.253044051951677451e-01
6.454002924031241317e-01
5.894798080629005677e-01
5.729052388709187094e-01
5.000000000000000000e-01
6.942358107027694070e-01
4.915438151239381326e-01
5.000000000000000000e-01
6.401795802970746685e-01
7.031150338442672121e-01
5.758782022268938983e-01
3.383719425295543815e-01
7.967031891680192990e-01
6.875651958333172109e-01
5.504654541334258466e-01
4.802056424041539762e-01
2.949508010425134774e-01
8.481551816601002880e-01
5.257917650086810779e-01
5.845333195805832993e-01
6.966638118212179487e-01
6.468094290632755428e-01
6.205977478448349016e-01
6.968121792765621381e-01
4.755064628935294913e-01
5.889698551439719321e-01
6.921871276978328602e-01
6.371874208620829094e-01
5.902922851217520250e-01
5.717969598628784844e-01
7.194792382793130381e-01
8.206753287368584449e-01
6.735681862853439839e-01
7.344190799764253041e-01
6.682909510066462611e-01
6.735468274255650423e-01
6.257856375942815186e-01
3.218004014715017402e-01
6.735445888439902662e-01
6.826643915729641021e-01
7.489398897701541324e-01
8.095298962565180556e-01
6.045677925731320901e-01
7.203112817493736442e-01
6.695314187596755895e-01
7.619700986447710545e-01
6.866975962557398949e-01
7.627996508105376883e-01
5.513609491792722528e-01
7.678837878321063126e-01
5.605821945364829473e-01
5.693285375466311526e-01
7.619700986447710545e-01
7.619448796940697655e-01
5.979679266378749025e-01
3.645035630230225587e-01
6.122797611492458714e-01
8.126850182702411995e-01
7.266914543088998091e-01
5.884588374336876537e-01
6.451884817247732773e-01
5.404672342693853659e-01
7.552874307742285520e-01
7.231631382162740929e-01
6.889458270180472965e-01
6.335088379169295791e-01
6.901534758847273077e-01
6.241204750766579101e-01
7.248528801856786163e-01
6.197465749133077573e-01
7.082391537487380262e-01
7.066839312027544118e-01
7.045774299165553645e-01
7.363307943573096370e-01
6.254035491115447210e-01
6.782946019213174083e-01
2.749738662176386961e-01
3.142943927385860037e-01
6.310931514586777258e-01
8.072661553498364784e-01
8.143473342481050148e-01
6.697141241273263379e-01
6.459113272382249749e-01
4.320711583717600224e-01
8.143056153067427250e-01
8.143037105350309224e-01
6.602170152368247447e-01
7.947059428783099788e-01
2.561618712848836021e-01
8.262359900653607481e-01
5.298252418798037322e-01
5.695105290893289762e-01
3.358816721175783004e-01
8.159794309357923936e-01
3.368644008310142657e-01
7.053585489071553249e-01
4.654211828162634346e-01
5.732324566528987919e-01
6.826478273639121630e-01
5.102035200241588075e-01
7.918913519295343040e-01
6.626394418577594703e-01
6.781821343225004073e-01
6.841657778367163933e-01
8.491714948732133061e-01
7.520990651177968944e-01
7.193005905972371661e-01
6.045887016752921062e-01
6.666664849606673826e-01
6.983227658301043306e-01
6.124054045008515690e-01
6.333709032263653560e-01
5.852165397603090735e-01
5.073290219072656981e-01
6.785876958940135761e-01
6.509918621476342704e-01
6.505784233563692842e-01
5.055186789440256900e-01
5.271393578466043728e-01
7.352882725616386450e-01
7.275479025316673454e-01
8.216428722267523632e-01
8.153090787015855323e-01
8.071306686514472251e-01
7.110489595466259471e-01
5.585997002934426359e-01
6.901410981752806872e-01
6.785884523536236390e-01
8.048658765262345360e-01
8.192662315497640790e-01
6.205927441268802580e-01
6.951857018777626296e-01
6.151592784497904587e-01
6.634558593575982099e-01
5.258571497905288883e-01
6.560560820907677115e-01
6.634541401639119096e-01
6.101455826765364021e-01
5.781606258612974614e-01
7.194362722219399542e-01
7.156142984577293920e-01
6.787810924642270205e-01
6.768967205708096291e-01
6.594939474435679294e-01
6.101385235062483092e-01
6.519170980840084395e-01
6.220091596242834919e-01
6.710279712925271145e-01
7.486881562516795041e-01
4.095172488980607373e-01
6.463589410499019916e-01
6.779121146434069489e-01
6.176208787355607077e-01
6.627610371488991126e-01
4.095550195877336042e-01
7.602069149187044017e-01
5.936317089930412960e-01
4.095990250589359727e-01
4.095258144812108370e-01
7.602039642665585628e-01
5.532591875392187664e-01
7.581579097503875486e-01
6.596012981189930402e-01
7.974114021061955437e-01
8.650921049155118059e-01
4.873315880726877825e-01
