6.508032064104382064e-01
6.797937294035595324e-01
5.548256408546502483e-01
6.924240601907154513e-01
7.833898114797248624e-01
6.568971453864196341e-01
6.343493839827587522e-01
6.759923635063994629e-01
6.553959343339851307e-01
6.447193178946429848e-01
6.904656663828849794e-01
6.224228904774613547e-01
6.043282120993943574e-01
6.244173802767433168e-01
5.556315239942904993e-01
6.661363024075099837e-01
6.627040977893924323e-01
5.687013663582293210e-01
6.577776109400522708e-01
6.287607363227027957e-01
6.762968768619234128e-01
6.493819341303371795e-01
6.695417516110458989e-01
6.939668086567152283e-01
5.587259430758264589e-01
6.721215656562312679e-01
7.023919870981456537e-01
6.925292689664612755e-01
7.015223126811074295e-01
6.001609686119036002e-01
6.711812701088180066e-01
6.271519392144909721e-01
6.480581001720591150e-01
6.107020463375657515e-01
7.011661056251454749e-01
6.745113553218858859e-01
6.757607720710202548e-01
6.677746103737515204e-01
5.239167898704389925e-01
5.635513789313879585e-01
6.148622116821275130e-01
7.141638098329685658e-01
6.404916343039209758e-01
7.465990436902690819e-01
6.812257827068519678e-01
6.623218303814815133e-01
6.559936812439068898e-01
6.590662705652804432e-01
6.980540835144989353e-01
6.744177847767999223e-01
6.661508035083842927e-01
6.747540595783664275e-01
6.095940685838118211e-01
6.884491238489561793e-01
5.787295633888182023e-01
6.353926915066134828e-01
7.422003620301665938e-01
7.048015826467810552e-01
4.380246675335736639e-01
6.673870291087186102e-01
7.059558284947947682e-01
6.550608228570861113e-01
6.664361604872204303e-01
8.099656232982624937e-01
5.407801031041652440e-01
6.460976676443804800e-01
7.071865663529935953e-01
6.508503644088775575e-01
6.663039625010080957e-01
6.945603671478460805e-01
6.664271238960581822e-01
6.526367249027814621e-01
6.530165004031427411e-01
6.673454820902136042e-01
6.508719218091272296e-01
6.468797671017075812e-01
6.847905648620972174e-01
7.097855829018900886e-01
6.222538821235920059e-01
6.820516507488623148e-01
5.322383086944988406e-01
5.833232757515737221e-01
7.156114678955367570e-01
4.928125887352186596e-01
6.347375392660936644e-01
6.617739620289535551e-01
6.932783656414520657e-01
6.312704689368452415e-01
6.788813953961980729e-01
6.977138442449206668e-01
7.025644566249874545e-01
5.965358781609839678e-01
2.217573951510900254e-01
7.409283827052406401e-01
6.767089462637017050e-01
7.227554553749866439e-01
6.811903409179965729e-01
7.670299140987041353e-01
5.372931407914488533e-01
6.969281755083264196e-01
3.926021798530290319e-01
8.416564552590602988e-01
7.841501422768851759e-01
7.203277655511044486e-01
6.633644262067852626e-01
6.628315510924116527e-01
6.628368146826898455e-01
6.628315510904847496e-01
6.646147345204042045e-01
6.628616172253301020e-01
6.626290011810547220e-01
6.571859027614480597e-01
6.628147086979711000e-01
6.438919512295236958e-01
6.631607228451560365e-01
6.555648572955400377e-01
6.567293867801230478e-01
6.604258013022737961e-01
6.607133472184668621e-01
6.626843728276717860e-01
7.046427854552773651e-01
6.447119515066459527e-01
6.613789852665136193e-01
6.564508348826065820e-01
6.588920871805936663e-01
6.889163205220818487e-01
6.476485791420966143e-01
6.454760123704974539e-01
6.924968426483731898e-01
6.506861621357393766e-01
