7.986188775034978871e-02
5.259923912587698425e-01
6.803947258769301731e-01
5.453435654313700809e-01
6.851853020601660349e-01
6.030529235520060150e-01
7.004825034146260343e-01
6.889135725766456497e-01
6.215168827363729553e-01
6.913452440258217591e-01
7.566026194148177675e-01
4.301872361749020102e-01
6.823029606046012718e-01
5.979165160056145734e-01
4.657859414254884589e-01
6.893337374181983668e-01
6.854523431692013391e-01
4.941236044670056504e-01
7.003105154419899669e-01
6.275151878302814845e-01
7.506206038215614829e-01
6.850731143066621787e-01
6.991160909866075412e-01
7.520778034815301938e-01
5.333082805690265715e-01
7.053684142238995092e-01
6.897364567687085390e-01
7.007181383551590592e-01
7.164622325838909678e-01
5.795610075235585468e-01
6.794722392406221667e-01
6.060079517767726909e-01
6.574421629680081702e-01
5.531521211332783849e-01
6.987717196854945634e-01
6.728166193725162447e-01
7.060773946337721707e-01
6.705933618137599472e-01
4.873238989486009531e-01
5.983916576621903793e-01
6.328133548546223119e-01
7.238664080828222103e-01
6.333970434389796234e-01
7.410685471667683988e-01
6.788470168159395079e-01
6.773588193105382071e-01
6.729840249364471561e-01
6.597602078188975483e-01
6.949336264003335151e-01
6.764025428849258503e-01
6.752411543131190408e-01
6.820330656060639152e-01
6.317361752074966974e-01
7.025011223012161965e-01
6.059269233199489069e-01
6.747107903378550819e-01
7.144539889998301474e-01
7.104616672856506332e-01
4.296077343253451586e-01
6.798235316041564280e-01
7.352653801594497551e-01
6.597216219407262550e-01
6.961639611741842204e-01
8.499518284199453211e-01
5.585032315233555700e-01
6.775075772730630996e-01
6.614953615576012469e-01
6.446010655999848682e-01
6.498828736908892623e-01
6.601312484528022440e-01
6.394299134941298091e-01
6.666821728061895769e-01
6.699527582953417326e-01
6.600792917949003247e-01
6.734623423591797886e-01
6.666674733420556720e-01
6.497443624219526592e-01
6.592718523201188674e-01
6.576915574654041974e-01
6.552700439923537790e-01
6.595035365634509539e-01
6.587931559671929005e-01
6.548733044046775031e-01
6.609917676020290456e-01
6.566174607121105788e-01
6.561001956745228236e-01
6.557280900994364448e-01
6.564887194936601666e-01
6.568601787081757015e-01
6.556578723514951967e-01
6.551055062629719261e-01
6.528862388296585717e-01
6.557742987139312252e-01
6.496246487305032957e-01
6.528842543488585504e-01
6.528842543688856415e-01
6.527888375221135853e-01
6.528842697811818585e-01
6.529130460798611146e-01
6.170613630721740739e-01
8.185472134209407225e-01
6.520480051638577468e-01
6.528006237782680854e-01
6.528842543688856415e-01
6.496514239179597139e-01
6.497226317242581484e-01
6.497226322216721472e-01
6.497226317242581484e-01
6.494732775684654014e-01
6.497226299030084418e-01
6.480859086239515454e-01
7.855067447517349866e-01
6.497226317929822859e-01
7.541853515444203460e-01
6.497341969269400108e-01
6.681871059586573791e-01
6.704296667879681149e-01
6.583892311481217563e-01
6.464583992303920557e-01
6.669166484698938469e-01
6.954508285675504720e-01
6.412829095585720340e-01
6.428369807367082522e-01
6.530268941968997432e-01
6.498738246240601812e-01
6.683939920405201907e-01
6.571487522154374483e-01
6.466886254381239985e-01
6.825300591944704065e-01
6.446297460143561864e-01
