6.766166483582876090e-01
6.506447762277892677e-01
5.950212528036072923e-01
7.006037092562165114e-01
7.370227917507637949e-01
6.877326162645394092e-01
6.676027300109321772e-01
6.144706092944141052e-01
6.962914376149578199e-01
6.803179809192806404e-01
6.997937012964355885e-01
6.052365743534960929e-01
5.527850280260913074e-01
5.823741888969111713e-01
5.810949849014841462e-01
7.133438626053700826e-01
7.807525660437860671e-01
5.794299182836292195e-01
6.465634451190491738e-01
6.138623231302806627e-01
7.047812922426147653e-01
7.241405683026624907e-01
6.452542489100498990e-01
7.815339736740889443e-01
5.765683439205332439e-01
7.356723063716985589e-01
7.063595921098292374e-01
7.907299300401839925e-01
7.497123585814214897e-01
6.509966522106551690e-01
6.194567748754459258e-01
6.469417642558463744e-01
6.276271636435369894e-01
6.507908816274080577e-01
7.637989754849704438e-01
7.483106093322131613e-01
7.491360554773920377e-01
5.437782720894157595e-01
6.485012104347784856e-01
6.074171168287859635e-01
6.082063354321024518e-01
7.033840569759018946e-01
5.636921433475560184e-01
7.539322379148337694e-01
6.994150195793020774e-01
6.757579258400190358e-01
6.742743611814048244e-01
6.882216368534567197e-01
6.603613070721177092e-01
6.309901421607930772e-01
6.679973763309836610e-01
6.806747544909806935e-01
5.854848986664465960e-01
6.280067749034824454e-01
5.653414988025996513e-01
6.351955974560563600e-01
7.182408526950511130e-01
6.489350150849753085e-01
4.077014368011974699e-01
6.025412522706218299e-01
7.024468876893674718e-01
6.487476895456234516e-01
6.675051161258468424e-01
8.013327205696085809e-01
4.777101013191560330e-01
6.683267245006527801e-01
6.627481749570188763e-01
6.543895086531617000e-01
6.419188538224378515e-01
6.598423640864209405e-01
6.444375263886040761e-01
6.652697639689998388e-01
6.665296153168311921e-01
6.616328937123021614e-01
6.674017127335065691e-01
6.636577354334790568e-01
6.496321320158207069e-01
6.611521085021735411e-01
6.409723926151600359e-01
7.021532859553371031e-01
5.339834906600836595e-01
5.732601623817054071e-01
6.660298261832845457e-01
5.993725624346002423e-01
7.208246109290277204e-01
6.452426086822560247e-01
7.039741696553830641e-01
6.247438297010083907e-01
7.154764424130298783e-01
7.404524047999603287e-01
7.088367623560133390e-01
6.060989354261493434e-01
5.453112708263898600e-01
6.263984921338006107e-01
6.479287162475098061e-01
6.706904687443151492e-01
6.857689819705006240e-01
7.142758275752560948e-01
5.695872903227278128e-01
6.456390060416234977e-01
3.805006393655537833e-01
7.524742839932090366e-01
6.690405174902708252e-01
6.748561370769683432e-01
6.486634419833054999e-01
6.637561500779899371e-01
6.427987899862768195e-01
6.513486915942398037e-01
6.790515496691421626e-01
6.852561954668068278e-01
6.683385430605435218e-01
6.597171125489585952e-01
6.665467832181818375e-01
6.661506942901133099e-01
6.645516281156186311e-01
6.783969859302423355e-01
6.690927718611004993e-01
5.912254023439608153e-01
5.315953537877936563e-01
6.489410137408289092e-01
6.384038696220457609e-01
7.708322808926131309e-01
4.908718111679742924e-01
6.524672545471118523e-01
6.745459458777742778e-01
6.373428416060420432e-01
6.230172591691163220e-01
6.697667612252214964e-01
5.480572134477242896e-01
6.927734342420521774e-01
