6.571802432979874098e-01
6.506604286911926716e-01
6.454882919969823218e-01
6.481259644794163943e-01
6.570162343873742206e-01
6.487494817837985428e-01
6.400908816846296867e-01
6.490368544274066620e-01
6.573400399677026273e-01
6.240893873609192344e-01
6.552343710429909818e-01
6.083534765116740406e-01
6.447972058472819512e-01
6.212949471388965472e-01
5.159973436151658044e-01
6.775603659090034814e-01
6.934154606365923179e-01
5.405873488838922603e-01
6.816494453982663293e-01
6.294793445997542980e-01
6.926229784380879551e-01
6.591170693099482891e-01
6.769748643163020496e-01
7.092870956477599353e-01
5.187755572662563486e-01
7.088568856530514939e-01
6.640002180041318924e-01
6.830809082103019847e-01
6.750007673617964832e-01
6.457552229344607486e-01
6.459633480245940973e-01
6.574199772345483694e-01
6.454796421800715889e-01
6.466749361481185510e-01
6.721825773921048519e-01
6.708574027080277391e-01
6.664632824708691672e-01
6.412829745878767529e-01
6.443655991887797807e-01
5.194974302715774650e-01
6.138550909059973248e-01
7.104393364011868384e-01
6.218564087206061020e-01
7.880832851213076529e-01
7.017657707854338955e-01
6.604017716349983580e-01
6.619988358970215758e-01
6.675350019630258425e-01
6.727167680243919534e-01
6.554338653241931212e-01
6.779119615400839294e-01
7.085628492442785920e-01
5.955167379755831325e-01
6.323364657020306145e-01
5.396741370855473452e-01
6.572894591098783490e-01
7.794063325687676791e-01
7.349130250189923608e-01
4.438988006874696746e-01
6.058774424515290802e-01
7.183798804185780318e-01
6.944957268843272580e-01
6.720793858867569748e-01
8.137043837817377057e-01
4.862415992993951441e-01
7.025953914410607570e-01
6.602313226434083360e-01
6.732592783068442888e-01
6.457306721427885643e-01
6.499828221745962420e-01
6.368059291250965925e-01
6.635164542761592399e-01
6.729739509776642148e-01
6.598991972037241416e-01
6.907695934125761550e-01
6.741738806514838700e-01
6.496648705830653237e-01
6.466091935262268109e-01
6.559580308173611485e-01
6.573044089924939826e-01
6.517345007579085081e-01
6.539188952905917729e-01
6.599900343880171771e-01
6.520221427663067670e-01
6.561437256009272634e-01
6.571708217631311300e-01
6.560827239569454461e-01
6.594964393457862784e-01
6.572404254696740944e-01
6.571491080496952852e-01
6.583232931922042841e-01
6.009826220892355852e-01
4.891113923281211751e-01
6.865601946393966593e-01
6.303098168113018263e-01
6.525283900440214113e-01
6.553044526345952470e-01
7.830388067251912165e-01
6.083718583053150386e-01
6.680441361347986273e-01
5.752323846376182770e-01
7.670172587781547424e-01
7.110289647123047008e-01
6.706946717548537551e-01
6.459339700980301080e-01
6.640292412416060053e-01
6.688628509898794094e-01
6.640133653851958417e-01
6.455462695940725748e-01
6.816933294936311505e-01
6.748315921664131967e-01
5.606631108797437424e-01
6.709459878028227742e-01
6.939799624944750223e-01
6.702459407409157022e-01
7.102481918582953524e-01
7.069329451492549765e-01
6.588422555809108072e-01
6.861616252290414497e-01
6.588422693599190749e-01
6.588422693599190749e-01
6.588472538415084401e-01
6.870092370015806749e-01
6.588416042350816459e-01
6.588817190266821333e-01
6.588422693598680047e-01
6.588422495466758066e-01
6.588422674687186564e-01
6.588427532566658584e-01
6.590522996773217068e-01
