7.137759357854016606e-01
6.017207645145182804e-01
3.510048084987423267e-01
7.207668400957855104e-01
6.362908401195288555e-01
7.317780472470443165e-01
7.341918207822324405e-01
3.332109797345280122e-01
7.144512158556817205e-01
7.141094623303354538e-01
7.508018633382412821e-01
6.977453575905214755e-01
2.418331631916986468e-01
6.895368936138194238e-01
7.816344927106297913e-01
7.547149238041396258e-01
7.611352633256993627e-01
6.516592569175727601e-01
7.634161725638164420e-01
7.235272810286813572e-01
7.385413319053499848e-01
7.345664444672377336e-01
7.101452796209380969e-01
7.166294679046358862e-01
6.018425617218505774e-01
7.301220584128165214e-01
6.723643697224339633e-01
6.873072661042974874e-01
6.747768913649488942e-01
6.630904501740445545e-01
6.685221428326989512e-01
6.513512894353862270e-01
6.712830751261706919e-01
4.875166109505021383e-01
6.824534796661273495e-01
6.852144351570176317e-01
6.785712171915917468e-01
5.937869832917574975e-01
5.499128763109368823e-01
5.000000000000000000e-01
6.747892695905787219e-01
6.684622766260327476e-01
6.408174442954269745e-01
7.067941963770862923e-01
6.979734240114666699e-01
6.716575852717902029e-01
6.824401791327673328e-01
6.767186455147750079e-01
5.772589504904793722e-01
6.282119964412036239e-01
6.791003564123632152e-01
6.680036842906025285e-01
6.730665862963938206e-01
5.412372143848812600e-01
6.710350341489618176e-01
7.404132268969185748e-01
7.304598076058073097e-01
6.626886859010341357e-01
4.659668559134483301e-01
6.159277465861093814e-01
7.362289673288924252e-01
7.018404467341994302e-01
6.756298554809075929e-01
6.325618198135618542e-01
4.239725963440116319e-01
6.068543848834372367e-01
6.527373878467026547e-01
6.767068615221554229e-01
6.468911228882051612e-01
6.297736099284989564e-01
7.148903226801046618e-01
6.479844971503532225e-01
5.139796128793895358e-01
5.807612884680194432e-01
6.532671083780012822e-01
6.568697408559797113e-01
6.702891518419612504e-01
5.503575682877869246e-01
6.666745794087330923e-01
6.642307611059515837e-01
6.597406376353195379e-01
6.660107995746855636e-01
6.648053885810386587e-01
6.655621032845306928e-01
6.653407445365651096e-01
6.647210576997654163e-01
6.627900091793909043e-01
6.625960490223079535e-01
6.654169003082471834e-01
6.681908313506949026e-01
6.656694264037661402e-01
7.413928953858840432e-01
7.199673043039930276e-01
5.881364300548905799e-01
6.839892196455689133e-01
7.134614160696975960e-01
7.354022006637519482e-01
5.097259300717648101e-01
7.294627126206598700e-01
6.120752586507999249e-01
7.060102218365169602e-01
5.367603189324642310e-01
6.883689028886492700e-01
7.429666529767424699e-01
6.658131160525236902e-01
6.550339008370670291e-01
6.728129497132034897e-01
6.618419619958898492e-01
6.449349440046956428e-01
6.717758733004577376e-01
6.391500013856371565e-01
6.612311083713678928e-01
6.782827763278309607e-01
6.687632204808259262e-01
6.645936166479026186e-01
6.875902352248306482e-01
6.796712056628122500e-01
7.079219241467236134e-01
7.709837983696530284e-01
3.512042966054713666e-01
5.986183362131575203e-01
6.727132038809363612e-01
7.208724117829247158e-01
4.557956398955845811e-01
7.019465869102672340e-01
7.145618054876011760e-01
7.372259513694890964e-01
5.098252063348073237e-01
4.792168249658941281e-01
