6.942226506237644257e-01
5.823788190182873636e-01
2.998608865161211390e-01
7.220860122878417497e-01
6.372278596388264438e-01
6.446410173090387774e-01
7.293774633269459740e-01
4.878160841926318936e-01
6.730355762055856284e-01
6.715628589587407937e-01
7.087746032144581765e-01
6.465112852996506287e-01
4.380304764912420490e-01
6.483616648729670917e-01
9.761716275328380377e-01
8.967669391114998501e-01
7.715386696602811734e-01
5.252739877214773756e-01
9.252906466686560139e-01
5.364720459142083842e-01
8.218089337790217552e-01
7.452629506266729154e-01
8.289159733662077034e-01
7.101856147360665616e-01
8.505867500291728334e-01
6.650807116041543843e-01
6.926108892104173576e-01
8.158686160873355186e-01
7.360221722618154327e-01
6.640453475250218673e-01
5.994623381490552516e-01
6.803487749533814188e-01
6.190402302972628501e-01
6.779352501926591001e-01
7.283144804940135941e-01
7.547918469754922866e-01
6.455229505231840914e-01
5.953646356145171348e-01
4.511210723633544695e-01
3.182722535924505936e-01
7.398059538260526313e-01
5.816409283165883126e-01
6.051508035867936286e-01
8.391912116702998636e-01
7.788747195795195921e-01
7.131566491865011237e-01
7.071355348050404332e-01
7.039430067116398959e-01
4.092066592159291361e-01
5.736227844400818565e-01
6.824441669321635873e-01
6.683979114109593889e-01
6.450882715076214913e-01
5.618331053270398945e-01
5.849452317568644144e-01
7.073059780704136212e-01
7.861338039016366741e-01
6.909582859750974526e-01
4.833381504838499265e-01
5.854852921829484247e-01
6.934965210992487528e-01
6.911300555407977608e-01
6.709952587265030077e-01
7.159662689917841716e-01
5.926064307975099643e-01
6.528681212293721003e-01
6.512805283685956237e-01
6.617937505258166819e-01
6.555577444815028354e-01
6.473716891402205853e-01
6.668311874230450353e-01
6.418955043894261081e-01
6.532770593744765542e-01
6.473631030484423565e-01
6.480870205869234679e-01
6.500926723361514226e-01
6.576213633925432900e-01
6.600859498019646665e-01
8.718454016283776475e-01
9.027953924639363636e-01
5.894997022710737333e-01
5.622694125188644199e-01
5.690594675621285514e-01
6.427531313938489310e-01
6.357912604222708541e-01
7.206363832754700827e-01
7.130234753909180379e-01
5.819961180630405240e-01
7.511984358721038868e-01
8.656302487406597468e-01
7.711335378344771341e-01
4.762793370812650195e-01
5.871312546059821447e-01
7.772074765932197593e-01
5.193367246579275731e-01
5.749536913131430005e-01
6.692925679747622203e-01
7.611392294853137619e-01
6.175429570584900496e-01
7.134183461256193848e-01
7.133950403431892351e-01
7.159769164785630968e-01
5.708938475304227156e-01
6.961137066677149932e-01
4.172026073885533037e-01
6.618713541053946603e-01
6.478043489416128731e-01
6.550212746459280755e-01
5.249453211587190582e-01
3.456713081645118035e-01
8.414574441883261313e-01
5.153959017515662433e-01
6.487242354159868940e-01
6.879936692148952426e-01
5.539457953206072816e-01
7.698796480202250159e-01
7.377923122605222206e-01
5.281417676143453921e-01
6.804157642087760305e-01
7.740704722783067204e-01
1.943601999600781671e-01
5.245929958570365592e-01
7.558453693113545979e-01
7.431458871176513936e-01
5.713629441609849868e-01
7.616820634942583768e-01
6.877887908450693866e-01
6.808393962300969271e-01
3.895432652810406071e-01
6.011777519493937127e-01
