6.800207479091545659e-01
6.141178116700536371e-01
5.108410677084134210e-01
6.199981478015369474e-01
6.710837064937770213e-01
5.755948166286297685e-01
6.605733095890926609e-01
6.627034840588237330e-01
6.461644530849695034e-01
5.806940021912425642e-01
6.832345156688187648e-01
6.933808407001463836e-01
6.834729054690905636e-01
5.625532023328990716e-01
6.828389070321223553e-01
6.683162141366965070e-01
6.342685234698066665e-01
6.471237114726803297e-01
7.078951954667035418e-01
4.808318308970241373e-01
7.396046223073661219e-01
6.900716646243468810e-01
7.188378587650749996e-01
6.341887986266161459e-01
4.341384278305560618e-01
6.452598114153837994e-01
7.145762227952509038e-01
8.666250606402310375e-01
7.520477198346208203e-01
5.000000000000000000e-01
7.040774744248782246e-01
4.401534480091361945e-01
5.726404574954989668e-01
7.192392602052554151e-01
6.105327253776483554e-01
7.332116042969500924e-01
6.094161086122831250e-01
6.772736956403866415e-01
4.482401362748293372e-01
5.154920728599604596e-01
7.209590332009176983e-01
3.575284295892980357e-01
6.650669527929663483e-01
7.771183455113099825e-01
7.322609440670179159e-01
7.188728942669267985e-01
6.857770166402594736e-01
6.506134844934321482e-01
6.266269939596328387e-01
6.425674541876942314e-01
6.604210064853355266e-01
7.087353523353899787e-01
7.092982622640113810e-01
6.622239718304769873e-01
5.924187073020722449e-01
6.965803927168202625e-01
6.689199218992104568e-01
6.614939898027060172e-01
6.470717160749639429e-01
6.390256484366831913e-01
6.405243062961172296e-01
6.485157315121704569e-01
6.584963473882776697e-01
6.470866161139899875e-01
6.163440125149306503e-01
5.958620424788274583e-01
6.552855106113799621e-01
6.458277943520728259e-01
6.738381779140824035e-01
6.138225932436935928e-01
5.758432965981701290e-01
6.156648755519863458e-01
6.167366522180607324e-01
6.853749372361122028e-01
5.852244381413888030e-01
5.444124912296939289e-01
6.291923090177176103e-01
6.738754259297549121e-01
7.975411001942611655e-01
7.898673393988933089e-01
7.027801704395656435e-01
5.802214915461131328e-01
6.278817767173702213e-01
6.516864717357794268e-01
6.064520488381616170e-01
5.854099287697454024e-01
7.904253000775898208e-01
6.913274675006388925e-01
7.190094364909254132e-01
7.154186183795758769e-01
5.446518343219077796e-01
7.820598469571484745e-01
4.888950943703445629e-01
7.915486781231225732e-01
5.719812020560706145e-01
7.318668576159853556e-01
7.449363248964743223e-01
7.114018854114607660e-01
7.260119051696282133e-01
7.016463142377658002e-01
7.232510512947627479e-01
6.975422294068206464e-01
6.105842578635125584e-01
6.138721493339571733e-01
8.076103221830499557e-01
7.260304975283432549e-01
6.051560168287527519e-01
6.390399554839572005e-01
5.960141100733628017e-01
5.802998086373382103e-01
8.368650133810462410e-01
7.016181404444093994e-01
7.610714066525382515e-01
6.447922712579488014e-01
4.779647961391332300e-01
6.832660904045722017e-01
6.596696199838562036e-01
6.401060951406022381e-01
7.076790253179037204e-01
6.022544914175778086e-01
6.599893340135351005e-01
6.610379931204946047e-01
6.853980815814338934e-01
6.472795665571475787e-01
6.149203632976518730e-01
6.777130029367133268e-01
6.449905936370905479e-01
5.808389471077485267e-01
6.631717797163471095e-01
