8.653804867734626871e-02
1.976258323118550708e-01
7.807926856361206702e-02
1.594049257104852568e-01
4.719082858948486087e-02
6.565104299719738690e-02
3.217999315799028315e-01
4.635448146109548140e-01
6.021471535225918215e-02
6.640682324175205264e-02
7.067866511231293836e-02
6.878686249251307616e-02
1.452465396327111413e-01
3.411637076042401961e-01
1.149434691593861635e-01
1.002956536272733984e-01
9.447301691015454195e-02
8.306298797631177233e-02
5.616223935448255017e-02
7.807926856361206702e-02
1.026278423845859711e-01
1.180007935650832923e-01
6.348120241009261311e-02
1.152678333546358902e-01
9.672895688398736036e-02
1.201903578127650474e-01
5.457361299509763675e-02
9.311857267670560490e-02
7.513770622494185536e-02
1.876893104796709122e-01
8.776766307765163089e-02
1.551770776932328011e-01
8.745651150487705749e-02
6.963475028354675078e-02
1.154439598917689491e-01
6.379217814777095319e-02
4.174240103181318107e-01
6.077745101423846080e-02
1.117993283030564999e-01
4.196685075192679859e-02
1.559921417948803013e-01
1.588141612951800979e-02
1.064041986432537890e-01
4.866249022767667187e-02
6.032140787419597999e-02
6.387088748544168804e-02
3.547578497034876988e-02
1.940444336621474364e-01
2.346724242426163204e-02
6.271046334548049939e-02
9.412011266104727825e-02
2.689272878946656342e-01
3.798204692777473052e-02
2.935293374692350687e-02
9.861857477305143241e-03
2.859862493399105143e-01
7.839208049778086107e-02
1.882998071412977092e-01
6.387088748544168804e-02
1.338555224368496444e-01
2.938852108630967980e-03
5.571617149051594914e-02
4.024924784291548235e-02
1.978236620479994490e-01
2.802344823567064561e-02
1.263199151480127735e-01
7.695018945324262616e-02
1.059899829279888211e-01
6.387088748544168804e-02
7.374832250833382279e-03
6.917852742323209181e-02
3.121381171966776044e-02
1.559921417948803013e-01
4.074756744475018233e-01
2.681436525109341384e-01
3.992534866150082018e-01
2.037117374121201197e-01
2.753828328247739932e-02
2.242071736721910902e-02
5.103125219987079270e-02
5.338037074322016240e-02
4.587205398300452375e-01
6.407974851470320254e-02
6.178997487074170541e-02
5.183315399764818476e-01
1.521440753844818250e-01
1.099778171998320592e-01
2.034699370276105146e-01
9.717317289879719155e-02
1.773686205182812281e-01
2.573797906497465315e-01
9.837418624161478609e-02
1.305114686473677066e-01
3.159220192803589011e-01
6.178997487074170541e-02
2.509967043265425302e-01
6.413049695788247684e-02
9.318946951507413312e-02
8.591661596435876125e-02
7.029032791680480674e-01
3.213454318271565802e-01
1.053019386563573134e-01
6.413049695788247684e-02
6.244929904531915793e-02
7.555271735220912832e-02
6.178997487074170541e-02
1.432183821729084983e-01
1.440524139398523529e-01
4.483511385397229848e-02
6.805026946007149136e-02
6.178997487074170541e-02
1.630629590733147227e-01
6.178997487074170541e-02
1.757656320800440597e-01
1.070185067837034071e-01
1.537877307192306031e-01
7.579912306984745718e-02
9.318946951507413312e-02
2.230075363375814690e-01
1.132444542616726363e-01
6.536327625246443618e-02
1.239482037437386330e-01
1.031525504982655495e-01
2.985050827820229583e-02
6.124276276470570074e-02
1.035726186114340475e-01
6.510011273684919442e-02
1.235207473783895005e-01
1.814222135555256243e-01
9.787881980847573660e-02
9.787881980847573660e-02
6.082945691304401242e-02
7.080357351024836599e-02
1.166754972494342124e-01
1.277760582273292089e-01
9.791149546687441529e-02
1.017767686702801821e-01
1.250010089220968124e-01
7.285543936871442805e-02
1.353530001234444224e-01
1.387364018969762525e-01
2.074269994492041747e-01
6.619473781561657777e-02
9.824279820491908788e-02
9.483179643280538473e-02
1.236902468584560461e-01
7.565878252332962350e-02
1.455631262448304764e-01
1.671367544624465795e-01
2.779435447477443880e-02
7.824109793885107578e-02
4.853453263849086263e-02
5.947345948319561482e-02
1.067904541648023592e-01
6.892397021231108645e-02
1.354198988818677563e-01
1.144907592909123750e-01
2.237277302357708331e-01
1.002121912896009881e-01
1.474910501192766565e-01
6.027952463342268336e-02
7.920378695258548096e-02
9.640178887098924121e-02
9.038366038289345761e-02
1.573234573022607719e-01
7.699842446502287718e-02
6.830667474434948261e-02
1.023683755947754764e-01
9.038366038289345761e-02
5.112290542822815753e-02
4.875970124915290915e-01
1.779725330130770555e-01
1.098938384407977670e-01
6.262718424410057549e-02
1.475561062705079141e-01
7.699185749172800242e-02
7.384217111254968990e-02
1.197966866148130888e-01
3.198147521171008922e-02
1.584325835548791028e-01
9.038366038289345761e-02
9.175331971233841033e-02
7.174473081570417743e-02
4.330208122629945061e-02
6.186298920259875045e-02
5.721701463631821694e-02
2.666503768211793135e-01
1.027687919796108490e-01
1.902488804462266203e-01
7.873969246876523498e-02
1.059779270495318781e-01
8.517500928248504521e-02
2.871364967250676914e-01
8.517500928248504521e-02
1.003437446284852763e-01
3.586888628562223125e-01
1.702674696059109094e-01
3.935912628891324178e-02
1.122152475259364651e-01
9.052307936613748773e-02
1.042757038504245753e-01
8.594564295834160317e-02
1.533654702604869136e-01
6.142808336853931850e-02
7.287224152655646936e-02
1.067039327932726711e-01
8.926465473566365383e-02
6.256209144005896172e-02
8.909453702044205226e-02
9.585685098208998611e-02
2.889581418217767039e-01
1.073821140367377386e-01
9.140202156836048364e-02
1.015330725525976502e-01
1.933826709951626255e-01
1.291202946695218512e-01
7.590159428377413198e-02
1.277425761137513383e-01
1.130905045864431385e-01
1.073062762394936392e-01
1.259358257406023862e-01
1.259358257406023862e-01
1.367015074741340964e-02
9.838129327046434003e-02
2.407609165118757832e-01
1.205990036503331031e-01
9.224156410325790034e-02
7.926684582360167541e-02
9.220465766978618027e-02
9.232451181446529875e-02
8.249780093190092756e-02
1.248249465456741925e-01
9.415723331541167584e-02
1.040577497370154397e-01
8.519093496139094890e-02
6.385819505462420054e-02
7.069823052790594198e-02
9.073644233783548230e-02
9.281384380759159780e-02
8.006456829342065151e-02
8.634034000794582608e-02
6.798528000071955846e-02
7.499329436111962233e-02
1.144977825869792909e-01
6.477114640977073290e-02
1.377345954619170199e-01
9.223111207809454593e-01
7.556639711383771052e-02
5.992338628907033921e-02
1.373776695671540538e-01
7.574206953937906439e-02
6.364702762307394845e-02
1.287280113026348927e-01
1.138476947378694593e-01
5.491960662374253260e-02
1.403026116839483362e-01
1.546483042180965828e-01
7.408302103668259475e-01
2.433515720736284249e-01
1.633862385951145579e-01
4.092863541593196042e-02
7.574206953937906439e-02
9.602811966584370862e-02
1.632157674413527715e-01
8.510205269646048398e-02
1.202704001204704110e-01
6.582863223891688431e-02
8.407155865364134006e-02
1.576663145203852368e-01
1.623306149902480344e-01
6.640233399896662558e-02
1.338369855139748543e-01
1.813386353911912441e-01
7.574206953937906439e-02
8.592068625972935081e-01
5.231324077804274664e-01
1.715900510040220261e-01
3.624307223626903052e-01
1.663151149611622470e-01
6.922244028585541886e-02
1.434425057300936779e-01
2.215634872811970968e-01
1.810229549838067165e-01
7.555975140566216497e-02
8.258350186040676333e-02
1.559423197969663777e-01
7.885036896434065301e-02
9.739813551947730519e-02
8.177185535277216311e-02
1.616429375666577073e-01
6.598594972675292381e-02
4.678695659492542597e-02
1.838999879610808963e-01
1.360887249750239170e-01
5.968726087491761645e-02
7.386490188145497515e-02
1.231924876980267231e-01
7.620012668820895507e-02
1.862558630405293514e-01
1.058046820324675397e-01
6.513722942880617595e-02
9.404349841427721290e-02
1.082290228494037221e-01
1.365453576742130526e-01
2.429068522718202117e-01
1.069332831678896090e-01
2.464793582200698330e-01
1.526169364980250187e-01
7.620012668820895507e-02
1.383364431656830262e-01
9.434672630774477986e-02
1.060676104248454432e-01
8.543090889000160004e-02
1.097531913320957120e-01
7.803886781139211803e-02
7.579784520082966104e-02
1.293305993955388145e-01
1.263583486839378878e-01
6.262340065647328813e-02
7.990048282387179901e-02
8.797518802555007178e-02
8.550255992932533078e-02
7.473709630308826568e-02
8.016546038145876130e-02
9.295885141036441812e-02
8.651210834855528609e-02
1.171696885144632994e-01
8.253121170106943183e-02
1.108746656383277490e-01
1.071320246560964196e-01
9.300713120966679071e-02
1.101152264903186295e-01
7.452522329822136582e-02
6.355857180490367964e-02
1.599390729479277518e-01
7.122199250737101806e-02
5.825973444976987464e-02
8.773478820761004826e-02
5.000000000000000000e-01
8.958061978915229928e-02
2.889211304436422115e-02
7.440678757525494291e-02
2.320093394432526379e-01
4.888165677618298566e-01
1.239893330525947690e-01
6.349081606810812184e-02
6.314481391251360043e-02
6.572557854600882266e-01
9.300713120966679071e-02
9.283734124212396355e-02
9.300713120966679071e-02
2.063356476393970185e-01
5.591577402096858246e-02
7.322350019628902362e-02
1.230703933646396658e-01
7.567489746086772384e-02
6.938067383400428612e-02
8.473813687357777125e-02
7.743135037516937769e-02
5.793625892003109040e-02
7.066494006836575303e-02
1.293450400341347173e-01
7.737424561781976184e-02
5.605070918671622299e-02
9.377084032330817998e-02
2.247360625811272439e-01
1.180373990403381923e-01
1.083163199445017766e-01
1.085345421787900361e-01
9.769313543854721282e-02
5.569224716741862091e-02
6.729938549264928571e-02
2.569873280289952655e-01
7.055030357004385411e-02
2.239671720161424129e-01
8.958628924261050064e-02
1.828852174414047627e-01
5.522994567567980628e-02
9.477023521322054667e-02
6.319502699528511958e-02
1.294206192983122783e-01
5.952856347992844382e-02
7.171347930912999602e-02
7.336406872750297903e-02
1.450933856390108079e-01
2.316318983680552834e-01
7.391027952605690177e-02
8.210188655772709954e-02
9.265242437780116247e-02
1.170825369517557168e-01
5.590266534118690928e-02
7.352980196781248867e-02
8.942046318506587099e-02
8.762807836559653729e-02
7.383342270207338132e-02
1.035569998974002065e-01
8.958628924261050064e-02
5.821533732195843802e-02
