7.308420023553532929e-02
1.243476735771012615e-01
5.616764515339666558e-02
1.778506955660303923e-01
6.552406256150385133e-02
7.796838987141820054e-02
4.302572703806836762e-01
4.003566717535092523e-01
9.334409347963867898e-02
5.232329828530735139e-02
8.080168758130873430e-02
9.481890763777491016e-02
1.755723878991022890e-01
2.104185519852778963e-01
8.376322813658068633e-02
1.217638661133870204e-01
7.373645315685274648e-02
7.555568257351831518e-02
2.028801335061391764e-01
5.659296264357296241e-02
1.156763984216396951e-01
1.574723546875818891e-01
7.135138485430028710e-02
3.213073407542254012e-01
8.804422721797817986e-02
7.983592785106378986e-02
6.738005158469645428e-02
5.957266341158482664e-02
5.067465524648533809e-02
2.613062472435395689e-01
7.707260347055150396e-02
1.267749780872689525e-01
9.768392160333852492e-02
1.216259288608985967e-01
1.562896257883717999e-01
6.700672692066188263e-02
4.520979384455639516e-01
8.528544755042155590e-02
1.996191884971598440e-01
7.033807904390787513e-02
3.776743056887193473e-01
8.834093833309265842e-02
1.135746317797050597e-01
7.824995769644171872e-02
7.269547521402811019e-02
2.525661802835360917e-02
1.277694371356819479e-02
6.325536439928947097e-02
1.497343867864083522e-01
1.825825175421931165e-02
4.255922999842705334e-02
5.724935884621542431e-02
2.916410870236164632e-01
1.025114255206174135e-01
1.094347951500295457e-01
2.810001345890756341e-01
5.596926404854791343e-02
1.144567652278332126e-01
2.525661802835360917e-02
1.373554355049839693e-01
2.226093897481900424e-02
3.047250735156126905e-02
1.375075002080521358e-01
1.134704594449621740e-01
2.738265642234373812e-02
3.799485806477607697e-01
3.760814595559479334e-02
1.866295230886391709e-01
4.571649552480223921e-02
3.506911106236899889e-02
1.345825994631351108e-01
2.096220628407661213e-01
3.959013705790619397e-01
8.646250073079566126e-03
7.751977472415230164e-01
5.000000000000000000e-01
4.441626099061400657e-02
2.585796362843675172e-02
6.730991274932307533e-02
8.934227066330975575e-02
7.862123053177420828e-02
2.049275204045830079e-01
8.575175757157826872e-02
7.707349590739194511e-02
3.525338458021912702e-01
1.452200715529684549e-01
1.280126887551363002e-01
1.602033435235412084e-01
1.236262966036124344e-01
1.253101852560251639e-01
1.435699213691299658e-01
9.887872012498583052e-02
1.286976004998533485e-01
2.029590759183995952e-01
7.707349590739194511e-02
1.425856102705898854e-01
1.037887220636288521e-01
9.985967434861761638e-02
1.409535996576460615e-01
5.447640394963014776e-01
2.695209977786227618e-01
7.854225049888037546e-02
1.037887220636288521e-01
1.140910639310764169e-01
1.100665032692316331e-01
7.707349590739194511e-02
1.287347695419605309e-01
5.429747743182757741e-02
4.997810561749087277e-02
6.109844121992474841e-02
8.117155401773214207e-02
1.901069425110272493e-01
6.889923694513393204e-02
1.553689866382541307e-01
9.678402456554656419e-02
1.160688592023612214e-01
5.641808978859988444e-02
1.174936265369150995e-01
1.919732966820034969e-01
1.253596303088646002e-01
6.073681892453193509e-02
1.157680293740385169e-01
1.262356805104929980e-01
8.793354824534042880e-02
8.771742871059790003e-02
1.116489946364878222e-01
9.399779233532108702e-02
8.756679750943101304e-02
2.833596255001958331e-01
7.149444559511079766e-02
8.760440001533341403e-02
6.976760274215121349e-02
7.489998079518252194e-02
1.130627227362403231e-01
6.947634001890125310e-02
2.121242364944852521e-01
7.610431895307288863e-02
1.088909693899520470e-01
1.210242077325987264e-01
1.458152676374608048e-01
1.751462525057100594e-01
4.902461187137104881e-01
8.792649225683588088e-02
1.269769672855156906e-01
1.305253091269593380e-01
9.431501805570731423e-02
8.703828637675613267e-02
1.086707688896406399e-01
1.657757885755603566e-01
8.305927615417890708e-02
5.300594873878842345e-02
1.050234402835673736e-01
4.710016341392594952e-02
8.462174178490047827e-02
4.731271682731547079e-02
2.104696069591041607e-01
1.167182872507702418e-01
2.029795051971861330e-01
8.367281176051635794e-02
1.401639980274764496e-01
6.959080162837055772e-02
2.093048469319763738e-01
3.938759280680195068e-02
3.873591946400536251e-02
2.048840349692757357e-01
1.127360436178054676e-01
3.130564559491912091e-02
6.304099832864590303e-02
3.873591946400536251e-02
8.594889899951874135e-02
1.408374791905604995e-01
1.129172776034162856e-01
1.816429668199847081e-01
8.995554795538354687e-02
1.203843502340080224e-01
2.892880596039777361e-02
4.936459014430990416e-02
1.146112529526094465e-01
9.673797980355060278e-02
2.662053935202911004e-01
3.873591946400536251e-02
7.078088818474891075e-02
1.134308982902216822e-01
2.923883320990108142e-02
8.936263805165579888e-02
3.791957939657145810e-02
1.268025921900151065e-01
7.368130566046070251e-02
1.596733873923651958e-01
9.219978139051031307e-02
3.659948639460471886e-01
5.682732654933158462e-02
6.425966609236926086e-01
5.682732654933158462e-02
6.782226116553108364e-02
5.968407350871401951e-01
1.759631558142592811e-01
4.597075679363945427e-02
6.524301702897238042e-02
9.148826105605403769e-02
7.452766476782839156e-02
1.338561334582793194e-01
1.364066708045497400e-01
1.068472289112462337e-01
1.983221423562628594e-01
7.767374728739712131e-02
7.119284885875300228e-02
4.195826260565350962e-02
2.731623403445988529e-01
2.465077911388698362e-01
1.731370360003168518e-01
5.943943164392969519e-02
5.692027317338115011e-02
1.652990734188667099e-01
2.831822310326562175e-01
1.051268946605396076e-01
1.423070974594394487e-02
1.389871125758860015e-01
1.034024036688921538e-01
1.415864990040898164e-01
1.219006885832357584e-01
1.147294454353089271e-01
9.164568225371291788e-02
5.838801954831822350e-02
5.105006953463849806e-01
4.108162021229644356e-02
4.702110329601789929e-02
3.961362290965307620e-02
2.924389546308405752e-01
7.074575330127014228e-02
6.405118563702737189e-02
1.052981247516783514e-01
6.271869751070484333e-02
1.146523807532435768e-01
6.596551073600054327e-02
3.579371129705354732e-02
3.434620997724396885e-02
1.880657007120130619e-01
9.269089598298639598e-02
1.796912581702431455e-01
1.499779935279817733e-01
2.118999038569867877e-01
4.045638809143909526e-02
4.041522177113039960e-01
9.621992486931603417e-02
5.735123689485652210e-02
2.678837294921442846e-01
3.694049881026753579e-02
1.058453784220755312e-01
1.990422670721725962e-01
7.977894662667364689e-02
1.107099271282839699e-02
3.775248355353566510e-02
1.656997775948444024e-02
4.999652788282029497e-02
1.077865176474438885e-01
1.642939366418528779e-01
3.643018044784824272e-01
2.473888454374198742e-01
4.429120169577475674e-01
7.736301700518914692e-02
4.760804156988094477e-02
2.467472357434901398e-01
1.753379283505525355e-01
4.611004926085977146e-03
1.093360879818522924e-01
1.659908684080818250e-02
3.876827803450193927e-02
9.571762262629975038e-02
1.071037623756704305e-01
8.012800093530669798e-02
6.901289599865323421e-02
1.498404435499218201e-01
4.760804156988094477e-02
3.801786551945264825e-01
4.807530565164248038e-01
1.110911074459970393e-01
1.604838586056419047e-01
7.232511948728696793e-02
1.795389234758645869e-02
1.027315914423663629e-01
2.356238402229388629e-01
1.878557022161536916e-01
8.711649741148350112e-02
8.002260579560671605e-02
1.357421758461598016e-01
1.003378804233029387e-01
7.587993970533218890e-02
1.938057779770289146e-01
1.441925330248255699e-01
5.856635976010781536e-02
2.391264089097717982e-02
3.283186370140989685e-01
1.127112612962099664e-01
7.265000884996650199e-02
1.130040543959450333e-01
1.804380970509070203e-01
3.978448419069437192e-02
1.127068498463379975e-01
8.971699064969726467e-02
4.698087325925214691e-02
8.125311902367272909e-02
8.596566685860126955e-02
1.218787760996008218e-01
1.487864246008065161e-01
5.223493869374642995e-02
1.072398013223349600e-01
1.936538902832330433e-01
3.978448419069437192e-02
1.567756569436432601e-01
5.053044746235277329e-02
8.721050520166569175e-02
1.243919579691707411e-01
8.231766841555035463e-02
8.981244499676650783e-02
7.649012504761165676e-02
1.120248874967043895e-01
1.239274098906582300e-01
5.916930594812688793e-02
2.541782103046534916e-02
6.688570343683945818e-02
1.614353636315283280e-01
2.063208276642239658e-01
3.388823653484966669e-02
3.309211486081709008e-02
5.450936092318234977e-02
1.616462561727574354e-01
5.609876747720884266e-02
4.122082965394752163e-02
5.040496960832327455e-02
3.967221709193267942e-02
1.119199577560651415e-01
9.311429662490737502e-02
7.084568110170376409e-02
9.264210840003672676e-02
8.161914575366521762e-02
7.385174342251493718e-02
5.335176019956498067e-02
1.559450936009948996e-01
1.051666378508904209e-01
4.507780250483508361e-02
1.331260949483622502e-01
1.116088940204711250e-01
1.374076668775583432e-01
8.361090382579906832e-02
4.475029249116336399e-02
1.106083052138493172e-01
1.489456912199732252e-01
1.563765032319381076e-01
8.357089426357257322e-02
1.558973259432064884e-01
3.434168217427301939e-01
6.577403201438396241e-02
7.735104271292553291e-02
9.518562303027792992e-02
2.028209726195308038e-01
7.090282230517673534e-02
1.123019680422745192e-01
1.335350498176873235e-01
5.944789323476883797e-02
9.319344274572581577e-02
1.514906827986688687e-01
4.068846983911127146e-02
2.986429681038572231e-02
6.039714902816756964e-02
4.137826073818665629e-01
9.994889455734842776e-02
6.348434327833839264e-02
8.430524539621495062e-02
1.287520839656750571e-01
5.969267598899963279e-02
6.912329843159750742e-02
3.305028189119259552e-01
7.068878607551293269e-02
1.933456693004433069e-01
6.481798451548290152e-02
3.843051072243596211e-01
1.070137392813449856e-01
6.817005164389437766e-02
1.188094682795487744e-01
9.790374894224292135e-02
3.479351236593544033e-02
1.187644976838241051e-01
1.076072289481887212e-01
6.815744134131267173e-02
1.532960439032249322e-01
9.112732958496223834e-02
6.708613888861032770e-02
5.743353377904454604e-02
1.111936351228278719e-01
5.406749258169177980e-02
6.088710599567154907e-02
6.129673386152830611e-02
6.979910320797561019e-02
6.871476720034164209e-02
9.417254717095888128e-02
7.429273938196459537e-02
6.643861267721620778e-02
