3.298869630518221074e-02
1.551529313408181732e-01
6.054732633842047074e-02
7.514312393115556155e-02
1.030226718947712949e-01
1.221232140340408334e-01
4.598586251024681104e-01
4.794949431593118483e-01
9.247065906163788596e-02
5.315592776487659821e-02
1.037399234877737081e-01
2.074916740940309090e-01
3.087464702531582672e-01
2.932292898447970697e-01
1.496088535791516849e-01
6.330028620205425949e-02
5.661350279349528641e-02
6.600197914353399253e-02
1.348386516657359424e-01
6.054732633842047074e-02
1.033652641832452923e-01
1.457044351800563797e-01
6.197551743232982552e-02
2.782416962071608824e-01
1.062581077591999434e-01
1.345641952951653064e-01
1.080570576485442857e-01
6.396103556000075352e-02
1.029871717239596168e-01
2.143930180654912143e-01
9.370283811925522732e-02
1.371497641691213354e-01
1.084297750218689432e-01
5.138985711028436904e-02
1.625600966549402560e-01
3.743758586831377050e-02
3.209836719371708114e-01
1.016472773909051219e-01
1.085357519985047647e-01
7.593889087765663681e-02
3.141215061731593150e-01
1.355024630049826428e-01
5.836152884001410274e-02
5.901025231319430991e-02
8.580355642905555802e-02
5.789177141930811066e-02
6.105859938290741223e-02
8.619776399656477184e-02
4.074130322985621000e-02
6.854963335262152790e-02
3.689610318010941303e-02
8.825784586747695282e-02
6.015501391459441433e-02
7.204901410961733754e-02
1.286978690363469457e-01
6.865793642361543714e-02
4.684942716195357459e-02
1.480630611942526098e-01
3.820561946437484035e-02
8.439472690098172303e-02
3.530537590996983555e-02
4.116868138931057547e-02
9.116948330442392612e-02
7.117712617396752817e-02
4.217746733659572672e-02
1.514724155819097418e-01
1.221860898141600288e-01
7.682423385426360996e-02
3.820561946437484035e-02
1.137657476398498679e-01
8.698616392767848093e-02
4.166781707769116883e-02
2.506826651114802962e-01
1.113028817957798650e-01
1.213911506741673502e-01
3.437403101474786893e-01
1.005487166197412269e-01
7.875198644383642199e-02
4.339086371124372538e-02
4.470767306572335370e-02
1.875857346474607557e-02
1.467006858558380367e-01
8.105103255206159985e-02
3.286674477091337809e-02
4.759307643219417017e-01
9.355048799522472369e-02
1.088448852199922767e-01
1.734673505001145810e-01
2.370422508340515877e-01
1.121490671572101111e-01
1.818026052593234021e-01
5.816090207755532371e-02
6.264723590262578912e-02
2.325997893249225346e-01
1.779468253473983491e-02
1.289644775174345892e-01
2.503988649872363609e-02
3.596299295642037264e-02
6.013328933183902797e-02
2.392828393698084866e-01
1.658850357344889836e-01
4.635194413375197386e-02
2.503988649872363609e-02
5.199549145461807714e-02
8.361074448826182060e-02
1.779468253473983491e-02
4.713771857535353077e-02
1.166642610011854458e-01
7.036207525168977628e-02
7.443780800527381725e-02
1.779468253473983491e-02
1.087854267920111140e-01
5.251006946619860005e-02
2.034911645876701924e-01
1.108294534247975943e-01
2.052674188300651903e-01
4.428601290286646175e-02
1.998362725594138301e-02
2.033886293885515673e-01
7.399838055200387565e-02
8.175944414883645761e-02
1.300016391920417458e-01
9.398564388512370416e-02
5.494341419561860757e-02
7.751879612383597018e-02
8.583067698522864331e-02
1.567956910871103060e-01
1.212112114181373296e-01
1.388094030463979112e-01
1.052186447553694754e-01
1.052186447553694754e-01
6.397079915254180738e-02
7.145524678149180187e-02
1.049238064578965068e-01
7.532251371880083202e-02
4.369079521265037402e-01
7.820211309698753277e-02
1.028551160274281534e-01
9.600189705736411616e-02
6.654801966928428070e-02
1.096357438332990764e-01
1.408446425500163024e-01
5.267386763581898695e-02
9.370073286899172071e-02
6.230898422371555084e-02
9.256405048141405634e-02
7.577262399482642685e-02
1.332502698265366214e-01
1.122828762228852140e-01
4.489722063647851730e-02
5.998877133727323341e-02
8.105028297392825876e-02
5.893025187714427682e-02
1.407372464283844493e-01
5.667443555827618440e-02
2.746988657318804039e-01
7.761150208430830921e-02
1.365012829262673977e-01
9.037529907706469412e-02
1.012929121508407970e-01
6.023229115756748020e-02
8.423465762874010609e-02
7.089371040745540142e-02
8.180991926145017579e-02
7.750729868161174152e-02
6.682651637510407527e-02
5.752637324995361207e-02
1.198436270602481063e-01
8.180991926145017579e-02
1.272556908988410895e-01
3.525669106579139012e-01
1.630749596439887983e-01
1.534943535603826570e-01
1.538611547299656157e-01
1.141034681975274107e-01
9.188145918386705913e-02
7.755046512973252926e-02
1.742112395141459102e-01
1.959333542758790736e-01
1.600052446639665393e-01
5.804172461419068035e-02
1.426269578648521608e-01
8.772719777618653847e-02
5.018707665977280297e-02
1.118901998606010723e-01
7.535156071356324814e-02
3.864749955897668343e-01
1.252777358063198176e-01
2.503487877439413145e-01
9.967842891263076210e-02
6.650958970597879716e-02
9.218389400256955801e-02
2.355304091952717949e-01
9.218389400256955801e-02
1.199289635246327534e-01
1.494313654759147902e-01
1.112482161730589947e-01
6.144976798880830149e-02
1.111807165087922017e-01
1.028718872529144068e-01
9.516364525712998901e-02
5.648650471216361962e-02
1.844900679375386376e-01
4.170693412809427930e-02
1.883644013928937599e-01
8.199726472909459052e-02
8.119559443519409891e-02
5.084897403259518861e-02
5.351504231067391593e-02
6.972440402667032244e-02
2.351159108427728350e-01
6.515630051461503147e-02
6.737472340396472026e-02
1.508408303473509626e-01
1.537546450553984034e-01
2.507984237132704353e-01
3.995500604237376546e-02
1.408445436497116898e-01
1.764373911201408407e-01
1.352729822240208990e-01
9.990098628563484628e-02
9.990098628563484628e-02
6.590837258165228862e-02
9.398636883245667373e-02
6.545572232675932467e-01
1.090191264141001787e-01
1.007760739052773191e-01
4.684264876870564143e-02
1.719926319235720313e-01
4.938257159480163166e-02
1.089737644604227285e-01
7.150460772708676360e-02
8.297295342574720345e-02
2.220273674218807280e-01
6.961152544322793401e-02
3.303538159342873232e-02
2.532456090382522937e-02
1.742348116502646094e-01
3.660878438092886322e-02
6.149261348123787052e-02
2.260425420932856977e-01
5.351796887484289167e-02
7.644128278508220686e-02
2.492938094320538978e-01
1.053808684658647243e-01
1.198751192817527345e-01
2.723336780360595677e-01
4.573428655309178664e-02
9.278850760946640019e-02
1.122165332485684230e-01
7.687693889014082793e-02
3.507716987070520764e-02
6.613974815975792731e-02
6.041911353561730397e-02
8.527648656387430692e-02
1.443465493915206677e-01
6.007431686230781803e-02
2.028906422538879206e-01
2.476530454954394000e-01
1.552167660795708559e-01
1.371987471623505733e-02
7.687693889014082793e-02
1.691299510475134937e-01
1.009617989391784904e-01
8.976524847661415674e-02
1.089144135923217072e-01
1.042463281021551308e-01
5.373220003878078493e-02
1.112330235412445495e-01
1.199906923337055176e-01
8.761647977061187698e-02
6.853512970499443802e-02
1.812443088716815254e-01
7.687693889014082793e-02
5.122794854551150356e-01
2.265297189495145413e-01
2.370614742195993052e-01
1.908518344465171823e-01
1.018193620590977788e-01
7.424036343476744793e-02
1.107995658409092338e-01
2.948852557837708388e-01
1.628673197446784959e-01
6.911010763483256547e-02
6.189758040129667016e-02
2.863491396759991758e-01
6.195532832373654153e-02
5.783547883660820205e-02
7.763581078348594233e-02
1.246416843465307095e-01
5.873442247664522470e-02
6.611764883029307149e-02
1.370588368287325998e-01
1.788771749141294665e-01
6.421350272495256195e-02
6.672641832063909428e-02
1.181969751689307541e-01
5.027372621955457366e-02
2.181995729219927405e-01
1.223491616289293232e-01
4.707573656921498761e-02
1.224562457994335385e-01
1.178920892687331384e-01
1.590665679122640619e-01
2.536629267717540048e-01
1.004441418355811327e-01
2.943453401575529260e-01
2.509814167006435559e-01
5.211832561492643623e-02
2.613380548605011566e-01
8.139369338442965784e-02
9.476128862304723788e-02
1.532408804083796316e-01
9.912543120724691403e-02
7.361175415340569239e-02
9.056111969215860369e-02
1.020380339615158949e-01
1.112864084882053267e-01
8.363476634695850287e-02
5.431785162286743157e-02
1.083166296475948920e-01
1.292983679152652499e-01
2.512969583078184660e-02
6.884704199549739057e-02
6.106461964358820410e-02
3.850329426676049605e-02
2.014234351183034899e-01
1.728730644758846580e-01
5.763855367571993349e-02
3.080318366776173961e-02
6.601013694782473240e-02
7.239374421394080550e-02
1.110760342356184940e-02
8.079527565710854786e-02
6.649231314644934998e-02
4.474863686482145192e-02
1.462307170097582598e-01
7.188541338149234683e-02
1.266286420925615552e-01
2.863721350339616945e-01
1.025821215340825265e-01
5.492166531168213989e-02
6.921335114318966086e-02
5.831115604494669924e-01
2.680095661683126185e-01
2.458456243143453471e-02
6.876438215383558206e-02
4.347485616084797999e-01
1.017141738098029657e-01
5.987791011617397963e-02
1.017141738098029657e-01
2.413752939381600127e-01
4.395260381291136997e-02
4.102630812583197423e-02
4.647606161802293051e-02
1.503485848207907760e-01
3.405668761341312800e-02
1.068798845544579462e-01
6.673555851543173933e-02
1.510445909527566855e-01
1.558853014609114240e-01
1.463494581663679073e-01
1.116885444850510140e-01
2.407000544505074821e-02
2.007730763837690946e-01
9.403322939603583897e-02
2.425190603391569610e-01
1.116998152862446331e-01
3.191181488968503066e-02
1.021710558785524497e-01
8.343620957141993644e-02
8.443489346040577992e-02
1.610309999364227806e-01
5.940106442276914950e-02
1.148090166734726664e-01
1.113133874876132134e-01
1.522639808423281726e-01
4.556113079128826238e-02
5.929137243269187035e-02
5.623735143521257918e-02
1.232882863942178081e-01
6.035288002025596121e-02
8.526356733874564109e-02
5.453674878766163331e-02
1.940942622037751253e-01
3.209085524665516442e-01
1.532454207656709089e-01
7.698497035387291687e-02
7.859724718580390901e-02
2.507507730646367228e-01
5.475005789819471086e-02
1.096666008816127719e-01
6.520935657955655163e-02
1.562253981020233495e-01
1.163096403257933842e-01
1.376391739279748394e-01
1.113133874876132134e-01
2.149431812790335988e-02
