6.015275177691682684e-02
9.928246708963182898e-02
4.620595514189262953e-02
7.115911594759437298e-02
1.417099875138791987e-01
1.050789945643035572e-01
1.458753200818373730e-01
1.377243594458010811e-01
1.235974063491217939e-01
2.561452883334610839e-02
1.439523271137845561e-01
1.227191478755161186e-01
2.533223419691070788e-01
2.679341792200262140e-01
1.570539694714365719e-01
9.340122883019326416e-02
1.185459648420286449e-01
3.857535041870702869e-02
1.414540470642931536e-01
4.636648141692262248e-02
3.772077407031165786e-02
1.153981122742879922e-01
2.881108935396619469e-02
1.382934997696646240e-01
1.243404291774382470e-01
1.043979986221201389e-01
1.324972088135299986e-01
3.569843771643241986e-02
5.943112534546527576e-02
1.498740575529979580e-01
1.553968028593725147e-02
9.631225489154571218e-02
9.555592683445116031e-02
1.251464920836121708e-01
1.045535558988395924e-01
3.975142378601086157e-02
1.866543912504426417e-01
8.470535969419440425e-02
1.332358249291382413e-01
9.724628012595358528e-02
5.387255131065242786e-01
1.510060732773780279e-01
6.111057236090033234e-02
6.834772197278994599e-02
7.771999699138504303e-02
2.903759361224064056e-02
4.257639978699741951e-02
6.028212660328404610e-02
1.042422039343399859e-01
1.060915131259096422e-01
4.061142666282874930e-02
1.616213978457881617e-01
1.249185728561256620e-01
7.898399250600118826e-02
1.184473946268240346e-01
1.583542953083010019e-01
1.886430663633492655e-02
1.204109658365363072e-01
1.943019890375994110e-02
6.016987427641908720e-02
5.096104171765433732e-02
8.149581194993625599e-02
7.415177587485137500e-02
1.786359399768385203e-01
4.943339491099642269e-02
3.235274097719174069e-01
6.304117738332773446e-02
8.088185743146324158e-02
2.863159929682781643e-02
1.755370451425734835e-01
2.786793992888095817e-01
1.645227902608027426e-01
6.383109124345400787e-01
4.327957657939347780e-02
4.007586148355162803e-01
7.005389207982984923e-01
5.839881248564938315e-02
4.160139333754715035e-02
7.540694890979333931e-02
9.588768796012070439e-02
4.718962337179950783e-02
1.361218792277870404e-01
1.354227098586683609e-01
5.754932219167352425e-02
2.580670631537622106e-01
1.329521209930690229e-01
1.330096118410687145e-01
1.360788385714220283e-01
1.371712944530013856e-01
1.299302759905569815e-01
1.361202997490651712e-01
1.316864963169917524e-01
1.359507919751472560e-01
1.361221430342474947e-01
3.544974819620805295e-02
1.423643467548867114e-01
5.031468919623487135e-02
1.376668841182690506e-01
1.289106066299383901e-01
1.361205204890751919e-01
1.360202026506411310e-01
9.033540026019931668e-02
5.031468919623487135e-02
1.373831064114624245e-01
1.362452732355945995e-01
3.544974819620805295e-02
1.348274647011498684e-01
1.361002805691871598e-01
1.351986678213395743e-01
1.338452522314765303e-01
5.087564180802327946e-02
1.436931173049962596e-01
8.623910731556477804e-02
1.361205120275577329e-01
1.340531355007587300e-01
1.361203574388953896e-01
1.361522546872807327e-01
1.302120337061023203e-01
1.362479112725343833e-01
1.354111771132918141e-01
5.844025223338959740e-02
1.149869786249272802e-01
1.428780043513568077e-01
7.215812107431494871e-02
8.734096125228237029e-02
7.987280823370444816e-02
1.506899293723319433e-01
9.342596760956350943e-02
2.110717468995943202e-01
6.219554148348809680e-02
6.772309750199501099e-02
6.169742847767265004e-02
8.683684907679234399e-02
9.401230120340707541e-02
6.810232754368227004e-02
2.659595353187685918e-01
5.276009132939368795e-02
7.809112698787830376e-02
1.095231674314396941e-01
8.072901710730744085e-02
1.223378051164954461e-01
4.499751184374420343e-01
6.498700192262335529e-02
1.534688500372446973e-01
1.214801116024229188e-01
5.977918740286281007e-02
8.326977090111417623e-02
1.375734668480790013e-01
1.615222036950222928e-01
7.318041705419357779e-02
5.943733538223113649e-02
1.039806047264913158e-01
5.546033113170407980e-02
1.087660044633050743e-01
4.424792714866714743e-02
2.851089076910720554e-01
9.540853282263833668e-02
1.354776960988421930e-01
5.964861489620032486e-02
9.676729729476762909e-02
6.703455230597456238e-02
1.510835209004877389e-01
6.113382503520780470e-02
6.680817113851557354e-02
1.036356568495356290e-01
1.353750576510497350e-01
5.658720470061395780e-02
1.199313098682583401e-01
6.680817113851557354e-02
1.195844010893766102e-01
3.045050633368721060e-01
1.107879218791408271e-01
1.669664962731800539e-01
1.960590503637551218e-01
7.512630367843900481e-02
6.600416183290817862e-02
8.774344136443829045e-02
1.378060187807120252e-01
1.407188523811861436e-01
1.699731062537323811e-01
6.027037885561154634e-02
9.107155268004844817e-02
1.579691079258151998e-01
4.866648222811702923e-02
8.500355972778736446e-02
6.608547851343153645e-02
2.245850277604273248e-01
1.407017880056986303e-01
1.814699315660254220e-01
9.343659004633814158e-02
1.018173978156262371e-01
8.309822336592359582e-02
2.693338979802725186e-01
8.309822336592359582e-02
1.043260551256919022e-01
2.449876164448085425e-01
1.330236466566142028e-01
8.296549570653204142e-02
1.158349191142186707e-01
1.201811873988578444e-01
8.131104329566211930e-02
5.064599874751882225e-02
6.646878512287782148e-02
6.203552870325613339e-02
3.643384175394477897e-01
5.954796239449187262e-02
7.077187968130552176e-02
2.006566431588907920e-02
1.294337139107161194e-01
9.967450827997495488e-02
1.405322481035035653e-01
5.297409248087632527e-02
6.300656198375449712e-02
2.531217839174387252e-01
2.103477437369313252e-01
6.763853499871792796e-02
1.415141599976738919e-02
1.043506786075264897e-01
7.368070114042662988e-02
9.203616036872241946e-02
8.800407941962490321e-02
8.577959977385819779e-02
7.538012474127814277e-02
3.003217915765678606e-02
8.346091656461203101e-01
4.742394318750858123e-02
1.612280634938363100e-01
5.432402597312573772e-02
3.959525267284485506e-01
1.052208644151069461e-01
1.857212292841129708e-01
1.145174133405508360e-01
6.486529163709213452e-02
1.764531049317021594e-01
4.207372503437059597e-02
1.507241937320246208e-02
2.003469820201567858e-02
4.133209803676545779e-01
8.857523201936276513e-02
1.113337712159881560e-01
2.525215089986828088e-01
1.046423324419110124e-01
7.769866929654721532e-02
6.023585303451621797e-01
2.127768372981949374e-01
2.563858739907964174e-02
1.426466166698365512e-01
1.896319149397187459e-02
4.470596808181452331e-01
7.308239771468752477e-02
9.779535489042219532e-02
1.601671994342043770e-02
3.162136701038910369e-02
3.230708092114761149e-02
1.117011403851131124e-01
2.879084959308233493e-01
2.887382530813471515e-01
1.118669526053567564e-01
5.705220858703207165e-01
4.676118975485109575e-01
1.741457575115616940e-01
5.835250715712066855e-02
1.457727689736570686e-01
6.356078128008157968e-02
4.244624063096525540e-02
6.598106829622049641e-02
5.933908882468637291e-02
7.129083183923681788e-02
4.751146315420351485e-02
8.092529963599601195e-02
1.316562405458531759e-01
1.295669468597220320e-01
9.357639141238049962e-02
5.835250715712066855e-02
1.472320351579304298e-01
4.284345807115439442e-01
1.018512974422440820e-01
9.338799775546323401e-02
3.369010859568145194e-02
2.343091691597461168e-02
6.846784996502291998e-02
2.744799199009187451e-01
1.388000296156942925e-01
6.185451024069593684e-02
7.449732912062874413e-02
1.894268561535187578e-01
9.001546300487411889e-02
5.552718051773693902e-02
1.224228845531397658e-01
1.210444663204502391e-01
5.873471938626516342e-02
7.048888418308217607e-02
1.250561204398290549e-01
1.412903137847942026e-01
6.374363129291078789e-02
7.418841916274318549e-02
1.431342699336530799e-01
5.327873279864187711e-02
1.703505070287461010e-01
1.142046215575622387e-01
5.716902125112639788e-02
1.185551164164613952e-01
1.305882600784325498e-01
1.086625968870079256e-01
1.372695979019060430e-01
8.861562700812651572e-02
1.384867593480848813e-01
1.843162060256203771e-01
4.971268682488524937e-02
2.808433904799648717e-01
6.551687898546112998e-02
9.578955772658581669e-02
9.963578927054379808e-02
7.325275934496032482e-02
8.614006119119071991e-02
1.132395418376691970e-01
1.006271285576278568e-01
1.315102031889410217e-01
1.040104392717731557e-01
8.854022380760442901e-02
5.946506920431609416e-02
2.893374227507956031e-01
7.871474204847722644e-02
2.215869470713654338e-02
3.150761467361080925e-02
4.042860274022160028e-02
2.507376531183918567e-01
1.701417870052958636e-01
3.809369602151212869e-02
6.159322509696316811e-02
1.182490503386989800e-01
4.847099761497373344e-02
7.052042602431123075e-02
5.527363106827921924e-02
8.424232700200935675e-02
8.129675946653261431e-02
1.850016651138756685e-01
6.572509556988616330e-02
1.474189815061725251e-01
1.851268732274282958e-01
4.352602403169911899e-02
1.293671060940418949e-01
1.242327100093857939e-01
1.713865567649939525e-01
1.394964097900028011e-01
4.002608272760372482e-02
9.677859868766887363e-02
1.398985552753287953e-01
1.350509430428447344e-01
9.200536960413129017e-02
1.445222540006311784e-01
1.633283650644408169e-01
4.040223690490876707e-02
9.852788302943001064e-02
7.265830110928844787e-02
4.331261077743606691e-01
7.448008373994589870e-02
6.348862693379873912e-02
2.547741951632782054e-01
1.939820775978328138e-01
2.649542551288318615e-01
1.579921735071018740e-01
6.805000981366908508e-02
1.664044294035044169e-02
1.150092722734116363e-01
2.220455900316775644e-01
1.357253503983565091e-01
6.779316248427808000e-02
8.949746221595085427e-02
8.467687295841401507e-02
7.213906893982829915e-02
6.486889227324366125e-02
5.416903449819169269e-01
6.090968647862145258e-02
8.124538196139256818e-02
8.685946080106228540e-02
4.200622234281042866e-01
1.005198417858259446e-01
4.033611820852154445e-02
8.627502725685631813e-02
1.772389658006977564e-01
6.226490013035341359e-02
1.564783821548636489e-01
3.112756728677360529e-01
5.730095162115771135e-02
4.260688556221673973e-01
2.485607191260221782e-01
8.107739145293083038e-02
2.938991914520479656e-02
1.958368821965355555e-01
6.123427431925265035e-02
6.374527823529400894e-02
4.724323878041744584e-02
7.487764673495134193e-02
1.452803977378877565e-01
1.331795696009465957e-01
9.113106064029742603e-02
5.964027022861590616e-02
