6.909650928705404760e-02
1.128265669376964375e-01
8.848809957786712976e-02
7.636404763654670858e-02
1.201624502440361564e-01
1.128217797713274434e-01
1.257893480332692160e-01
1.245998150652645464e-01
1.144851681660103149e-01
7.515319496120341503e-02
6.856448781743799958e-02
1.006231357764981182e-01
2.287831377224868734e-01
2.048818969983386973e-01
7.190717973835754340e-02
2.050450655261429334e-01
1.156100559387684967e-01
9.159573395069001145e-02
2.933609180147214723e-01
9.725186987582823406e-02
7.858907309348299453e-02
7.749504201337083231e-02
9.165267434371873745e-02
1.363245096309667059e-01
1.045356304429759381e-01
1.109318217438615278e-01
1.129196019178285298e-01
6.975531363097585424e-02
9.343655126753568074e-02
8.812065288175573163e-02
8.812065288175573163e-02
1.283377622914985694e-01
1.372964237397906739e-01
6.248728943061076374e-02
1.583908245412300186e-01
9.795664959898174595e-02
1.723570203660357014e-01
1.287416337159883739e-01
1.220828824100669563e-01
1.533136708165452333e-01
1.787455293814119162e-01
3.997157931598274011e-02
8.505030207727409808e-02
7.126507580161099698e-02
8.491670657889249796e-02
5.096607136242661817e-02
1.164797459276142172e-01
1.478986138156028474e-01
1.437223902433604206e-01
1.258860396716252605e-01
9.649342302786571846e-02
1.531298909721892365e-01
1.223560812239057882e-01
1.118207622429094883e-01
1.253964122532456593e-01
1.928274233058125120e-01
6.629942687547436819e-02
1.030972884730605998e-01
6.096259973246059838e-02
8.954397503399377789e-02
1.280598091248587866e-01
2.023798793651270245e-01
6.993440505758048709e-02
1.116572204007837271e-01
9.482943010757252655e-02
1.984075102471979379e-01
9.018094115545706446e-02
4.901778178322230284e-02
6.153876398812579973e-02
1.400095913324838348e-01
1.669188150425199857e-01
1.110508312545386983e-01
3.866615719137062035e-01
7.653187602297051306e-02
1.776002564725679411e-01
2.754227613471431635e-01
1.566390127041763225e-01
7.228085880771642491e-02
9.502235446942743080e-02
1.341226145976097406e-01
9.017469425118837534e-02
2.133758963753444871e-01
5.851221270347686798e-02
9.146712434728551666e-02
3.495149264258868849e-01
1.291072689766007697e-01
8.227313905869292066e-02
9.427645796041350668e-02
1.858223811344232035e-01
1.251014751031172823e-01
8.611813366431178562e-02
6.163463876374612738e-02
9.352086579471244332e-02
2.127784302744142875e-01
9.017469425118837534e-02
1.059236037984886136e-01
1.142062292438736915e-01
6.444634807838454937e-02
1.153031664425418629e-01
1.994489398765106614e-01
1.327327593420383478e-01
6.982418636724821437e-02
1.142062292438736915e-01
1.602713310293814586e-01
7.587731964790433992e-02
9.017469425118837534e-02
1.096582121684537559e-01
1.079936052581155354e-01
1.020893489921596703e-01
9.425610381403612403e-02
1.070291233284386551e-01
1.439599896936530621e-01
6.725659966607343276e-02
6.929940370889263457e-02
1.147571551269186141e-01
1.468758796658845012e-01
1.643826077447502754e-01
1.415155563744013578e-01
1.897986114199168850e-01
1.906436790276192228e-01
7.195544574183565523e-02
1.229886052496906579e-01
1.143656392305370667e-01
7.174117342603121561e-02
9.848288129658078205e-02
9.933718568514710023e-02
1.058340266813110470e-01
8.598248134067913717e-02
1.153862039310271925e-01
9.499231144831644935e-02
1.521924544685688552e-01
8.998085487808210603e-02
1.210819103921920575e-01
1.916298992618747088e-01
6.135411567198154753e-02
1.577692524521910056e-01
7.457968211436133421e-02
1.383166012644889142e-01
1.431377571513095526e-01
1.289125148182549974e-01
8.783853242336091272e-02
2.827970689752276057e-01
8.569309512129318074e-02
1.460667236017058612e-01
6.963031551588678980e-02
1.125413705055771513e-01
8.391749823344833714e-02
1.614715096390711147e-01
1.624480070300637347e-01
1.154383874774373014e-01
1.189134350767387660e-01
8.285704861120332665e-02
7.644993271116631850e-02
1.468386133234889368e-01
6.109045280866250843e-02
1.919859139259099956e-01
9.704769470467181081e-02
1.449605832823275819e-01
7.457968211436133421e-02
9.326733307032139542e-02
6.754817067318692747e-02
1.437463198082906124e-01
2.966066996658713734e-02
5.450491675714789347e-02
1.062141761047591566e-02
1.838561187173497202e-01
2.966066996658713734e-02
1.177451544566431446e-01
5.450491675714789347e-02
5.892530651778683098e-02
2.258854286739403472e-01
7.313302888255714118e-02
2.200313013539287876e-01
1.675459193282251846e-01
4.095619353233442145e-02
6.469456415627404533e-02
1.886516654740753030e-01
3.587005449677689584e-02
1.226749792027762853e-01
2.613808867415257087e-01
2.966066996658713734e-02
1.520779882072871292e-01
4.306646590623735560e-01
2.966066996658713734e-02
2.092866973771216887e-01
6.979836181493895286e-02
1.976598964283690640e-01
1.409513733160273341e-01
3.235530278882114974e-01
5.201732434524864584e-02
1.320493767738988022e-01
1.113737756611452995e-01
1.815876756058460439e-01
1.113737756611452995e-01
1.122951472140651802e-01
1.285964933632330331e-01
1.798502971066894274e-01
1.962128925593932816e-01
1.410749010886273302e-01
1.970703026144547954e-01
1.095030523551455692e-01
1.264194227276429772e-01
6.503903396223802147e-02
1.846722779151241667e-01
6.159031484005506041e-01
6.072533326279424409e-02
1.439236657525163054e-01
9.205618683677875558e-02
1.796573661695263224e-01
8.472154960761783815e-02
1.154547029354051346e-01
7.899495082368872267e-02
5.799235742426751133e-02
1.036580574781935798e-01
8.886665631944758170e-02
1.327704014294238677e-01
5.306159185848711296e-02
1.668439896456971605e-01
1.367201513609959118e-01
2.677195319441691979e-01
6.338054418313580907e-02
1.604181049264338521e-01
1.505707920985809023e-01
4.041546575045423112e-02
1.664130309316683431e-01
5.702797893018118902e-02
8.789840712824112390e-02
7.761479326360917752e-02
2.361279736811897623e-01
8.838264582887758736e-02
2.186535804540223060e-01
2.151004781421754497e-01
4.760749192576031047e-02
3.190258070443751648e-01
9.079710408145844069e-02
2.987491327421022691e-02
4.756566795125690555e-02
4.851088357040675980e-01
9.951611649105697455e-02
8.909845943360913956e-02
2.146469743647090866e-01
5.794215795453083739e-02
1.539502854777959340e-01
1.261245304875599216e-01
2.500193690729936580e-01
1.586981421171013151e-01
1.498773305545356704e-01
5.661921450428665514e-02
2.051752290674169754e-01
1.638570968839154762e-01
1.063075452620077244e-01
6.403796520197685416e-02
6.114510077902868268e-02
8.271372631899327754e-02
1.218122845220104417e-01
7.970506049172541851e-02
1.483994259373003499e-01
1.262514581296136640e-01
3.862427863748104095e-01
2.224283589592681853e-01
1.725682577071240842e-01
1.034909766416430288e-01
1.761587692306807174e-01
5.577291408717015980e-02
5.375707738751528408e-02
4.786334236302502293e-02
9.712921122485561332e-02
6.484098835795831794e-02
8.633496438497427483e-02
1.048087854345267911e-01
7.254132733138221600e-02
1.813458463376083352e-01
6.719367627324737691e-02
1.034909766416430288e-01
1.120535628415790935e-01
2.391932678179631566e-01
1.175124450523493957e-01
9.064743993705957903e-02
1.371279665286378180e-01
5.712062926030755938e-02
1.211189426222204907e-01
1.045190987259238535e-01
1.351324046327946060e-01
1.176643058002525138e-01
8.571973478906204369e-02
1.640855518419744863e-01
1.764739005071507827e-01
1.198607462900282000e-01
1.728771351907509857e-01
7.834619545279218611e-02
5.726599930623277324e-02
1.116907522713407319e-01
1.067601942283065014e-01
6.663668210382968360e-02
6.253994241005073063e-02
7.763176528079150651e-02
1.906943323127067713e-01
5.417771700901736348e-02
2.730567061526606443e-02
1.623533245681559600e-01
7.130613084155346115e-02
1.054297417325485015e-01
1.302494594100937209e-01
1.794988409369223659e-01
1.048438593094805915e-01
1.215080965352401676e-01
6.067051229774521326e-02
1.079537407624177603e-01
6.101920437947735976e-02
3.651916798033970624e-01
1.238015333323455591e-01
8.360457142614516335e-02
2.229149006481929984e-01
8.364754364438459211e-02
6.134340471693849189e-02
1.411888376071466777e-01
1.097576263570445437e-01
1.320525119838217576e-01
1.411395958717979460e-01
7.849127581165220302e-02
3.837601734906079254e-02
2.735926240596460168e-01
7.820269450780954756e-02
4.665597560514272990e-02
4.167534347680677820e-02
1.002828928675694037e-01
1.067535330721678527e-01
3.279097903345125076e-01
5.243474530912048404e-02
3.768504748409937793e-02
1.037811469225881356e-01
5.543244642206063971e-02
1.273205110125827932e-01
2.713506429392738284e-02
1.803089685330703795e-01
9.018298436526854533e-02
3.384006845414729847e-01
6.963217650438757733e-02
2.039502009743106026e-01
1.480378582176341273e-01
5.719143851303573611e-02
1.064886456054940367e-01
1.519537342495748400e-01
1.387415965132939577e-01
1.437465817448402294e-01
4.799858325849585411e-02
1.854808650261774716e-01
2.384304762926018340e-01
1.171642034211249211e-01
1.211775265413930769e-01
9.780420526950797666e-02
6.229451931729075576e-02
5.722221454359153331e-02
1.011323940407373861e-01
8.374131280241474407e-02
3.815053887905507923e-01
9.026156870091524287e-02
8.358987585376989604e-02
4.279386294931145085e-01
2.312395391369294340e-01
1.302228711071937162e-01
3.570250103788036866e-01
7.218838242953361239e-02
5.984413937298942859e-02
7.303826272758161264e-02
3.036329601549959678e-01
1.333224147579619989e-01
8.399724892488051597e-02
1.251905276834370251e-01
3.167090347996547040e-02
5.233540029923811066e-02
9.440675479989234231e-02
4.065213800125748178e-01
9.199259082955441036e-02
8.179512901552449256e-02
1.007648207084159281e-01
5.111465923236568898e-02
1.281615105713393987e-01
1.012833405155230820e-01
1.314070051033377207e-01
9.627721608131349640e-02
1.007297375239867149e-01
1.025263336099203060e-01
3.086475058251285097e-01
4.486810041504241120e-02
4.517306875419367374e-01
1.102028385253727427e-01
9.923705648109935884e-02
6.103383677032654664e-02
6.114829399556123701e-02
8.373075672194860153e-02
6.733289638320805182e-02
7.950042613058726226e-02
6.966105179769858935e-02
1.241107319103878087e-01
9.159585602305496399e-02
1.052711766586105629e-01
1.986582144573382502e-01
