1.982418119009530244e-01
1.322783047813235191e-01
1.012999858571182743e-01
1.238521729174952707e-01
9.177990010283686162e-02
1.238521729174952707e-01
1.357074279831146368e-01
8.244202816402534939e-02
1.241038053833447702e-01
9.429401636947266907e-02
1.179007598084712422e-01
8.964061082012760029e-02
1.982418119009530244e-01
1.053290502757916192e-01
1.316166209310984103e-01
1.357074279831146368e-01
1.037864088282248048e-01
1.062692028016915674e-01
1.499315090041646870e-01
9.429401636947266907e-02
1.238192695737513754e-01
1.238521729174952707e-01
1.230273929470314664e-01
2.107717362726439780e-01
1.126222370155286756e-01
9.142106966819656122e-02
1.024494687059944731e-01
7.544253890440349997e-02
1.188567743436629159e-01
1.238192695737513754e-01
1.238192695737513754e-01
1.185200191016310134e-01
8.052012815077896901e-02
8.531639276092049806e-02
1.131476014122814316e-01
9.836018180211691941e-02
3.808235779396766940e-01
1.534443225236424291e-01
1.162835952815742951e-01
1.238521729174952707e-01
2.116009163268795512e-01
1.147475618327832153e-01
1.201475531667235697e-01
1.198915947891300432e-01
1.107938465500715314e-01
1.167881935377251268e-01
1.127963852012419249e-01
1.198760257112384264e-01
1.917526453020011734e-01
1.234390146504719260e-01
1.198541334541288333e-01
2.550823352500497521e-01
1.198622969716275216e-01
1.454230325910928212e-01
1.938431314768489511e-01
1.592500094837389357e-01
1.198760257112384264e-01
1.198541334541288333e-01
1.167881935377251268e-01
1.295387087102999324e-01
1.198758753370899183e-01
1.283764010372750453e-01
1.277785306409872090e-01
1.109529370631903294e-01
1.029427823477048337e-01
1.198747916508699635e-01
1.198879908223058621e-01
1.100808641857299458e-01
1.204976965589508314e-01
1.198758753370899183e-01
2.663135274800419450e-01
1.198911400162860907e-01
2.238183725061953233e-01
8.722081821816973779e-02
1.198622969716275216e-01
1.949771564751048292e-01
1.198622969716275216e-01
1.336531008420610567e-01
1.328220510986171943e-01
1.201756916360889604e-01
1.071750448218243279e-01
1.588811688366115193e-01
1.222675846546068257e-01
1.071750448218243279e-01
1.303471830431401912e-01
1.214783803435577209e-01
1.219224205186648646e-01
1.248030649298744882e-01
1.261536989183043855e-01
1.154591529906567882e-01
1.370422317666228906e-01
1.105143302607432404e-01
1.364423619217410011e-01
1.377410255416121332e-01
1.071750448218243279e-01
1.139945798926475101e-01
1.142868667116369308e-01
1.315691179335413685e-01
1.232359911395729674e-01
1.698935510092330903e-01
1.112234043339641043e-01
1.348918955706580602e-01
1.142868667116369308e-01
1.268968447340662054e-01
1.567343817653038263e-01
1.071750448218243279e-01
1.391220859439701585e-01
1.159777959739304726e-01
1.217458961386396615e-01
1.068902744942970412e-01
1.099405646438108008e-01
1.169591368955072569e-01
1.103502468746189458e-01
1.146840940902062178e-01
1.268841684887378196e-01
1.121830677304897078e-01
1.211404925079884315e-01
1.263993031017568991e-01
1.823097709467511596e-01
1.338524497961243731e-01
1.277702420957677887e-01
1.329852191537937711e-01
1.318580182684536417e-01
1.210356528079502558e-01
1.079686589798209695e-01
1.347118131899442683e-01
1.011132808874295047e-01
1.294443760546542810e-01
1.135050496116695590e-01
1.270225565065410400e-01
1.309707685661439802e-01
1.084235728026957807e-01
1.028867853502961893e-01
1.258570646535102366e-01
1.289256504655612312e-01
1.603175618683275461e-01
1.277702420957677887e-01
1.474941766586695402e-01
1.309792950607570339e-01
8.511987769596195130e-02
1.320356787346229632e-01
1.800756578733685165e-01
1.329852191537937711e-01
1.320356787346229632e-01
8.577184449205114969e-02
1.298174818064013192e-01
1.285954996677609596e-01
1.320356787346229632e-01
1.236228044954040678e-01
1.138491495844888013e-01
1.245674928860902309e-01
1.559115639331094261e-01
1.287848620190501781e-01
1.219997056631474258e-01
1.320356787346229632e-01
1.263910755832116373e-01
1.108651400743975307e-01
1.086998167725170550e-01
1.277702420957677887e-01
1.005897006402487331e-01
1.098897163614738354e-01
1.068778996525022729e-01
1.157777244729384786e-01
1.157777244729384786e-01
1.158229910945210439e-01
1.529254363295688424e-01
1.157777244729384786e-01
1.307500384158168660e-01
1.157777244729384786e-01
1.054055554075991330e-01
2.016040461273769235e-01
9.659013401512624164e-02
1.139297051275617867e-01
1.081764524692614970e-01
1.003027935106755031e-01
1.074483974017182569e-01
1.000248473671836308e-01
1.054117631438339781e-01
1.056536520615849323e-01
1.494088446477705168e-01
1.157777244729384786e-01
1.197002075296747514e-01
1.514726742452776331e-01
1.157777244729384786e-01
1.448131699870773836e-01
1.157777244729384786e-01
1.165180312289053055e-01
1.774584234521061621e-01
1.059096954041663791e-01
8.248825914872119636e-02
1.106889051366318488e-01
1.001311377562759536e-01
1.479495214735735975e-01
1.001311377562759536e-01
1.006521997827534709e-01
1.481455606778950829e-01
1.165266102517426294e-01
1.608924060820230151e-01
1.058742522601428260e-01
1.186558455596477407e-01
1.309624784122809804e-01
1.264627524336806863e-01
1.281873306038639471e-01
1.240319280727613799e-01
1.176850760227003689e-01
1.176850760227003689e-01
1.274281404216740243e-01
1.266092376933129204e-01
1.237880524104359725e-01
1.244448129493948563e-01
1.256626345183485260e-01
1.255832872936794575e-01
1.274281404216740243e-01
1.266092376933129204e-01
1.274281404216740243e-01
1.421083767092215233e-01
1.336152834621097962e-01
1.387621179478840394e-01
1.405260682748760426e-01
1.221298401273264306e-01
1.309523253018296807e-01
1.232387444085788347e-01
1.333987485242931204e-01
1.305908931932537320e-01
1.137324205479354339e-01
1.375758817973279646e-01
1.306796384509644748e-01
1.306796384509644748e-01
1.274281404216740243e-01
1.328277144605288229e-01
1.283410416575513358e-01
1.213383088854084885e-01
1.331317484185086664e-01
1.331865631618414092e-01
1.247288966468596411e-01
1.307830343689987962e-01
1.330054879561481385e-01
1.259250848662814559e-01
1.229239465855003904e-01
1.274281404216740243e-01
1.260648967160048761e-01
1.162848876163362216e-01
1.474827292501355025e-01
1.432966574277095562e-01
1.206636400437876566e-01
1.432966574277095562e-01
1.638486323867298089e-01
1.235417297633647354e-01
1.324876837065396551e-01
1.356793941922302960e-01
9.788492576922756816e-02
1.168528869568543072e-01
1.233140251052295411e-01
1.044901903970103796e-01
7.724132333493548275e-02
1.216766871250064691e-01
1.382186987947104373e-01
2.127173050813110922e-01
1.557287415503395278e-01
1.673111667353078535e-01
1.327202847192847646e-01
1.083893258433900192e-01
1.215183254488818448e-01
1.135785977889316178e-01
1.140098557432392690e-01
1.140098557432392690e-01
1.234423653345296523e-01
9.057890847011564051e-02
1.414426470887632792e-01
1.089648160436381269e-01
1.332951136186885654e-01
1.671677905329022051e-01
9.422373648474319241e-02
1.083893258433900192e-01
1.233140251052295411e-01
1.857702733876479828e-01
1.489562435861480905e-01
1.356793941922302960e-01
1.445159389748449930e-01
1.156808462412206584e-01
1.197707956619937092e-01
1.342247982872205037e-01
1.105326907732452901e-01
1.197707956619937092e-01
9.943104104698007040e-02
1.197707956619937092e-01
1.670234350889823194e-01
1.197707956619937092e-01
1.361180560494636982e-01
7.391923543839649946e-02
6.855243729638708927e-02
8.272936170975947467e-02
1.474309273142969667e-01
1.271844719140602376e-01
1.013697534865196370e-01
1.072582986505022651e-01
1.417936347286790910e-01
9.191909744770508650e-02
2.804679528275565159e-02
1.100868429639007273e-01
9.191909744770508650e-02
1.194888670984477902e-01
1.244095567022920623e-01
1.376662741173041993e-01
1.197707956619937092e-01
1.074539954253651564e-01
4.005154285749270432e-02
9.943104104698007040e-02
9.191909744770508650e-02
1.543102210073308000e-01
9.527477599381276030e-02
9.703342153306712681e-02
1.474309273142969667e-01
9.967150075871497594e-02
1.355756651646265742e-01
1.465777865933672597e-01
1.465777865933672597e-01
1.194888670984477902e-01
1.736895636081917937e-01
9.412725357465669129e-02
9.871462591397162090e-02
1.477003266823896099e-01
8.129347096918086713e-02
1.144768619164069356e-01
1.200194933824591387e-01
1.588112387842012807e-01
1.211936892956105988e-01
1.394046634787918237e-01
9.184275607613125170e-02
7.310166439416099227e-02
9.281843112810336804e-02
1.240365253359668601e-01
1.091436324259812268e-01
8.376519248160928244e-02
1.297529601830122725e-01
1.209031207730189988e-01
1.394046634787918237e-01
9.998849544407567569e-02
1.606633835431844071e-01
1.413987028093745268e-01
1.335528930172035778e-01
1.329333685205092153e-01
1.251573094606911740e-01
1.228792446750680972e-01
1.325369241776856166e-01
4.147198531952734496e-02
1.297056304505602997e-01
1.069874411292980332e-01
1.042722514547763241e-01
1.068363262232373684e-01
1.092812985851771002e-01
1.015766218359920592e-01
1.394046634787918237e-01
1.211936892956105988e-01
1.229868684788273936e-01
3.128483706543002119e-01
6.323062533058591839e-02
1.062980212562855270e-01
1.211936892956105988e-01
9.792171279850493681e-02
9.348794440509786141e-02
9.826664204032833916e-02
8.922945197656782790e-02
9.667931260401980975e-02
1.393583374960541965e-01
1.939773761485383829e-01
1.367804003820343728e-01
9.738651020395759639e-02
1.300882495586586363e-01
9.738651020395759639e-02
8.382297142160642645e-02
9.635996643978242404e-02
1.468711653499932823e-01
9.792171279850493681e-02
1.308493651812518699e-01
1.216573729681847266e-01
1.274523771633834512e-01
1.299426645751215470e-01
9.686888548886064820e-02
1.369152076888526248e-01
1.511321350459433333e-01
8.922945197656782790e-02
1.462775460173938169e-01
9.826664204032833916e-02
1.103130784452553553e-01
1.977933464953659515e-01
9.850292804379556788e-02
1.205934503237215544e-01
1.122036585275580367e-01
1.074947228624187068e-01
9.665002772164305034e-02
9.850292804379556788e-02
9.542903003806031681e-02
1.410509707163979665e-01
1.515467520460636597e-01
9.745303911590738610e-02
1.035672613823580279e-01
1.736317373083861859e-01
