1.284571985821502949e-01
1.488053796895528191e-01
6.910654398839051471e-02
1.259371214699566699e-01
3.499171769574147689e-02
1.622231931839490104e-01
1.804487911834642133e-01
1.115202009966170804e-01
1.435734762149237786e-01
7.652250458736149785e-02
7.767464607529461773e-02
1.950099490024091997e-01
1.420394334758348642e-01
5.328205841029177298e-02
7.790916272107102636e-02
1.201320192065618436e-01
7.792668036442308710e-02
8.022736373514747221e-01
6.910654398839051471e-02
3.499171769574147689e-02
1.059046996268787622e-01
7.795979169153072208e-02
6.910592489229781810e-02
1.010573474545488071e-01
7.795153100299399840e-02
3.499171769574147689e-02
1.060501217665811152e-01
1.202606611267696690e-01
7.795979169153072208e-02
7.795979169153072208e-02
1.405170338353975978e-01
7.795979169153072208e-02
3.499171769574147689e-02
8.511407730784593950e-02
7.786695958658060301e-02
1.115202009966170804e-01
7.788174582567726489e-02
1.200792173876523705e-01
1.483221523400638509e-01
3.008885918799116821e-01
2.884198998026362565e-02
1.050515539238352641e-01
6.769029107075218155e-02
1.386430258877847377e-01
1.054204622123988133e-01
1.397991747695566944e-01
1.953752658247652207e-01
4.744821176378208327e-02
1.160657223838962304e-01
7.678101050645870507e-02
4.207525919998100078e-02
9.174817472739058011e-02
8.323490767355203046e-02
6.941162677133987102e-02
2.146168435375028771e-01
7.177165027138115994e-02
7.427255790251556522e-02
5.219466156862762746e-02
5.791439586615407947e-02
1.181688613709060282e-01
1.051115371817944177e-01
1.810114960707117637e-01
9.749949151837250527e-02
1.220803629725767669e-01
2.824366618904611825e-01
1.063154892148057973e-01
1.049172832771909092e-01
5.219466156862762746e-02
2.188424906613856968e-01
1.560809913756398826e-01
6.987683172995565184e-02
5.000000000000000000e-01
1.003626089005899558e-01
1.648807107241218872e-01
1.282356567726438412e-01
4.719483755403201530e-01
7.492470827600386518e-02
2.884198998026362565e-02
8.922733525697378043e-02
1.050644131908046314e-01
9.142076726660018637e-02
1.387856931651423875e-01
7.933479615242797212e-02
2.150861386372943940e-01
8.206952103427424261e-02
1.323070843788244078e-01
1.536305845985755092e-01
2.434970442261412682e-01
1.145255337556662090e-01
1.067061486521227037e-01
8.156402919361172010e-02
1.290517583797942125e-01
1.890306804712381383e-01
5.669703267573430322e-02
6.124452096252878952e-02
5.669703267573430322e-02
6.768549458846191691e-02
5.498964226912596287e-02
1.992206727298338198e-01
9.712808144834232660e-02
5.669703267573430322e-02
5.669703267573430322e-02
9.596558294500445729e-02
6.578232501998097781e-02
5.669703267573430322e-02
1.064024965502829850e-01
7.495002471538952937e-02
1.809003492227248544e-01
8.551025979225633511e-02
5.669703267573430322e-02
7.912535440585073687e-02
1.517259556807212251e-01
4.698693345729603593e-02
1.147458476485457429e-01
1.791466200380480711e-01
1.055611324247908295e-01
5.498964226912596287e-02
1.350904575143780095e-01
7.195410993076585549e-02
1.054134593447638713e-01
9.687343930682526527e-02
1.968734670895483096e-01
1.141190418974087073e-01
8.680464926002112724e-02
9.430268040549931452e-02
9.690797055348669697e-02
9.686568891536459502e-02
1.080130692456160307e-01
9.686568891536459502e-02
9.686568891536459502e-02
5.751710498249477943e-02
9.686568891536459502e-02
9.686807530539448541e-02
8.178181496672667916e-02
1.580137393929030853e-01
9.685989134142904133e-02
1.558780079111267980e-01
1.342127413251974211e-01
1.406794509919893910e-01
1.065769773493394634e-01
1.408596693331561900e-01
1.394324944461217408e-01
2.100035289153243112e-01
5.196116262459720553e-02
1.172619154604750136e-01
1.031977933076978216e-01
2.437887831908944758e-01
1.589899179265928109e-01
1.067798545568623136e-01
9.273866398431086788e-02
9.686568891536459502e-02
5.493434918723241744e-02
1.656858492472176314e-01
5.196116262459720553e-02
9.686568891536459502e-02
9.685989134142904133e-02
1.709972514318505998e-01
9.685989134142904133e-02
1.044425671652023102e-01
1.965647553368488898e-01
9.481934821817149250e-02
7.351378349108320109e-02
9.005566440766897551e-02
2.331582559478957151e-01
1.465815036717583453e-01
7.351378349108320109e-02
9.006791139095747523e-02
9.005566440766897551e-02
4.047096164843072552e-02
8.991210321912823655e-02
1.007765445986001374e-01
4.676541721793935347e-01
2.126329694963801087e-01
1.659711183181342975e-01
8.548380296106357357e-02
1.230356876679167266e-01
9.005113451731071306e-02
1.925648698756708688e-01
1.207331348659912151e-01
7.351378349108320109e-02
1.164004641212602192e-01
2.350727431127482558e-01
7.351378349108320109e-02
1.264845584061489447e-01
8.986468831062109641e-02
2.256623020607886054e-01
1.571608405635968320e-01
1.830646024229456714e-01
1.307898481397562485e-01
8.179093183730354322e-02
9.006791139095747523e-02
1.585032497360079895e-01
9.006791139095747523e-02
9.006791139095747523e-02
1.194210756908735682e-01
9.846959512962516481e-02
8.345142107400489728e-02
1.980321166929563670e-01
2.003231800599371559e-01
7.279020499589450299e-02
1.311386897048699429e-01
1.011421988707933151e-01
1.311385769963976933e-01
1.370029539987153433e-01
1.011142752338585055e-01
1.011049160012533754e-01
1.339657767512551778e-01
1.307609222552179595e-01
1.307540623055104823e-01
1.311388606026021864e-01
1.011043329935915752e-01
1.311383572506935880e-01
1.353358849681454423e-01
1.311367533854510270e-01
1.302048543321138452e-01
1.307955114409752873e-01
1.311388464629575368e-01
1.011421988707933151e-01
1.307580826619275105e-01
1.011421988707933151e-01
1.011421988707933151e-01
1.310098901696181151e-01
1.011421988707933151e-01
1.011421988707933151e-01
1.011212839303540917e-01
1.347007082515674914e-01
1.311387971644125405e-01
1.315964831669184931e-01
1.311435658712387653e-01
1.314193624012925943e-01
1.299408893908032270e-01
1.011290914546033592e-01
1.305058162259317700e-01
4.403059401075337664e-01
1.010997288861275184e-01
1.355186054044709432e-01
1.311386424022852881e-01
1.011421988707933151e-01
1.302773208408582462e-01
1.369236520422980607e-01
1.705444489410184172e-01
9.414282800646102400e-02
9.861672567351882635e-02
1.459059529229876917e-01
1.320673669087275293e-01
1.263877514732596463e-01
9.417360741847718986e-02
1.327185754730212108e-01
9.419950960227102543e-02
9.420702071639655562e-02
1.280132092463467652e-01
9.420702071639655562e-02
1.164769066330853808e-01
1.213502019632700241e-01
1.360013381446040226e-01
1.336304329619454889e-01
1.476444517235341869e-01
9.414282800646102400e-02
1.264896472866927080e-01
9.419950960227102543e-02
1.304141239449401191e-01
1.081492182912730943e-01
1.112922018996301415e-01
1.192677424922517909e-01
9.416826230212786697e-02
9.415483794944196072e-02
1.547599823390894969e-01
1.411413607361844957e-01
9.103986817945457222e-02
1.355298479444578263e-01
1.052457771834522382e-01
9.419950960227102543e-02
1.335891158767105735e-01
1.383802827331311047e-01
1.452360092625422650e-01
1.059601284685026262e-01
1.582587917181481618e-01
9.414923461899474266e-02
1.107164890579482447e-01
9.120319622397791981e-02
7.673874642685583891e-02
9.270006002114496158e-02
6.599155912746680619e-02
1.186340784284441452e-01
1.162635795125378652e-01
1.769426857847733736e-01
1.036176875275078846e-01
7.741485648306016543e-02
9.548723565302157101e-02
1.392099269483357549e-01
1.517456116468821059e-01
2.974451761401202821e-01
1.152540945546477735e-01
1.154572530468390701e-01
2.395344159866712452e-01
6.440952981587337589e-02
8.052597424435822826e-02
1.154242442071677088e-01
9.616582978443280472e-02
8.821089230450661345e-02
1.061822528290975037e-01
1.698135616397842829e-01
1.248259298330090250e-01
1.046233551149251262e-01
7.699765195922780858e-02
1.300081466545033593e-01
6.801375058715143640e-02
3.074202282947786080e-01
1.152540945546477735e-01
1.123728201966851664e-01
2.113060443829717638e-01
1.152540945546477735e-01
2.101854052089219826e-01
6.770576166378861060e-02
1.152540945546477735e-01
1.152540945546477735e-01
1.236790123175023903e-01
5.940139480470323780e-02
9.227483359320960699e-02
2.425965979591030441e-01
8.016585218614741271e-02
8.014782861495128863e-02
8.033683566827963529e-02
9.604687183073372381e-02
8.010603742003050143e-02
1.647645246598411495e-01
8.033683566827963529e-02
8.020214931354144317e-02
1.432863257343636731e-01
7.673415423141831393e-02
1.264332110947600507e-01
2.647745682599020670e-02
8.011839735862297252e-02
1.066990792960155060e-01
1.625872755483392662e-01
1.162010633168070045e-01
1.658220132490138554e-01
1.669581896849048341e-01
1.693795764696920947e-01
2.209101768283012190e-01
1.903851548473726452e-01
1.087713873439080103e-01
2.789254976988283508e-01
8.019531461048994003e-02
8.025002168501083055e-02
1.857895863612382126e-01
8.010603742003050143e-02
9.662878616536031695e-02
8.010603742003050143e-02
5.498453874549828757e-02
1.191140413559292760e-01
7.368066286097255113e-02
5.066629210975970299e-02
1.867614566162306977e-01
3.288084707482547553e-01
7.354484080923806566e-02
7.990523821314823305e-01
3.717037404818450130e-01
2.180548932978040311e-01
2.268112636082464939e-01
1.154365938795348656e-01
5.839373937606636561e-02
5.913201889076340201e-02
7.003005298513229060e-02
1.136859576363239421e-01
1.093481307272847758e-01
2.359154194175455688e-01
2.974174850593094832e-02
1.102361282424405564e-01
1.136527074635313439e-01
9.427015526840708259e-02
9.637409914432026881e-02
1.098493623906609123e-01
1.136859576363239421e-01
7.214443198638599564e-02
7.295633400065169860e-02
1.136483153120904505e-01
1.136859576363239421e-01
8.135539224424061244e-02
1.136770379187813651e-01
8.529627039039910930e-02
3.208622208949433174e-01
1.635244399143550020e-01
3.345744603475389045e-01
1.733664851161048071e-01
1.176641758526359299e-01
1.136527074635313439e-01
1.061620370105181843e-01
9.557347590097874102e-02
1.137050591430108920e-01
1.136527074635313439e-01
1.613493277143840110e-01
2.885331778717226681e-01
1.112802270062967225e-01
1.136859576363239421e-01
4.494517414723774723e-02
