2.438836575391717665e-01
3.916994069866448491e-01
3.166954376895089185e-01
1.750924008024388745e-01
2.052598012465759458e-01
1.974119831955795379e-01
4.638580829870773137e-01
4.830071561781159040e-01
2.124189872862111417e-01
1.807861114362558363e-01
2.728703507833477593e-01
2.334508830494689269e-01
3.556435469868663990e-01
4.891371567395633724e-01
3.082926972785818287e-01
2.037203797658050930e-01
2.457651907740157349e-01
3.979087009251958684e-01
1.587248105006140719e-01
3.100606054352857965e-01
1.843604697934269621e-01
2.591334845181931801e-01
4.453777994952921593e-01
5.525956891973127227e-01
4.268670360465480207e-01
2.424821212463628695e-01
2.503542796432154938e-01
4.218938293585977606e-01
2.520656513896610273e-01
2.469187120813073621e-01
4.277000150926247302e-01
2.469187120813073621e-01
2.917199480887710528e-01
4.170578905745849774e-01
2.124189872862111417e-01
1.955989505778715498e-01
2.199307674125181022e-01
2.010237097882571489e-01
7.499177441114470710e-01
1.812670448138302137e-01
6.708889954200764061e-01
3.099424252237145683e-01
4.490970939413574947e-01
2.946961704718109587e-01
2.954980884159595922e-01
5.864280629475743245e-01
4.701885302557511914e-01
2.740939711580048788e-01
2.059980751585743786e-01
3.922810740444232502e-01
1.910010653370167455e-01
1.429879506424726887e-01
5.765806977520623322e-01
2.124189872862111417e-01
2.742390205751245036e-01
1.503502559420090978e-01
2.585393688387777056e-01
7.203610050907877094e-01
3.635229572549763533e-01
3.645443470499959981e-01
2.889790357876640958e-01
7.248209618805294685e-01
2.124189872862111417e-01
2.650414499047193950e-01
1.963586194909666682e-01
2.243235838119437831e-01
5.854064349184930904e-01
3.856430726404698750e-01
2.101856146421216820e-01
2.358331501564820132e-01
2.124189872862111417e-01
3.095953147398396443e-01
1.587248105006140719e-01
5.225290033599546691e-01
1.494608693777581543e-01
7.333899498891938151e-01
3.392911953699564442e-01
5.157039576731955455e-01
2.730427428224728725e-01
6.489395341580710408e-01
1.681461394527074271e-01
3.755194030282235085e-01
3.553552879148211829e-01
1.684570121499516238e-01
2.019808211371721396e-01
8.205126559188813395e-01
6.225478495218680353e-01
1.684570121499516238e-01
2.179899315986321973e-01
3.782264197437150699e-01
4.866295365816130092e-01
3.306649573838138512e-01
3.083031094655618309e-01
1.518119061031301120e-01
3.541140717740138277e-01
1.724488568167160674e-01
3.221269047802388097e-01
4.651940154190587484e-01
1.486156947373980519e-01
4.763054702015749320e-01
1.192484707316979753e-01
3.853485781069537208e-01
3.827618220057621423e-01
3.981842254994144015e-01
5.000000000000000000e-01
3.312838804134361492e-01
1.850451255547419516e-01
1.828478660557150137e-01
1.431201192754216200e-01
1.402098719723291753e-01
2.181471259187647838e-01
2.135631713619028926e-01
1.684570121499516238e-01
2.231579409163924888e-01
4.883443443679265084e-01
4.698962594973204454e-01
1.584109581839187597e-01
7.705085089728107572e-01
4.351539624218412894e-01
7.459197796318178808e-01
1.766404296877285285e-01
2.087815360336165160e-01
1.684830621622359081e-01
6.549231038708472896e-01
7.718448807370345000e-01
1.973307725511704580e-01
1.625108387529181631e-01
1.779621582259714452e-01
2.527929629578840043e-01
1.814038963241068336e-01
5.292037128777334898e-01
1.330757011956839597e-01
2.387697969365786821e-01
3.735609122608262722e-01
6.296993479622130518e-01
5.355470580428377536e-01
2.145406855330131146e-01
4.932299961391042320e-01
1.993913500374002168e-01
5.429653517174121147e-01
1.592788306296574197e-01
4.754223705318880167e-01
1.933275619933416400e-01
3.044710465720776860e-01
3.330268899003275274e-01
1.669728332143044225e-01
1.828895838431235099e-01
5.290040537814232335e-01
3.098022383865579599e-01
6.651681695866241695e-01
3.579395822318642839e-01
2.522756344640420534e-01
3.758023206914715142e-01
4.512502754730395305e-01
6.767863329907163328e-01
2.437387717239650475e-01
6.700551842023573235e-01
3.798769593398049205e-01
1.534113056990328017e-01
1.518944117473716993e-01
5.604736940723935579e-01
4.471416568791554136e-01
5.178304083061219254e-01
1.743130290512326930e-01
1.512820440341464123e-01
3.577513138992995945e-01
4.729073738672002758e-01
1.505100321686603237e-01
1.553649631714668911e-01
1.553225183857980529e-01
1.601237588930838340e-01
1.519681324461758798e-01
1.553649631714668911e-01
5.654963297283872592e-01
5.000000000000000000e-01
3.911923090268787373e-01
8.611656424078393268e-01
2.069765586472595009e-01
1.440211790600651742e-01
3.725411044694724172e-01
2.927690157277625937e-01
5.639436300548044123e-01
1.475101545031818617e-01
2.003244046875652107e-01
3.852095024818115165e-01
1.304586220435287325e-01
5.418763575076439576e-01
1.086570581999443258e-01
1.895811214844166093e-01
1.688525758916177844e-01
4.239736692543047969e-01
2.617817693082279407e-01
7.745327197037713551e-01
1.747227733092336921e-01
3.108075929584006580e-01
4.507397154026417940e-01
7.234463796152117432e-01
2.555643320017950693e-01
1.453045774932195944e-01
1.717505734760125247e-01
1.313826789774530934e-01
6.228312073793770276e-01
2.055423221899282671e-01
8.631044576277195901e-01
4.139622578374360651e-01
2.748981775309748410e-01
6.438121707438732022e-01
1.813686269173585552e-01
3.760120409410345754e-01
2.535198481096853640e-01
3.117406841257699956e-01
4.248868144547571224e-01
4.862598283779613895e-01
7.084578896556572580e-01
4.481993471587668587e-01
1.966680873922862782e-01
4.413102026195001026e-01
4.502313842334041971e-01
1.551501105810233760e-01
4.467018160009553207e-01
2.654318902342440722e-01
3.625363600046828672e-01
2.303417002645251344e-01
4.482537581906567703e-01
4.461429969994301636e-01
6.548778860365224164e-01
2.778083007142602701e-01
3.643141691181164821e-01
4.016544446162370052e-01
3.684974987064049134e-01
5.102668960219958194e-01
4.045807953683505653e-01
2.224677790919334930e-01
8.745281350920236507e-01
5.342951038127335961e-01
4.649335691256448189e-01
1.408696585539346291e-01
1.149525160814335589e-01
3.332243044195036807e-01
2.536723889228548190e-01
6.023076369563480359e-01
1.909638283034596484e-01
1.797350868238939414e-01
1.385139243810435683e-01
2.594304162015747539e-01
5.722572513170317565e-01
5.963165741219216276e-01
4.666570731896106383e-01
1.504755052103184942e-01
4.541542681840692874e-01
4.024529571382853832e-01
1.350326792793742348e-01
3.394138696572105984e-01
2.378703904890950294e-01
1.124562588208972147e-01
4.687607948223190268e-01
3.147889690750862446e-01
3.705395581598285859e-01
1.740191610018086144e-01
2.730725093252664992e-01
4.531807694922364016e-01
1.655910138378695051e-01
1.568549768548065104e-01
6.174927981408367961e-01
1.483001386000089572e-01
2.963755663958981268e-01
1.483994865016914633e-01
3.349281154353602186e-01
1.574074018080173776e-01
2.516040350302957695e-01
2.168937665818003735e-01
2.904960143991915378e-01
1.254657739918953185e-01
1.574074018080173776e-01
2.191846722073476916e-01
1.807018845746836966e-01
5.798153401810146601e-01
7.172090567388383908e-01
2.559240493075374268e-01
3.007495955244386399e-01
3.937077154803235168e-01
3.313222409276616598e-01
3.556110477954083637e-01
6.187064366454287923e-01
3.769831844145212774e-01
6.841449139676593072e-01
1.783282688413703188e-01
3.695039622093106990e-01
8.662126958836745549e-01
8.352729703231417391e-01
3.494355337977954057e-01
2.424505316410918154e-01
1.798945312975498423e-01
6.970256683774996853e-01
3.666167885215996791e-01
4.190137770613808765e-01
4.026322627127671971e-01
5.000000000000000000e-01
5.106914126590659242e-01
5.287659387719287896e-01
4.320506089124244720e-01
3.216635298133909693e-01
5.000000000000000000e-01
5.145745740447941197e-01
4.332471794245666419e-01
6.727171679020512718e-01
3.233453258270931885e-01
1.729423615977291606e-01
3.860735614682046513e-01
2.841226693236375556e-01
3.671565020711356486e-01
3.401745710094656316e-01
8.518403743048889032e-01
4.799056784831708944e-01
1.937560568906950276e-01
1.470563026500819603e-01
4.752409901455260099e-01
7.278865681517477926e-01
2.208502139501199724e-01
2.694542250832482888e-01
3.651732057923464669e-01
1.723774477714725417e-01
1.942034545761288922e-01
3.210195820988496207e-01
3.644220904656301219e-01
1.277713196818167085e-01
2.771618180744228610e-01
8.385553837271259026e-02
1.109378021215516735e-01
9.675630690759361163e-02
7.389148344212333186e-02
2.608049399841501081e-01
6.923696145053809259e-01
1.667821944642793874e-01
7.988155569829868963e-02
1.686520268273582479e-01
2.028977316586403623e-01
7.486274623144382190e-01
2.893872209841414911e-01
3.048348347948709458e-01
3.422663652646047439e-01
1.579673062389237437e-01
1.292074762783906317e-01
2.316863257227041450e-01
7.217108661797151381e-01
5.125231195422693675e-01
4.706224257250090637e-01
4.230099065788863744e-01
5.000000000000000000e-01
4.087471167983995346e-01
6.520106468691668766e-01
5.563030259028735047e-01
5.300872740613902234e-01
3.552174932044452338e-01
1.966700721009415898e-01
4.127790811912811497e-01
1.358451575998608496e-01
1.535757844626577107e-01
6.929562218959135489e-01
2.673130417847029983e-01
3.418660978898032665e-01
1.590312961024931693e-01
2.027938275895664610e-01
2.055918493795765578e-01
3.301411385734320802e-01
1.120027316403090500e-01
2.317956957443619292e-01
2.225385623427484361e-01
8.985296085350058526e-02
1.086570644508021294e-01
1.687104119135207636e-01
1.687104119135207636e-01
2.782162995044740184e-01
1.613571392693369244e-01
1.641407074137520017e-01
2.825079632663893281e-01
3.533721250001347625e-01
7.632831370856880959e-02
3.283179701183147614e-01
3.047631280231684614e-01
3.235181041199938767e-01
6.048939276194579273e-01
2.783520522320845902e-01
3.524858905595326664e-01
7.017287807677038414e-01
2.697881942342446049e-01
6.047421744150152101e-01
7.600425350380139999e-01
1.687104119135207636e-01
3.677900406222220364e-01
5.800644645441354053e-01
1.968752773081130780e-01
4.041524601348207568e-01
4.551903448016024756e-01
3.938659600968526520e-01
4.684524782968509937e-01
5.846733452762442607e-01
1.552006115137381237e-01
2.562592627737824147e-01
6.446431925485864856e-01
5.749421473649597436e-01
1.875947151847485450e-01
1.677775152642192735e-01
7.594082045977198492e-01
3.086491818137316878e-01
1.299784373370799218e-01
1.426135092445675878e-01
4.511492797887137196e-01
4.042932819679481704e-01
5.453378835119659929e-01
2.106101438435772633e-01
3.206137998412738055e-01
4.713296273722041296e-01
2.570940258880430318e-01
8.366726476000468926e-02
6.292089032536861692e-01
2.155801113696429183e-01
2.590317245874791952e-01
2.167065465675829528e-01
1.384450311732423611e-01
4.484187970602698248e-01
8.769026362558514365e-02
2.365916642485392796e-01
6.390315484443725991e-01
1.552401750911479028e-01
6.727399679008542188e-01
5.000000000000000000e-01
1.340952204348081767e-01
6.054939092312350279e-01
1.515648878947799538e-01
7.472534448537878626e-01
9.916465534062872400e-02
6.415632608376073409e-02
7.358789606078757206e-01
7.993402226596627580e-01
7.348057827501268680e-01
3.462037564254111244e-01
8.041615579829279881e-01
3.350497955719207166e-01
3.942119917149066177e-01
4.809948293416790310e-01
3.999386210391775442e-01
5.339945413125072315e-01
4.164981785881731180e-01
1.744824731999477241e-01
2.693848623104050377e-01
7.113756533012397520e-01
1.623100665504904061e-01
3.306684096637279580e-01
2.317710535440021535e-01
1.372799762454579298e-01
2.541018426184738499e-01
1.284518456636060402e-01
2.699107028217261339e-01
6.804128313310777720e-01
1.147611126392933806e-01
6.949549272095089103e-01
1.321682941541907352e-01
9.427115787094586530e-02
5.491046201664804283e-01
2.652822324296182921e-01
1.231142678609624952e-01
5.816743004423438612e-02
1.241958930454304388e-01
2.194697700259718165e-01
6.616337878919236193e-01
6.299035884693525711e-01
5.714276180675921246e-01
6.203796653354236579e-01
1.619988131562404565e-01
1.552006115137381237e-01
2.934932452328467556e-01
1.308159110974879413e-01
2.870019074930447722e-01
1.536074534039096329e-01
3.852594966398660281e-01
1.722958743193178377e-01
2.476265358589866961e-01
6.583713028482086616e-01
1.640920431769881671e-01
1.482909500644395140e-01
6.288281496254645164e-01
9.485854789710052026e-02
3.109487032994754374e-01
2.863745007300272372e-01
4.090227384871277239e-01
1.641317274838891838e-01
1.648442724188596831e-01
3.444181026820103408e-01
1.235169406741843945e-01
5.177150948690151244e-01
6.445717433038573585e-01
1.958250690790938886e-01
7.153642840375484813e-01
1.848201425024475208e-01
5.851465094788040888e-01
2.109289575689771157e-01
1.023790364391027330e-01
6.445717433038573585e-01
5.246653522293355243e-01
1.877895288920004291e-01
7.015213038198814255e-01
5.258153746353588787e-01
2.906165511781092503e-01
3.456843941674425102e-01
1.212901367074638304e-01
5.484388256850756260e-01
3.024837362420492171e-01
2.143107043818019419e-01
6.224783813678734790e-01
1.840920112936273445e-01
1.543250741640609935e-01
6.810746186646873257e-01
4.659534414803196412e-01
5.356094515144205204e-01
3.019924705599087433e-01
3.469821908047674985e-01
1.847412593352895371e-01
3.874450696276611206e-01
2.476281172906678874e-01
1.861233191973392931e-01
8.501689270431187495e-01
1.935255908851631623e-01
2.178150425597377149e-01
2.575202428120650366e-01
6.948505418910878584e-01
5.436375243279957248e-01
1.917866593812169174e-01
5.838686447026081305e-01
1.488060556295797976e-01
1.877090981687981053e-01
1.631689845163438735e-01
1.672494756960002660e-01
5.836509989149408772e-01
2.011142014554317126e-01
6.507455497084365659e-01
1.112587025681739950e-01
6.180259392529504625e-01
2.545180021312626883e-01
4.777163040943119832e-01
2.219874092775574459e-01
1.994178055087463541e-01
4.843938563476305470e-01
4.193238989618374712e-01
2.888867185535668458e-01
1.720279073119391766e-01
2.922798703539780663e-01
3.162019466781346710e-01
3.665345520920382238e-01
3.085293732231262909e-01
2.608361471160483558e-01
5.508170931781938284e-01
2.740064127218105328e-01
1.918765532142356622e-01
1.675133690161543509e-01
1.291697877859650234e-01
1.812771868558473165e-01
6.699632629023541952e-01
2.212489021176747006e-01
5.174760600127237264e-01
1.750874800110360785e-01
1.970750759262238916e-01
3.229245532417128195e-01
2.565144547101672057e-01
3.173258609386278573e-01
5.189927597414886185e-01
2.210329703684184299e-01
3.170807879680537233e-01
4.158308035975856742e-01
3.212803609451452824e-01
4.142633078506233191e-01
1.991934827567068134e-01
1.969792984772987254e-01
7.776113147826139160e-01
1.498620586404251775e-01
2.730608521852528892e-01
3.704181852293872423e-01
1.493501229566002730e-01
2.711001336311124055e-01
3.459858455084567908e-01
1.846748503857725265e-01
3.398359888261726081e-01
1.945833334798999781e-01
2.055220136493199345e-01
1.838947244462580399e-01
5.132256032275838153e-01
3.357104121092038262e-01
1.991190326042722447e-01
4.254707659820193832e-01
3.058939562751767927e-01
1.486760205687410186e-01
3.081850626783499414e-01
1.989509390527486321e-01
1.872961844603766579e-01
3.616110811402476477e-01
2.616891398774262023e-01
1.278343124444941969e-01
3.951684409102751427e-01
1.788072379873183460e-01
2.173376019611014953e-01
1.788072379873183460e-01
1.287255292752670643e-01
5.067563842880237202e-01
2.295354831610801338e-01
2.259150089218042723e-01
2.166854835659917100e-01
1.945609115316157545e-01
1.987370465679337006e-01
3.542190926786063510e-01
2.246962725498557745e-01
1.844652433817667303e-01
2.013946589939460963e-01
2.360978481469030998e-01
2.004543153925656129e-01
6.856543217421999792e-01
2.224281923367632530e-01
3.533349265115682813e-01
1.400873882873126530e-01
1.800636330645511152e-01
2.211024110431328571e-01
4.298770376149922967e-01
6.850881982115754054e-01
3.054984106480808648e-01
1.991823768001535766e-01
3.200844866825961477e-01
6.379357912958036891e-01
4.845293775327662589e-01
2.469577830517738770e-01
1.776937947007530827e-01
1.970167280133043597e-01
2.261697569803471641e-01
3.282377579278676905e-01
2.193570232830623634e-01
2.469192603442418310e-01
2.240076282118271533e-01
2.719569768420829758e-01
1.883183008735918595e-01
4.101751759350283355e-01
1.958989686802775909e-01
4.053424280479062669e-01
1.939992559457181243e-01
3.075683233002577954e-01
6.141711648528628276e-01
2.148545453929759375e-01
2.390487283809673846e-01
2.208417119122715322e-01
2.399543566695582220e-01
1.671840656251369073e-01
2.011723040021265174e-01
2.652062924447202152e-01
2.185197232098977094e-01
2.792141982106715603e-01
3.390341382855298069e-01
1.495333134827857846e-01
4.663154975035593286e-01
1.521678684801908710e-01
2.016459570875635821e-01
3.183821544726258557e-01
4.035075769950642322e-01
2.376277354562361666e-01
1.515672729003104680e-01
7.817913163922166619e-01
3.093580962349563035e-01
2.260626268307295850e-01
2.594814956503922465e-01
2.276187559615708567e-01
2.106921545704356635e-01
2.260279755097455712e-01
7.239160022851474086e-01
3.715094660055197062e-01
7.629785112374302125e-01
7.265083748371738981e-01
1.905469718632984977e-01
6.738360590256139426e-01
3.144089938357577108e-01
2.208417119122715322e-01
5.290153436648303842e-01
5.141067187946049000e-01
2.285790327563431146e-01
2.129311428122901140e-01
5.616388696885497023e-01
4.013805253902566483e-01
2.010964269038354180e-01
2.278674110564619382e-01
5.911491083351928522e-01
3.089391301156123593e-01
5.147321922265453153e-01
3.588700580577458554e-01
2.208417119122715322e-01
2.630284312998580343e-01
5.398506300370518041e-01
2.070778840436379165e-01
3.137607320502540098e-01
2.571595759322194974e-01
6.661673308361203416e-01
2.089803709750451821e-01
4.143966129703270385e-01
4.313870374189726631e-01
3.171873732514188804e-01
7.750418583388632987e-01
8.540309329982979092e-01
5.205081105009579101e-01
2.336659563986536736e-01
2.816759405965835183e-01
2.612464589628880618e-01
1.596011211832964183e-01
2.351878371276440449e-01
2.256876657761509031e-01
4.510160039606268545e-01
4.202813764429856325e-01
2.855187862818814315e-01
1.472853950335445694e-01
1.190087083882833408e-01
1.897282720353827556e-01
2.135471553134814238e-01
1.115080559672795985e-01
1.416449218286881251e-01
2.412479005563892831e-01
5.715564873422988024e-01
3.982846925121137360e-01
1.105408800179855933e-01
5.000000000000000000e-01
2.223273931592365527e-01
5.628647133502221456e-01
2.083539379942238867e-01
2.127921994133059047e-01
1.247135601510149377e-01
6.247680783692232120e-01
1.935043664803875185e-01
3.407749385485826510e-01
2.695697794035072370e-01
1.684444915470748316e-01
2.762797775733910055e-01
3.021207282119532933e-01
3.071228538220178717e-01
1.376961503649177798e-01
1.814721021709716220e-01
3.445340608578653097e-01
1.521799938175819322e-01
3.384707075838277457e-01
6.771170045928596171e-01
1.652728197435158752e-01
5.282266313286226866e-01
7.355096591267343831e-01
2.291281986034798823e-01
4.636723134483489717e-01
1.027018943077300794e-01
3.631265816747071273e-01
3.678469644724732257e-01
3.605244591549093269e-01
1.346240447112589111e-01
1.346851261419888535e-01
2.756474717510536965e-01
2.146397170184823067e-01
5.391447670799196512e-01
1.250515901933809126e-01
7.461619926789065937e-01
7.571076327667750627e-01
6.873425215596390414e-01
1.609143147970211740e-01
5.461919451565048211e-01
1.918693560012871835e-01
1.542894248533348556e-01
1.114398393938485637e-01
3.428104835566430642e-01
3.298876672267332388e-01
1.147444951060498652e-01
5.949458401900320492e-01
6.415993527707911648e-01
2.756816476131208060e-01
1.744310855122357118e-01
2.756474717510536965e-01
2.438485771192522300e-01
2.538103574800358864e-01
7.840288534480843730e-01
4.099780037947055034e-01
4.468757779718376955e-01
6.924484457998052456e-01
4.894890132355755874e-01
1.772748546803673553e-01
4.296526906177182137e-01
1.936882463944119559e-01
7.268185915421468968e-01
