2.118051398099199956e-01
4.638221756430990772e-01
3.933808459984493022e-01
1.830524510307104391e-01
1.571352858006271058e-01
1.430513973628404212e-01
5.350606556093164823e-01
4.063382306584331083e-01
1.635575701361113299e-01
1.506339729888748757e-01
2.910108571664786759e-01
3.203313662392555661e-01
3.783570477312800939e-01
4.548987866294320614e-01
3.337591938881842024e-01
1.891606198529854066e-01
2.270042493270561235e-01
3.964281705010579970e-01
1.570461796585979897e-01
5.552723892114559412e-01
3.503989257886515052e-01
4.276838519932054661e-01
4.045018571850745315e-01
4.524552083454767004e-01
2.418617522409307330e-01
3.150648708448727242e-01
5.866913311455066449e-01
2.518544448180439765e-01
2.300471796607550801e-01
5.451226109509610396e-01
1.850120066325210422e-01
2.841298019795127638e-01
7.081494997231826405e-01
2.523564831319323187e-01
3.111628705467103240e-01
2.518873717775876875e-01
6.330633188355717644e-01
2.359937333926037939e-01
5.491623310587390172e-01
3.771998036991153214e-01
3.956646860735363869e-01
4.098259791843927857e-01
3.107322211924332667e-01
4.425962334616455052e-01
3.994354600497821428e-01
2.304074124793454026e-01
1.753599624103127363e-01
4.428328546873259164e-01
1.934541999837764703e-01
1.804856188696102870e-01
5.417426853798144037e-01
3.628772192811256514e-01
1.511395620767619907e-01
2.159692194563105627e-01
5.944629170742604662e-01
4.094833305396162193e-01
5.000000000000000000e-01
3.287849179397920318e-01
7.355112646045010028e-01
4.131943765723316009e-01
3.092729754984149260e-01
5.000000000000000000e-01
4.189607768801376086e-01
3.351294845562298175e-01
1.801913365564193070e-01
2.907211586218457211e-01
1.570461796585979897e-01
3.990857679708981753e-01
1.459019615202576947e-01
6.586492476210881186e-01
4.302761643336738828e-01
4.834930028784747424e-01
5.623706771928973502e-01
1.823402500311362417e-01
2.908315829346713732e-01
3.918134650119578510e-01
3.992821997093971009e-01
1.749294252442598618e-01
8.296702811132768973e-01
4.891602032415248158e-01
1.850002122472073351e-01
3.792705958119171328e-01
5.599616213005871312e-01
2.947031476725590626e-01
2.084579949611090333e-01
2.434792741758402268e-01
4.503447035271124776e-01
1.796538563448458747e-01
5.193814735710802211e-01
4.753565349908872584e-01
1.650310894139766782e-01
2.562398778928953735e-01
1.615552196407391006e-01
3.665004725587281409e-01
3.502470701495244976e-01
3.825209773279624748e-01
4.671997518914225989e-01
1.797612691281253172e-01
2.016894297855714724e-01
1.796597438459817120e-01
1.665193162285100448e-01
1.623951488894906647e-01
2.379284953381993195e-01
3.042137386286920542e-01
2.426930472753386359e-01
4.265425607763236870e-01
4.166511363685975744e-01
1.806958331670982243e-01
8.604398669912864950e-01
3.839678106244801548e-01
5.927890861616877949e-01
2.555084727925484578e-01
2.165034162683963925e-01
1.792106525173685350e-01
5.166664558017843856e-01
6.375414817413852520e-01
2.109657220168661140e-01
1.496509820819653391e-01
2.285279471263202133e-01
2.398598620079847310e-01
1.796002144768335529e-01
6.622140789941988182e-01
1.837529191371859438e-01
3.624183507172027974e-01
3.919585474504818090e-01
7.134284700041904070e-01
6.808224592195709635e-01
2.333554958267169133e-01
4.502761131490324309e-01
2.072673485776799496e-01
5.342444344241752407e-01
4.570598500663431984e-01
2.125947571286049553e-01
2.267151709339532972e-01
3.566295208689404528e-01
1.725345762295383001e-01
2.378703385929440139e-01
4.590810192286740588e-01
4.652289012823599412e-01
5.432088820872079671e-01
3.996037398933691143e-01
3.029207376658594186e-01
3.933076786657969670e-01
1.995572468409391453e-01
1.796559280536605407e-01
5.476819823138023846e-01
4.939997340474238108e-01
3.918341785036545399e-01
6.557226156384963200e-01
2.894657515536495085e-01
4.474391347268860120e-01
1.711376361581028183e-01
1.848542240920199864e-01
3.418796649186534031e-01
4.584653549457198829e-01
1.863372180371272446e-01
1.710879808620074383e-01
1.665620768073216573e-01
5.602001595407363199e-01
3.875839332869591702e-01
4.317820326392365904e-01
4.507732482791766970e-01
8.228185381776277341e-01
2.243028662959939690e-01
1.539197996195774687e-01
4.128927798219603207e-01
2.850343698222400635e-01
5.401274528995614332e-01
2.479465642092932021e-01
4.358658481868988854e-01
3.797940342446309292e-01
1.681382774069210551e-01
4.415101877122438734e-01
1.387996915904554929e-01
2.420652663670685156e-01
1.739183348049092581e-01
4.105811762490231831e-01
2.648202894559355536e-01
6.855833748312556430e-01
3.563617691412722110e-01
4.329896472898569493e-01
6.352544123963075329e-01
3.027469565462918011e-01
1.668385550802705675e-01
2.072029696405760235e-01
1.722303528166181374e-01
6.138980316909731227e-01
3.493049662111554210e-01
7.787737694981986536e-01
3.993702997628308937e-01
1.756005204266958275e-01
6.686781643605552716e-01
1.832349207493717824e-01
3.796202576743745727e-01
2.898552511107940211e-01
3.956222596825865190e-01
3.706459079839377058e-01
4.813610628985174889e-01
6.347106653270578880e-01
5.293163631677668679e-01
2.159078518475119612e-01
5.203759078763700030e-01
4.799684415579689167e-01
1.780002015847921282e-01
4.678252604907842116e-01
3.617557632064338224e-01
1.710879808620074383e-01
1.686572843845708658e-01
1.981793782191297315e-01
3.582356028189740416e-01
2.360603817309223085e-01
2.691288532345897377e-01
2.189375054657581587e-01
5.864130629888680835e-01
2.330952985048589388e-01
1.851427409692675552e-01
6.579450122673814461e-01
3.631460574602778935e-01
3.339229879418929015e-01
4.097675328392497707e-01
4.036797965445189651e-01
5.181629175266091458e-01
3.022727840948786215e-01
2.088537412190037690e-01
8.289819825019931754e-01
1.521433350246154392e-01
3.012575277523729111e-01
4.665934488295479521e-01
5.861706660255324719e-01
4.943039116692273249e-01
3.828581399757568504e-01
3.918853315853332853e-01
1.258231294364073327e-01
3.151329034272560836e-01
1.588691358654047148e-01
1.523555751055007956e-01
3.727738080264796916e-01
3.022120688638643138e-01
3.683717556675147886e-01
1.832844337096282417e-01
2.610715662985366725e-01
3.020824093081366235e-01
2.211821624137114140e-01
1.473178694108777387e-01
3.837190845475911272e-01
1.519829745722341419e-01
5.447739571827366900e-01
2.648181363802765143e-01
1.473178694108777387e-01
2.540712369337148613e-01
4.374894323678645836e-01
2.212363356973209572e-01
2.757267108595378713e-01
3.116895470155919834e-01
1.728327734972590901e-01
1.749508432959739346e-01
2.354173893731671963e-01
1.756219547921205881e-01
4.349273131979260465e-01
7.849081443400843794e-01
2.053230252381478826e-01
3.503871226638532455e-01
3.746402196911269300e-01
3.334604175137302340e-01
3.924598704405620753e-01
4.369592719641759992e-01
3.831091313437713919e-01
4.363587713555576730e-01
4.134303209224529652e-01
7.396840154620726304e-01
8.692310279476760382e-01
2.493597470402533767e-01
1.671155204503059488e-01
1.691815433793140144e-01
5.789006909133462830e-01
2.404691269941934828e-01
8.898647640759659305e-01
1.627956547097477169e-01
4.266673630459005273e-01
4.275539931672610594e-01
4.603805982762176896e-01
2.019627380657175175e-01
2.530005006484565833e-01
1.519829745722341419e-01
4.830092666805387291e-01
4.121567784029759873e-01
4.531606638003273790e-01
5.141065443447276895e-01
5.000000000000000000e-01
3.631481779714499925e-01
5.000000000000000000e-01
4.296606586333240330e-01
3.802121468661776027e-01
4.328827627714074144e-01
6.890730525880450763e-01
3.429767435177322743e-01
5.501699032007358880e-01
2.702465720439778396e-01
3.838713985297193543e-01
4.018672111474447251e-01
4.639705002607222850e-01
3.965840402337019732e-01
1.704999253729510278e-01
3.010229835362790984e-01
2.125970296476154819e-01
3.371428874139238419e-01
1.041874621958826796e-01
1.104329276561405448e-01
3.207588621371764703e-01
3.465255462329501768e-01
1.923516373189908257e-01
1.618847944616598755e-01
6.187257820660067020e-01
1.618156634604286381e-01
2.971233207782240093e-01
6.929948408583932462e-01
4.004908667195328786e-01
3.666748601542481611e-01
5.065259863957036757e-01
1.618324457625336388e-01
1.600420545319670151e-01
1.590827096903016658e-01
2.733904373441385927e-01
1.600420545319670151e-01
5.284389612613905607e-01
7.268607619198862446e-01
4.867368279250569030e-01
3.897425874428853687e-01
4.372209429229026445e-01
6.206603227477686113e-01
5.871278554519163695e-01
6.097970969552937159e-01
4.098231635466586531e-01
3.754729849291594812e-01
1.811649319143546766e-01
3.576261911192111231e-01
4.187713607833493668e-01
2.057455103096562654e-01
5.485743554357334073e-01
3.666314523598261377e-01
4.726721954145463589e-01
1.430522138968920720e-01
1.617107612669146655e-01
1.618382503052981092e-01
2.540236701454096635e-01
3.539286393399275199e-01
2.507426330832918104e-01
1.619932791342300615e-01
1.386250748400251753e-01
3.392857583233744867e-01
1.664634812995818558e-01
1.621722373536684803e-01
2.620447953999998636e-01
1.133243494121871087e-01
5.000000000000000000e-01
1.814003445582249019e-01
4.060404734707034335e-01
4.755344995258253826e-01
3.914945347353745442e-01
5.000000000000000000e-01
2.869123199340228303e-01
4.829182890903022107e-01
4.090310382603606354e-01
4.079306082591027671e-01
3.199248299905655402e-01
2.909145200920850716e-01
4.395338395606068205e-01
1.331162977659220426e-01
3.047496988161613740e-01
5.504605165804398181e-01
8.139619207645127918e-01
8.208854437177092178e-01
6.116111322715036547e-01
3.969231068048298394e-01
1.769232275325738346e-01
2.346084541692744496e-01
3.605278819837189896e-01
3.970398663697057851e-01
3.502273980775812978e-01
1.318696527067632629e-01
3.308982134110665108e-01
4.392190344232403953e-01
4.541134196482916052e-01
3.856204408184694121e-01
4.201679901690364982e-01
3.339516854582227356e-01
6.171345046295902970e-01
3.740962895310506742e-01
5.230073813091794532e-01
1.441885136504953147e-01
3.922222318663416973e-01
1.831240639718089702e-01
4.072625955925361363e-01
1.271785836435780082e-01
3.409000724676538585e-01
1.917325967792015418e-01
3.637713289948966700e-01
6.434558059838090260e-01
6.399236835588187899e-01
3.973891475993500122e-01
3.364199928720105204e-01
3.930737469121552974e-01
2.960804575975880537e-01
8.136042515236097117e-01
1.966823239324317629e-01
1.655393155342183287e-01
6.709989499437170046e-01
7.035084407853109401e-01
6.791308797478702308e-01
4.504415360736923613e-01
8.484851800232680041e-01
3.542837848679517565e-01
4.772599618922401810e-01
3.674106204850976498e-01
3.775179712407614185e-01
4.590789895254272501e-01
5.248929455873749816e-01
1.615225655504456681e-01
3.509760655989550004e-01
5.620706211469895797e-01
3.351169830945149308e-01
2.519603424049884910e-01
2.241412436314158818e-01
3.725252117084161263e-01
2.668165082458459070e-01
3.220814691658519524e-01
1.921246945019745300e-01
3.709739696018198307e-01
5.519482972621605477e-01
2.534396177978593956e-01
7.913801483843171392e-01
1.669801771992875383e-01
2.066629568474018241e-01
3.817188751923227819e-01
2.947749780154635957e-01
1.503489613932246505e-01
1.581640554347754080e-01
5.340291005798105672e-01
4.410735675067415373e-01
8.205089537829935997e-01
4.658059506503220426e-01
4.788370549996510128e-01
1.689084493819865695e-01
3.867578877608529031e-01
2.852802697831928191e-01
1.688783016942334292e-01
1.442352142944854088e-01
3.730509816000366352e-01
2.661694440892236058e-01
5.423078672942006628e-01
3.044880077961156228e-01
4.331236245013443398e-01
1.762330753069434319e-01
3.548812609179272104e-01
4.006604378971487801e-01
1.701895823968359867e-01
4.388732503610708324e-01
3.795099073626518327e-01
1.464598899756636707e-01
3.361064267664404803e-01
6.031986251808809651e-01
3.932730856403233721e-01
4.030527507246213226e-01
1.850346653814157194e-01
6.839628428618829137e-01
1.967026920513906263e-01
1.269223435409553291e-01
6.031986251808809651e-01
4.467932657661166651e-01
1.748985950450666071e-01
6.010277672598641763e-01
4.723953010919051954e-01
3.289778477825853753e-01
2.235740359135121313e-01
9.326227182924390346e-02
2.261308309738034872e-01
4.744828630721161233e-01
1.423070098601793843e-01
5.245731913929819745e-01
1.639653728138088240e-01
7.688487000422381534e-01
1.597862865161182588e-01
2.388761925281774889e-01
4.875381678191009760e-01
3.076062796482073591e-01
3.954789092793002947e-01
2.122495081812666162e-01
4.099325852429359651e-01
2.821490477492563653e-01
4.223676607377184200e-01
8.544700486751792834e-01
1.655270824028550747e-01
2.840627979430304095e-01
3.657853884958923718e-01
4.947724733570207922e-01
3.440919136672425105e-01
4.916032429950325522e-01
1.480843883791957138e-01
1.580566218802212652e-01
1.490194435135724638e-01
1.751767325052338287e-01
7.761472442839429942e-01
1.598435043948682743e-01
7.991054376183424068e-01
1.276754370004466455e-01
6.993370998055904453e-01
1.403994263610665594e-01
4.494831742286138909e-01
2.927067605872503142e-01
3.106353615624761755e-01
2.917363189146197633e-01
6.050426390338229377e-01
5.573426143024275969e-01
3.439656244661268847e-01
4.180210146428599560e-01
2.920967733279117851e-01
2.332721791229243058e-01
3.722640752135130682e-01
2.170367488180019733e-01
3.778911906818582245e-01
3.011097745585050167e-01
4.411928744567344962e-01
2.310277385963498686e-01
2.041166489348029967e-01
2.087141553977983066e-01
7.223996360929003657e-01
2.780637007973518204e-01
3.993361515150595786e-01
2.038523576194379849e-01
2.254234912992324202e-01
3.031979969184634971e-01
2.432275795696698384e-01
3.342315489985255295e-01
5.281670926989083803e-01
2.585435896078281948e-01
2.824230514016942140e-01
3.868795174712142959e-01
2.585145586379408722e-01
3.503255129895168074e-01
2.196662648751216973e-01
7.058550037054064363e-01
1.899453725110415714e-01
3.811247939285583586e-01
3.715074803390774338e-01
1.847536813901550778e-01
3.306685891526019994e-01
3.492613282191903146e-01
2.421381500413654075e-01
4.529983614287060312e-01
2.571366247231982594e-01
2.507119807129623568e-01
2.137497960686095821e-01
5.906684767981226214e-01
3.299359429899964558e-01
3.816549571672290253e-01
3.389722566489495881e-01
1.784952948895156821e-01
3.163202913567165764e-01
2.104848963433343101e-01
2.352980261806863760e-01
3.451823836022736569e-01
2.495074835610238684e-01
2.508075207966702358e-01
1.936577812210424077e-01
2.777242808438551980e-01
2.310893070268171534e-01
2.435113196828854742e-01
2.310893070268171534e-01
2.191898808629703654e-01
4.637533075394696391e-01
2.311237466943320829e-01
2.452817344393400656e-01
2.377866462317977381e-01
2.684629620429870855e-01
4.417556896026506585e-01
2.674724288531297178e-01
2.466607996273011416e-01
2.449485284878266667e-01
2.608033316076860397e-01
7.490187525719611550e-01
3.780789019036515652e-01
1.790101537826485345e-01
2.608758822356722074e-01
2.534530257686016808e-01
4.132476809272260243e-01
2.410553942650889014e-01
1.904512995613848736e-01
2.251743541764539003e-01
2.355398754129323369e-01
3.906733053568200997e-01
5.470607089711778670e-01
2.422273614487821247e-01
2.466525447973822727e-01
3.831922802366952152e-01
4.106184440916961775e-01
4.039445543440527975e-01
3.010409193148839146e-01
3.184946525977628839e-01
3.174058787975242435e-01
3.437293292810057466e-01
2.290773150398927593e-01
4.027867732104526421e-01
2.385515845595831408e-01
2.630877820153583735e-01
3.746092050060439993e-01
2.348091703480675863e-01
3.752204955629487304e-01
7.774112365946008740e-01
2.434133592325755102e-01
2.612960198043639548e-01
3.595690009330911319e-01
2.477943714751779380e-01
2.668277162135804237e-01
2.990727903786764008e-01
2.492537712355332447e-01
3.499820947895463386e-01
3.540771081621297833e-01
2.316232021132277330e-01
5.141577162333099693e-01
2.351337107164885865e-01
2.214881905554435815e-01
3.629550861812445017e-01
4.125149056148462168e-01
4.022099819880551319e-01
2.279962560797055837e-01
5.501995481382729869e-01
3.336903935824828693e-01
2.684068534213814305e-01
2.693451609958487647e-01
3.129612483816960333e-01
2.656709711655394490e-01
2.886636413134706647e-01
5.350910562124313596e-01
3.682070883379525150e-01
6.400427231039778064e-01
5.520397830979556497e-01
2.460981899756746194e-01
4.680261009438131392e-01
3.627029561830290572e-01
4.796873459966995434e-01
4.368235120358128221e-01
3.058752264156978096e-01
2.881303224997964207e-01
4.454052563506191720e-01
3.651759654767053886e-01
2.401764047928930945e-01
3.278545254603864034e-01
4.120406310791399629e-01
3.035050134057101223e-01
4.022828917424203787e-01
2.585432759789509927e-01
4.720832309550869188e-01
3.479511089697337467e-01
4.746745039013675060e-01
2.449993983020521404e-01
3.511004458082196411e-01
2.864350266885693497e-01
4.864156853165555461e-01
2.656580187356337164e-01
3.142088276592853724e-01
2.293143890067833035e-01
2.492537712355332447e-01
3.303406735617896439e-01
2.424997222423755927e-01
7.094451837957578277e-01
6.946384569253089003e-01
4.412136875241787770e-01
2.457365478346980048e-01
3.068240953380464986e-01
3.339359872697079124e-01
2.984058873171503423e-01
3.912423798304247580e-01
4.018849390869203564e-01
2.750451661064529651e-01
1.398784493693040754e-01
1.534752420965903308e-01
2.622573701884747810e-01
3.396501418324769928e-01
1.112183920545682103e-01
1.645956348524292012e-01
3.410172295688116417e-01
6.655133758256814858e-01
4.089621903201593467e-01
1.451546619965048135e-01
5.446130012653501717e-01
1.598590481640044525e-01
2.979955410538112637e-01
1.645735766965890079e-01
2.491193464877345387e-01
1.622523340675954551e-01
7.127976065577218412e-01
2.023422241988978854e-01
3.970411191106893445e-01
1.693567714667074120e-01
1.341949258450763904e-01
2.544065815286081222e-01
2.947524510602163028e-01
2.697151367061761951e-01
1.756563700891517754e-01
1.410389856178428103e-01
3.504298603242879118e-01
4.401077010158261915e-01
6.457581799276994605e-01
1.706029700437600993e-01
1.654032394808788442e-01
4.467422516632092444e-01
5.680410576279937285e-01
2.308473477047298383e-01
4.788528874888504649e-01
1.586338808088550156e-01
2.772095221725437431e-01
4.419787909201140508e-01
4.393874035786586307e-01
1.695619030440135011e-01
1.341949258450763904e-01
1.635853624890012681e-01
3.350560987797797652e-01
4.324188599763251206e-01
1.285456075979499735e-01
5.672938701658825078e-01
6.973957177836110910e-01
6.729466363768891179e-01
1.647071539894452707e-01
5.677716117505524629e-01
2.098597061008990738e-01
1.242263767179147133e-01
1.527866914546082699e-01
4.009381657618070194e-01
2.956656286648663423e-01
1.354819285458886413e-01
7.511100810324690125e-01
6.807318795961276869e-01
2.858671439212593923e-01
1.505006321279573900e-01
2.147169212639035707e-01
2.252089959105741668e-01
8.167502225593967768e-01
4.790149031628838650e-01
3.386393203735467705e-01
6.563198617837443516e-01
4.374423757988538664e-01
3.870435070530387489e-01
2.011585476088363633e-01
6.856855025497142764e-01
