1.615105055463952055e-01
4.097486787556154919e-01
3.873762259179410750e-01
1.470377433669159684e-01
1.193902740333627061e-01
1.060943194869738287e-01
5.363353614484215326e-01
3.798797242794966778e-01
1.308657450740382810e-01
1.403331857145563299e-01
2.841515681551396999e-01
2.969245922217853551e-01
3.353389016351547292e-01
4.775889264349850727e-01
3.372195984427390214e-01
1.770351290605836903e-01
2.407514357593998344e-01
4.072526131161008367e-01
8.636523564674945808e-02
6.466706821728945842e-01
7.657826068806791731e-02
3.219039842659638939e-01
3.955556884896631598e-01
3.899849154710611776e-01
5.278230517330424476e-01
2.158440745025507201e-01
3.007006229695335375e-01
5.617872903576368593e-01
2.629714972309069587e-01
1.715007435918537437e-01
8.203981368967787624e-01
1.358385832364502610e-01
3.569586701944172380e-01
7.760164553107058438e-01
1.363911149749921503e-01
1.847721048675385336e-01
2.105151226876719461e-01
2.868122154858452899e-01
5.468033336720341531e-01
2.415122804770028497e-01
5.274463675384346573e-01
2.357636810914034708e-01
3.745930397700895087e-01
4.657244362744731303e-01
3.006493539171850027e-01
3.659631850205147807e-01
3.774714387220843292e-01
2.735698524946215127e-01
1.051989889548349266e-01
3.936180957779923384e-01
1.818860386956466513e-01
1.717268465493392848e-01
5.190458096935812726e-01
1.363911149749921503e-01
3.432100647323035880e-01
1.082664236442801436e-01
2.030226908918120743e-01
4.528375571846605663e-01
3.863813061336466848e-01
3.555547923773274555e-01
3.151286785493477294e-01
6.465172131914364018e-01
1.363911149749921503e-01
4.032448676946147614e-01
1.363216387421028741e-01
3.195527377893470078e-01
3.889945185443475784e-01
3.915822662695198075e-01
3.094269129445970101e-01
1.590013980231902990e-01
1.363911149749921503e-01
2.195958476643444790e-01
8.636523564674945808e-02
3.692264110700341773e-01
1.427540977530630528e-01
4.732867978332166436e-01
4.164490915923601544e-01
4.454288659333034972e-01
3.881913267744194762e-01
5.469342143632993647e-01
1.341467559465032988e-01
5.590381129474294442e-01
3.713899919719736986e-01
1.388732391086552609e-01
1.141833479998782680e-01
8.514272639651012664e-01
5.760827723187033067e-01
1.388732391086552609e-01
1.808869728905274088e-01
4.247090546422839785e-01
5.698548106064287300e-01
2.992475637573828728e-01
2.577632400322489858e-01
1.655838577290467128e-01
4.121958978964483378e-01
1.390027446467954342e-01
4.846745058232620473e-01
4.430477513036778503e-01
1.191218328795630166e-01
3.502360498462500082e-01
1.155930062857136315e-01
4.102082760698137487e-01
3.951205970414271573e-01
3.792263548135106910e-01
4.911964502335945948e-01
3.063518820580464763e-01
1.805339280584816464e-01
1.469408189600175663e-01
1.323040861466306395e-01
1.097929349758981765e-01
2.223231266414448515e-01
2.469112857446315035e-01
1.388732391086552609e-01
1.962425981256850638e-01
4.828572438981083570e-01
4.200006959965326692e-01
1.324446494357397475e-01
8.451278928067162965e-01
3.975968343988637299e-01
6.125103408381709080e-01
1.700682173057877777e-01
1.785419771718672333e-01
1.405196950575506309e-01
6.201814747385007154e-01
7.027713289059911439e-01
2.287051758764167830e-01
8.269594137771275888e-02
1.862552308432743053e-01
2.124630245959570340e-01
1.496665588491855603e-01
5.488139662124142948e-01
1.388498045141486337e-01
2.885800130233043270e-01
3.776391055733857027e-01
6.845336774074127772e-01
6.604351081305865900e-01
2.051685335240542030e-01
4.298723692937866936e-01
1.689397467748467996e-01
5.226988957359375298e-01
1.305684158359382563e-01
4.591926531487028895e-01
1.784740061768298747e-01
2.920636903160412357e-01
3.233711385844765807e-01
1.518807793389653771e-01
1.791885938983394932e-01
5.378652765195963692e-01
3.617603641393440927e-01
6.735298075164593001e-01
3.778289687863720658e-01
2.736295302951570751e-01
3.751954192663756182e-01
1.525802774203276480e-01
1.390450657285764724e-01
4.660075967089238880e-01
6.830487977725148152e-01
2.835578790634683544e-01
8.207365412125655624e-01
3.983833869334368893e-01
6.442328048681470465e-01
4.312005854132592297e-01
5.267676872240348862e-01
1.884526288746044276e-01
1.847945059552172919e-01
2.770984732572212006e-01
5.180428947356672253e-01
1.789711178442733031e-01
1.932254330362729311e-01
1.943324970507918914e-01
1.945819255934158609e-01
1.675611762715286390e-01
1.932254330362729311e-01
5.118147928343463882e-01
4.783288934229295020e-01
3.589402623974793927e-01
7.790810294732716246e-01
2.682507069868080296e-01
1.560105008838259255e-01
2.986124938306166654e-01
2.498725754261182097e-01
6.608600989306341322e-01
1.643949377998951966e-01
2.151489224958451352e-01
3.362355569479639761e-01
1.661828091756706316e-01
5.418934644678270462e-01
1.443758554809934647e-01
1.802483029333039610e-01
2.015754331451773407e-01
3.625429572785273113e-01
2.759588684615477683e-01
6.096363008910111736e-01
2.032874442314389074e-01
2.680748770526327762e-01
5.550836101603268125e-01
6.565519205725404150e-01
2.503697700869501053e-01
1.635918447399192510e-01
2.232837593260191822e-01
1.564947579983832771e-01
7.160915663594691338e-01
2.688314587626667862e-01
7.494227607711683170e-01
4.618909286257388835e-01
2.961800435321654823e-01
5.000000000000000000e-01
1.977364322597454926e-01
2.795988079427820239e-01
2.344922471306504774e-01
3.398290404112869201e-01
3.690712566644764325e-01
7.191720586992345066e-01
4.713089019518761358e-01
3.821163804080457971e-01
2.049663007333159537e-01
5.416756160063725956e-01
4.239281988922562472e-01
1.404767661573261273e-01
5.000000000000000000e-01
2.614227880658896996e-01
3.725958484870774412e-01
1.839865585495728262e-01
2.899320912036653097e-01
2.816879036766812838e-01
3.758101675025678490e-01
2.806849020019149266e-01
8.699439220978366638e-01
2.922539405764876808e-01
3.015208718247902042e-01
5.128940414576098616e-01
3.180793462790049708e-01
4.367691078937002147e-01
3.593021608442577008e-01
1.884897334038420635e-01
8.139033059093325750e-01
5.842887014261813894e-01
5.942827584758820780e-01
1.682448003145834425e-01
2.362316807607517666e-01
5.308363643354621075e-01
1.937796577128249320e-01
1.971251422551948962e-01
1.569532404194633468e-01
2.773069991664111611e-01
4.912841295650187123e-01
5.220797313691778463e-01
4.563416262385081024e-01
1.490703200788078830e-01
4.076818155163190460e-01
3.784338107645593419e-01
1.075661920390915266e-01
4.071536589189609368e-01
1.893842954137991419e-01
1.302790155646727788e-01
3.213177738573069209e-01
3.012927595501385669e-01
3.592290721501523176e-01
1.753931690352554251e-01
2.511436227621386963e-01
3.793818917056527851e-01
2.078828007811169831e-01
1.464907294539156135e-01
3.443670651501870572e-01
1.376266660927219776e-01
2.781302484397463193e-01
1.418428413087281792e-01
2.424173129456179687e-01
1.464726821038192794e-01
3.199760011455048403e-01
3.123991073594800660e-01
3.120386687462258224e-01
1.330672577061403072e-01
1.464726821038192794e-01
2.390452363548313253e-01
1.910235088122461677e-01
4.656999900895987810e-01
7.798415994522602812e-01
2.298226886508966671e-01
2.497889143762425657e-01
3.704436256672720140e-01
3.566424950729609189e-01
3.632997100827086157e-01
3.715965791044092414e-01
3.723155056650686578e-01
5.642964529353406977e-01
1.705578889766673767e-01
3.740079463732680076e-01
7.747721024872251672e-01
8.739262587726852605e-01
3.747295002217851390e-01
2.345856606649645293e-01
1.575550172600526100e-01
5.909572796870256051e-01
2.096453490685104837e-01
8.931727656187686826e-01
4.629103111088278544e-01
3.386726960681963883e-01
4.389590922905223236e-01
3.928089933527760813e-01
4.717175712098584106e-01
5.314334657194684786e-01
5.000000000000000000e-01
4.072417203022205001e-01
4.697443230909553735e-01
4.653201678099621041e-01
4.154187640330780362e-01
4.127905829888843248e-01
6.784754325151778342e-01
3.625741176194473558e-01
1.640715098520275361e-01
4.156718428714295532e-01
3.605484020141438428e-01
3.680954571428967093e-01
3.677969398384759447e-01
6.572408117085694057e-01
4.544226417765802606e-01
1.771542874602579920e-01
1.916649436503973514e-01
2.574135905951984715e-01
4.113021430812996426e-01
2.711624442225228915e-01
1.684651220360126878e-01
4.192413320923738529e-01
3.516809434756575370e-01
1.360242704457157448e-01
3.295267376546138771e-01
1.435297380290722069e-01
1.234300075107623018e-01
9.917819382862215483e-02
8.162643645407857695e-02
2.837245393221272671e-01
5.097875779827801823e-01
1.779337614160109438e-01
7.756941856272368818e-02
1.672544119618283309e-01
2.922599316800253422e-01
7.543705072161408509e-01
3.777964608046519013e-01
3.880786990065434039e-01
2.373407595105648527e-01
1.672627246615631391e-01
1.673460107251264761e-01
1.135604545430712320e-01
2.794446335540556881e-01
1.672627246615631391e-01
7.616186608544592840e-01
4.585202921169978518e-01
3.038797414390386198e-01
3.633878989558020911e-01
4.104422846703655314e-01
5.503697889402993093e-01
7.271212064303056444e-01
7.019296386098348162e-01
6.429439785713836342e-01
3.890688406726424686e-01
1.955022710962073251e-01
2.573929304022521403e-01
1.686662542499194894e-01
2.685514278757935580e-01
7.714002842247459357e-01
3.028887384200189548e-01
3.783315267017889338e-01
1.361738135549579731e-01
1.754245604019269156e-01
1.723872733590403883e-01
2.131533036320425734e-01
1.314202330840604505e-01
2.859669361906529428e-01
2.411866910478464021e-01
1.077932825916696896e-01
1.383696116385424724e-01
1.672757536306090920e-01
1.672757536306090920e-01
3.307312415882360246e-01
1.449314767012428451e-01
1.566715937410824711e-01
2.429889937881895834e-01
3.388281257121273371e-01
9.834200629521878956e-02
3.741156431584752862e-01
1.694360864357845886e-01
5.595532848313931051e-01
3.090569389111299525e-01
4.253020203311885794e-01
3.487518367194363256e-01
3.831701340660618182e-01
3.390503964993922814e-01
6.450469482566318913e-01
3.561907987209511628e-01
1.343811350906094770e-01
5.070742005383227502e-01
6.141130695561962671e-01
1.672757536306090920e-01
6.032025994306758898e-01
5.638470665019913453e-01
2.261493074862649388e-01
4.230181200115194495e-01
5.138170446925460766e-01
1.115501938672466831e-01
4.025003169920299273e-01
4.786454437147778518e-01
3.593682255511819745e-01
1.544887464724210291e-01
3.447635231004677059e-01
8.587095890106096752e-01
3.187630219875672855e-01
1.081178064206760048e-01
3.211353447471608780e-01
3.443517196224951671e-01
5.777677200971504945e-01
4.037034295781574689e-01
4.496833783288010089e-01
3.518734960914835508e-01
5.448712426989705815e-01
3.929713107023846685e-01
2.929788898070797565e-01
8.541024735690685987e-02
5.000000000000000000e-01
1.544371439141256908e-01
3.227284796757400320e-01
3.927095309366061548e-01
4.731460019147027546e-02
4.736149604359993215e-01
7.463864250732514527e-02
2.711165274498965050e-01
3.456262686972114695e-01
1.115594479253294302e-01
4.031955080522454105e-01
3.893972623976966752e-01
3.211735746584640783e-01
5.663993411101609921e-01
2.748005627582139065e-01
8.400805732497409473e-01
2.300619961608014741e-01
1.092875544988056724e-01
8.729532605911212162e-01
9.192866289862413609e-01
8.993267251372473181e-01
3.568414836777564769e-01
8.614315041487159430e-01
2.907259291504489807e-01
4.863430886948455489e-01
4.012348532000595824e-01
5.344293792583802993e-01
4.299789417424245141e-01
4.602591977863237371e-01
1.518711401553871354e-01
3.803573438486624880e-01
4.509763495641480047e-01
1.660514758828880999e-01
2.705604697010134951e-01
2.467489522323866036e-01
3.677588345533504555e-01
1.987706690734696857e-01
3.131435341282543527e-01
1.055069222750844721e-01
3.963265234692385786e-01
3.452180179571858187e-01
2.248033603428710725e-01
7.297327582305731530e-01
1.135554033906027577e-01
1.559381817354076605e-01
3.976972553759067774e-01
3.540822085427741683e-01
7.406298254695080352e-02
5.559797080664350549e-02
1.218165547431794837e-01
2.191477933630393282e-01
5.000000000000000000e-01
8.356084962131529181e-01
4.695063338419591670e-01
4.540153891655556717e-01
1.055702792285898445e-01
1.115501938672466831e-01
3.328654926490819954e-01
1.309013120721744250e-01
1.276522042480182917e-01
1.097439082491743767e-01
2.653203437368782391e-01
1.091184872944068462e-01
3.937980484940467041e-01
8.003631476595052252e-01
2.206482688539580239e-01
1.417077957243962627e-01
4.159936398951831205e-01
1.336922641876475970e-01
3.825274648952453616e-01
3.800348838727883871e-01
2.958509033946651878e-01
3.816404291704270646e-01
1.247676845615188213e-01
3.039123590787413121e-01
8.903919013785135950e-02
3.274893630854375792e-01
7.522476827360344842e-01
3.880683356605568735e-01
8.474648847036039268e-01
1.518660735644281612e-01
6.112652742192048461e-01
1.760968871219525944e-01
7.337198403549231862e-02
7.522476827360344842e-01
5.061927865511700597e-01
1.353186652357215580e-01
7.337740773835391694e-01
3.952593935612359055e-01
2.515318491917296062e-01
2.000926005688029585e-01
6.627873961124972069e-02
5.064357069794773736e-01
4.875035550165320308e-01
1.645431373416813559e-01
6.272144527046239482e-01
1.425343014955331999e-01
1.583682406447197155e-01
8.232056225074144695e-01
1.308383098138740652e-01
4.036784660745197928e-01
6.072322426563471209e-01
2.254197362344252942e-01
3.897660721327782518e-01
1.784225153825532151e-01
4.213179747779711715e-01
3.485954555675636612e-01
3.666758546908152616e-01
8.955489937922224142e-01
1.386775336631659583e-01
1.368894907038721853e-01
2.663965631857155292e-01
2.881370695495405476e-01
5.280496792050781707e-01
4.090393384872370586e-01
4.695299068013474852e-01
9.732663798454625759e-02
1.321907520009449055e-01
1.283252038198101908e-01
1.262581846895999282e-01
7.997111007905479685e-01
1.358529743643700771e-01
8.221056068159786623e-01
9.549337564483301177e-02
7.212895449412676241e-01
1.074616972734738773e-01
3.636556312080252429e-01
3.152539705259765346e-01
4.144820615727485835e-01
3.761630801268554536e-01
4.045852881609930396e-01
3.473220151889311325e-01
3.772619459826408450e-01
1.784826984272677719e-01
3.700854316076080397e-01
2.371011954868473270e-01
3.849056124161293613e-01
3.491701374373507583e-01
3.999841410029120747e-01
3.455346313702565841e-01
2.497261006982952336e-01
1.461144556094985947e-01
1.389901550410320985e-01
1.637353340510907251e-01
6.206263084593435231e-01
2.460595388433932940e-01
5.852200479479061634e-01
2.121951710225470356e-01
2.162558643145880144e-01
3.753263684401512701e-01
1.864880721104780759e-01
3.311082379283200594e-01
4.739443770444262682e-01
2.508846693893395097e-01
3.719398589959364010e-01
4.483992544376980693e-01
3.417893141785212641e-01
4.568105567548842449e-01
1.670387710659105573e-01
1.966107172761664135e-01
5.782863116366940837e-01
3.354545288977499040e-01
3.096314599760871533e-01
3.409689790824261268e-01
1.620168188579934887e-01
4.322273183997962231e-01
4.627469484042998071e-01
1.561028566187399047e-01
5.000000000000000000e-01
2.146624658865527446e-01
1.604577750050073526e-01
1.254644881719199634e-01
5.978550037581253918e-01
4.411040011030274433e-01
1.670069204236303007e-01
4.811607335412046993e-01
3.981175417464915545e-01
1.675864168196351256e-01
3.931324792716897054e-01
1.841392147734376705e-01
2.501023592634818993e-01
4.127427658089020679e-01
3.929991514037866618e-01
2.198061608122579558e-01
1.212559302461933691e-01
4.015392303857892031e-01
1.670770297452609798e-01
2.776069144832911673e-01
1.670770297452609798e-01
1.564083718426025060e-01
4.920149982973737179e-01
1.757581429666859874e-01
2.688620881948712849e-01
1.787902081711189861e-01
1.872561918450101059e-01
2.891777693282439610e-01
4.833963849631119913e-01
2.472864857284078621e-01
1.670676788078478414e-01
1.885506109588133972e-01
1.974615572503136407e-01
2.213965682600890217e-01
5.715165368885025687e-01
1.888679493140777710e-01
3.598130490106738466e-01
1.828576544101002122e-01
1.923254950834226151e-01
2.243847788630043694e-01
4.327036074638592189e-01
1.953028711221142799e-01
5.209816670679618955e-01
3.490537236905751906e-01
1.852030384389456441e-01
3.683876247606546750e-01
6.123353710906681568e-01
4.518769165966628476e-01
1.394655816709091944e-01
1.609117227452148413e-01
3.168097769915511064e-01
3.604605597602595357e-01
2.786477451600870014e-01
3.600862187577629769e-01
3.128111771433368937e-01
3.492021618457293863e-01
1.639970287194461862e-01
4.235624771343540762e-01
1.740528914281440909e-01
1.864746614910930966e-01
3.831504349495150064e-01
1.403317701804362994e-01
4.685131815895769436e-01
6.611275214409191303e-01
2.073168221189188865e-01
2.107764740348366805e-01
1.624447579049515533e-01
2.928104916910115874e-01
1.739149137414859880e-01
1.903019859337609643e-01
3.328161624917185812e-01
1.860936962550514551e-01
3.493803214920791489e-01
3.599826517070303100e-01
1.194143333749356217e-01
4.312550940294191948e-01
1.247184636238448247e-01
1.205647741594736699e-01
4.152354784837682944e-01
5.256263519314916532e-01
4.181872877902804153e-01
1.180654096377890122e-01
6.052311107758461262e-01
2.810922009070044303e-01
1.861501645146360628e-01
1.971545967887208262e-01
2.670673854241398804e-01
2.015897040813640351e-01
2.575296752183569571e-01
6.370464545408556223e-01
3.288275660336995032e-01
7.132999441414858977e-01
6.720277735463758839e-01
1.168471043292496625e-01
5.069891180013166299e-01
3.937291750308729577e-01
1.624447579049515533e-01
5.395075832801888849e-01
5.830584646233699653e-01
2.755609977832687574e-01
2.047696127532623589e-01
5.073765402780120448e-01
3.834197560722444886e-01
1.623990594716539226e-01
3.171841717026812613e-01
4.351647415030563959e-01
3.420918342453085903e-01
4.764386336098576646e-01
1.684540539807875548e-01
4.673094203211383690e-01
1.624447579049515533e-01
3.389452044579006618e-01
5.951785791115374868e-01
1.514383869177720610e-01
3.717444374298994325e-01
2.679104328128231738e-01
5.429727878689379894e-01
2.200326872108180620e-01
3.572590725772495368e-01
4.237128449430299093e-01
2.590443937809612795e-01
8.046282664324080347e-01
7.665985062888482915e-01
5.704846756915915584e-01
1.876215908109542807e-01
3.308690008576221642e-01
3.079224445430274737e-01
2.233017904805027765e-01
2.330360816510206323e-01
1.303914165190751817e-01
3.154417518676267407e-01
3.811412041046935983e-01
3.301687433785696069e-01
1.537556584994082542e-01
1.132253735759337909e-01
2.353816841017140338e-01
4.366470458168175139e-01
1.660044725525980924e-01
1.482860777135541208e-01
2.219182452732596234e-01
6.546611003750886226e-01
3.491246970804827710e-01
1.098456254796115472e-01
5.895946793123660878e-01
1.611054798767953267e-01
4.212785116410013297e-01
2.230211364350405401e-01
1.982721458455327657e-01
1.719432488618648225e-01
6.185024940057417542e-01
2.386736240559525213e-01
4.234352032969788127e-01
3.784392095036314685e-01
1.979941694967868315e-01
2.672979041198635941e-01
2.537814770087080118e-01
2.394274287624649777e-01
9.929668076684088074e-02
2.084291086236609858e-01
2.193134730836719670e-01
2.062026486630931521e-01
1.934436290504091271e-01
6.419017493982434042e-01
1.305078584215065562e-01
1.900648075036829587e-01
4.844361676047903020e-01
4.544376665060817500e-01
1.886581008621110167e-01
4.091661546100880953e-01
1.210422332756894842e-01
2.477359544094308030e-01
4.436881277744700314e-01
4.065375294734777656e-01
1.593921810957831808e-01
1.461184356873976020e-01
3.516154414799622652e-01
3.822005555476429284e-01
5.415699546483995208e-01
1.573743176304259195e-01
5.557859227319713602e-01
6.111536334078783161e-01
6.779103739946540363e-01
1.930619258258767235e-01
5.643848871594353556e-01
1.513788183937374299e-01
1.548030316847176235e-01
1.436190091689547310e-01
3.987958956023978097e-01
2.615385620234816910e-01
1.617005241079409184e-01
6.172499127525812312e-01
7.264767168444447032e-01
3.430565533784886711e-01
1.654412138856803383e-01
2.449013515148341646e-01
2.832047419569913016e-01
2.018110053513056668e-01
4.410088341699865411e-01
5.732031961077997950e-01
4.568555751971676293e-01
6.331284607843893353e-01
3.935102399087838099e-01
2.169099933793501300e-01
4.009258986203745323e-01
2.687075231190516611e-01
6.953814141302802065e-01
