2.928252319439720308e-01
4.583757758570161100e-01
3.377798219884498021e-01
1.932842213632339767e-01
2.294616171305339236e-01
2.430227165015514668e-01
3.834563424215480243e-01
4.552805798764615330e-01
2.062411678414912963e-01
2.657683008372494493e-01
2.851061131157291983e-01
3.679322770092903760e-01
4.425986903520312543e-01
3.095637739219860851e-01
2.456553774116505273e-01
2.526549785725430430e-01
3.945371184906515394e-01
2.325503540031415850e-01
3.408326863039277121e-01
2.883418964198602996e-01
4.512549013840373990e-01
4.639096190649252271e-01
3.799318182332213079e-01
2.641626803173412474e-01
2.887367122334401071e-01
4.568582012110786739e-01
2.906942756382017712e-01
2.771388402452190647e-01
3.771757381186939817e-01
2.771388402452190647e-01
2.856468106576581234e-01
3.638331324751449825e-01
2.497858899093191865e-01
2.475961707499551856e-01
2.763272220846054172e-01
7.182096190445629302e-01
2.135863262052799805e-01
5.901135818290594859e-01
4.107547417308450854e-01
4.335734347142077283e-01
3.168950563176515800e-01
2.804645781226490220e-01
5.410964701395085674e-01
4.487067078777127183e-01
2.187452877914833893e-01
2.467686031291097259e-01
3.748062795563891769e-01
2.283424207926915417e-01
1.886455573369933969e-01
5.203151286547030852e-01
2.953279894753851331e-01
2.065362432508489887e-01
2.620132521072292553e-01
6.729353989797671742e-01
3.110654894027013451e-01
5.072571697339810504e-01
2.482546995970276171e-01
6.796425578914018217e-01
2.580527985325650753e-01
2.795267232339783137e-01
6.739033831012479769e-01
3.857825444071711907e-01
2.522040436719488743e-01
2.654764370549544394e-01
4.173387779966181155e-01
2.325503540031415850e-01
5.736425387634048745e-01
2.047449148018573306e-01
6.526494339677815226e-01
3.706312384428624984e-01
4.765749740404482404e-01
2.936747175230655649e-01
5.890548587062868213e-01
3.148108726148665104e-01
3.450476630093315400e-01
2.644390032010873748e-01
7.632413422631373345e-01
5.161948686961475019e-01
3.413282374638393901e-01
4.729368014024197819e-01
3.103726461485125654e-01
2.666634153028129006e-01
2.154853129932217393e-01
3.649050538839818669e-01
2.536851758773701060e-01
3.860280353970807488e-01
4.820074045055623424e-01
2.109951559589642589e-01
3.605182167269813664e-01
1.693252572286405022e-01
3.465666251129698727e-01
3.203033479740631240e-01
3.946903604568620660e-01
4.595920347666608285e-01
1.666092457994254594e-01
2.091346951028259238e-01
2.213819731919584588e-01
1.666618666251676872e-01
1.921862599735421062e-01
2.343860429544720736e-01
2.595079035504280207e-01
2.732907666331529373e-01
3.980583253370567620e-01
4.528303186241300349e-01
2.197611287009659242e-01
7.632413422631373345e-01
4.063506114768665745e-01
6.477683599551723459e-01
2.544259340575890649e-01
2.357100096128169342e-01
2.143703578551744426e-01
5.497455332050412702e-01
6.246784453479030663e-01
1.959848237507568758e-01
2.370118886971730454e-01
2.254572290057753614e-01
2.143736936391771042e-01
6.157774823419488452e-01
1.960448848008881084e-01
3.071869863433143721e-01
3.781827731897780542e-01
6.352974585546239394e-01
5.504811126409651090e-01
2.469640107205425539e-01
5.000000000000000000e-01
2.491652874506482540e-01
5.337578875918517207e-01
4.688889311310074359e-01
2.333066613496524444e-01
2.447350400058923847e-01
3.522942918443486837e-01
2.023144127434733375e-01
2.291080236756796173e-01
4.209714479738603798e-01
3.692755071856683169e-01
5.110867454743160954e-01
3.659637823714003702e-01
2.779081937666481594e-01
3.903067069015783708e-01
1.855933532434902999e-01
4.708024128777798523e-01
6.188838411936068429e-01
2.536804282562286073e-01
3.047696948010008011e-01
2.372928441986556503e-01
5.269081267109839706e-01
4.039093514034956534e-01
5.000000000000000000e-01
2.372714866630164787e-01
2.096050841251131391e-01
3.015276160895297708e-01
6.349124645410640921e-01
1.779688226079685354e-01
2.372395676733119185e-01
1.908265220583842681e-01
4.107133809489653675e-01
4.816952647213644800e-01
3.545904699039449937e-01
7.844126892505782767e-01
3.517666135822891671e-01
2.340567637466806628e-01
3.488207937887087828e-01
2.895250521632664609e-01
5.000000000000000000e-01
2.737693814586733554e-01
3.731923450228086803e-01
3.367011332141666147e-01
1.925845943088430878e-01
5.126862804281068220e-01
1.982365135597346506e-01
2.371156707060718405e-01
2.274704600492021001e-01
3.942817646986642166e-01
2.528164876142150463e-01
5.000000000000000000e-01
2.800781052555204043e-01
4.492554455263442215e-01
6.494845706073251179e-01
2.830274572024599755e-01
1.856771085591606141e-01
2.372712947835291242e-01
2.127114951135741228e-01
6.582041669964795449e-01
2.993788199980123022e-01
7.821423691326108152e-01
4.397081753481388855e-01
2.447356290479491270e-01
3.945449007869311076e-01
2.591465641949106113e-01
3.344506208624982713e-01
2.654144243236106204e-01
3.866217496787044960e-01
3.021645286457871893e-01
6.816355400705751411e-01
4.431797966758646568e-01
3.521202885685860151e-01
2.297108054147548872e-01
5.280772489217337995e-01
5.098148743323542842e-01
1.852214638608707387e-01
5.426887451802046014e-01
3.372823465145478039e-01
3.027100463559274646e-01
2.745657981913244838e-01
8.722314312123234936e-01
2.776343239017509124e-01
2.837675739004643094e-01
5.410116083112666008e-01
3.235578633734607079e-01
5.000000000000000000e-01
2.835932394278596891e-01
2.245362881570213964e-01
8.075918204205269069e-01
5.566825502583306884e-01
4.806271192861791275e-01
2.060408751682430428e-01
1.573541445116238557e-01
3.468294125655647098e-01
2.762432534629667424e-01
6.158545337454356394e-01
2.489153368570866387e-01
1.671895317159524663e-01
2.990080418053816524e-01
5.000000000000000000e-01
5.666126217074017868e-01
4.519299336980986403e-01
3.987169070926575576e-01
4.192242159395497825e-01
1.939475537391042448e-01
2.610640853212474188e-01
2.061618700017298633e-01
1.568417582480176042e-01
5.065329064622138278e-01
3.364365516515626098e-01
3.739612034162011489e-01
2.102596751228398841e-01
3.191450429138228406e-01
3.818683406481536147e-01
2.389445129536154067e-01
1.606768728561192572e-01
6.454822307631025158e-01
1.899095372435825324e-01
3.067251274619111623e-01
1.606768728561192572e-01
3.217179011075110284e-01
2.060818349616301282e-01
2.049810081945011853e-01
2.958693903337450415e-01
1.802838797789594327e-01
2.033503734052954925e-01
2.395874296175163620e-01
2.055325781760298232e-01
5.000000000000000000e-01
5.971523197857729892e-01
2.587217493417957037e-01
4.426179847660941524e-01
3.889446764615714924e-01
3.005420151934355411e-01
3.719960484275300905e-01
5.746592209675536189e-01
3.780135088854050252e-01
5.207457076248893646e-01
4.041856219339842182e-01
7.621892058665894476e-01
7.193459363647753957e-01
2.422057287426967187e-01
2.244035025348868340e-01
6.869829239460597536e-01
2.671399657544636375e-01
4.378026454304896897e-01
4.160444554479100221e-01
4.577503773766088413e-01
4.644679553536401051e-01
5.000000000000000000e-01
3.737835523299680163e-01
3.134240749968630335e-01
4.516049852236433404e-01
4.533194353409372157e-01
4.334423758838718554e-01
6.371268068969492271e-01
2.897340158440092628e-01
5.000000000000000000e-01
2.218190811574352606e-01
3.749633554205382135e-01
3.987155849962928933e-01
7.885372222746628301e-01
2.108063171572561456e-01
1.735084510381044720e-01
5.118369707242533817e-01
6.959946149745361854e-01
2.017422311144609071e-01
3.513620467869666975e-01
2.885326524109113611e-01
1.919248761975151096e-01
4.550990861853311253e-01
4.089546691737659390e-01
2.015988687991552564e-01
2.777926408473418429e-01
1.867262893033105053e-01
3.188800988103615008e-01
2.017462170392938792e-01
1.506858497398388952e-01
2.968410613718523994e-01
3.406861975953860977e-01
2.100424733801146415e-01
1.334193717194605833e-01
2.017027490461914818e-01
3.452249049949265847e-01
6.303756431053677556e-01
2.088238513443420041e-01
3.659922165820428952e-01
3.744530993079743242e-01
1.919248761975151096e-01
2.581144888287472128e-01
4.527245126420165189e-01
6.633729261630161300e-01
5.198254255671366231e-01
3.803712531062622970e-01
4.364858644910071250e-01
5.334857836200129766e-01
4.879320219717002693e-01
5.357597136525769077e-01
2.865362681122954891e-01
3.558247996244365274e-01
2.017484516173293774e-01
4.570448152927040208e-01
3.342635652407035529e-01
2.017393616508837140e-01
5.000000000000000000e-01
2.842559318696368797e-01
4.291299045463223272e-01
2.017061858898701598e-01
2.016556986550858688e-01
2.017613793542842038e-01
2.715450642949048810e-01
3.232413971432216426e-01
2.681316729161568047e-01
1.789997232090226043e-01
1.619235607090269702e-01
2.819772399585596112e-01
2.016794538287440264e-01
2.667783956120428068e-01
3.553942917014616398e-01
3.751984210554529797e-01
2.356839004152521400e-01
6.450967215082702433e-01
2.633909464128174616e-01
2.879517877546022286e-01
4.263589753045389785e-01
2.588757682925070802e-01
5.140437346905153415e-01
8.046847606009163156e-01
6.882314596086642755e-01
5.675764267076873759e-01
3.877484416688852797e-01
4.515873495710955310e-01
3.990417199866687636e-01
3.959128923529339761e-01
1.251866476341212675e-01
5.156648979134623723e-01
5.473177475646691104e-01
4.391565066545895513e-01
5.519735772024112475e-01
2.121826411452241434e-01
5.534958303752037789e-01
5.473177475646691104e-01
2.351216288282236277e-01
1.635662368556623503e-01
5.099871116026771789e-01
3.130596977687691296e-01
1.871121421339616842e-01
1.181907402309445299e-01
2.973449224100919164e-01
5.051012795515569254e-01
1.904959171874097690e-01
3.356903852044099135e-01
4.362483561033553281e-01
5.682812931624060537e-01
4.265891431844171661e-02
5.243074559565493731e-01
2.849108907432989501e-01
3.220409595269720926e-01
2.350575284617050509e-01
3.646384425759162107e-01
2.352180717991483316e-01
4.709557783336725811e-01
5.113504978086376163e-01
8.396283747040512724e-01
7.846649891629078333e-01
1.156258909976723426e-01
4.090699785480832462e-01
1.857872578523274421e-01
3.636035051097122883e-01
1.687197111093398372e-01
7.956474545388403374e-02
5.981263763560301649e-01
6.597303720854751363e-01
5.985538175169571318e-01
5.000000000000000000e-01
6.280796192352788854e-01
3.337115639200205486e-01
4.332951665202066094e-01
2.544541623163028565e-01
2.797344007842981761e-01
5.384463273094582947e-01
4.734165216655981112e-01
2.232162663088987087e-01
1.794673065635879194e-01
6.566555993099658650e-01
2.687841702477027361e-01
3.044667291809582399e-01
1.490188777392004171e-01
5.339339379619320591e-02
1.796175925827085684e-01
1.943944289593755870e-01
2.376860793174846442e-01
6.157824915509018116e-01
6.173493734740555239e-02
7.234890613619471278e-01
2.114497318491453393e-01
1.882378566673958142e-01
5.097703228630567907e-01
3.939996966113488153e-01
1.259374356009144436e-01
2.161862566449832268e-01
5.591142045721818610e-01
8.052938113268858222e-01
3.301734601544211722e-01
1.611715533629450858e-01
4.544834077243584680e-01
7.071469163335658559e-01
1.806022790186228577e-01
3.351698591931480675e-01
2.420173611586569906e-01
1.704399543294752295e-01
1.451972767628771921e-01
3.851504229754459385e-01
2.804233315936656701e-01
4.579700946252759919e-01
1.612322826213642146e-01
2.815514138982780912e-01
4.082406617961022999e-01
3.470035620943829335e-01
4.140493545811078646e-01
1.704399543294752295e-01
3.836466858105146427e-01
7.406723678844159275e-01
3.603517845010487108e-01
2.546510739388507250e-01
2.073035349597220356e-01
6.608112290634173824e-01
2.372892728962856801e-01
1.497762946846764587e-01
7.406723678844159275e-01
5.000000000000000000e-01
7.771996490716843731e-01
5.000000000000000000e-01
3.434717657246466049e-01
2.477790093138598770e-01
9.845471763915701613e-02
2.429294460713588844e-01
4.508208381623167171e-01
1.755934305948085861e-01
4.792288180036518019e-01
1.486544508811287191e-01
7.254256928025802909e-01
3.227343391812703688e-01
5.178738817575839759e-01
3.541306837547347763e-01
3.891135293355627023e-01
2.121813524344879909e-01
4.170573280885405132e-01
2.224559663054251901e-01
3.747791326953231472e-01
8.488288397282213182e-01
1.899639156412308849e-01
2.336926640860250148e-01
5.143031689634329773e-01
4.488809062618533408e-01
2.724696935579469237e-01
5.061009401757339266e-01
1.160839225170081368e-01
1.806258903373229585e-01
1.687556734209974540e-01
1.756647239408254679e-01
7.452494553513961950e-01
1.806022790186228577e-01
7.483206359905114624e-01
1.582128116551225760e-01
7.144364650699173147e-01
4.877556067914863291e-01
4.674932852357110424e-01
4.273319491658392755e-01
2.743547477819113234e-01
3.453711681320902338e-01
2.646136357787384208e-01
3.691441110356517563e-01
2.313965906455359434e-01
4.281035921073078621e-01
2.704530130004004773e-01
2.889373437356234642e-01
2.907490038571009516e-01
6.420264820204227840e-01
2.829897933965716539e-01
2.533231169853436549e-01
2.426017824580631310e-01
1.864396424051234236e-01
2.120236020702367663e-01
6.277683618012096511e-01
2.676547503872188094e-01
3.868380678205727841e-01
2.361420120799845035e-01
2.404341719408336908e-01
2.774863957259123826e-01
2.424822153091788501e-01
3.502925809243810362e-01
4.785768411314939574e-01
2.764614278442161233e-01
2.896059453730850386e-01
3.729025394119535042e-01
2.455188259444366361e-01
3.635075760284937063e-01
2.415709160892480500e-01
7.328636434357594931e-01
1.876988800226983001e-01
3.311297928032627125e-01
4.062392912547305723e-01
1.909900951083096654e-01
3.098241850191225111e-01
3.314956179625386801e-01
2.452301008418601158e-01
4.157852621794793091e-01
2.332332846691205219e-01
2.712440753423877582e-01
5.623033816949144503e-01
3.019930961374146516e-01
3.632089560857749144e-01
3.397873718163796908e-01
1.880354323638577518e-01
3.197960160839745658e-01
2.397949505312409746e-01
3.630151284195417549e-01
2.381479393780140397e-01
1.883489888144063151e-01
3.023525577694917699e-01
2.388982464270321959e-01
2.354996385172432039e-01
2.388982464270321959e-01
1.879423967413367813e-01
4.469400649295556249e-01
2.425253144016879525e-01
2.666771088058272343e-01
2.811621172662431278e-01
2.449069286672270751e-01
3.865917653246849217e-01
2.580155039712589415e-01
2.423901327173950127e-01
2.555071050935528443e-01
2.920560749206385642e-01
7.909687828554187172e-01
3.519619162218224351e-01
1.787508875218648263e-01
2.442111052644506675e-01
3.893998823820594146e-01
2.461971020678196675e-01
5.834519079810831510e-01
2.737960253053241533e-01
3.608213447556808395e-01
4.627788994702416447e-01
4.109176113846518263e-01
2.374783588521716393e-01
2.589509298058699782e-01
2.959613805883573034e-01
3.809766447062934436e-01
2.826587161869313358e-01
2.875519853949382032e-01
2.785409740886991559e-01
3.335100987270942507e-01
2.587150822239205339e-01
3.989133811706491173e-01
2.678805842272770077e-01
3.836532153663732014e-01
2.303279816207581820e-01
3.451395528350867381e-01
7.561092473220287768e-01
2.554846935060047231e-01
2.784948449927007741e-01
2.922632178107006928e-01
2.596085951131670844e-01
2.385595305321049908e-01
2.761101904016762809e-01
3.589653572031572537e-01
3.530958646254943045e-01
2.360223980951700329e-01
5.364461700642756403e-01
2.396944640020381989e-01
2.245496051558306672e-01
3.392566815294884019e-01
4.176868979748915578e-01
3.386413400018582487e-01
2.360223980951700329e-01
6.248583300888608250e-01
3.447407962685847260e-01
2.925973573535281536e-01
3.086234805475097653e-01
2.777320214462557502e-01
2.832587270124306000e-01
2.890781498273503614e-01
6.372957576021509585e-01
3.950305335599605949e-01
6.248217611331148280e-01
6.566262443828320139e-01
2.141168738175751318e-01
4.788931304389171251e-01
3.322255265803760182e-01
4.918131042454854662e-01
5.000000000000000000e-01
2.958385162216748410e-01
3.010145518745281912e-01
4.621125293322438932e-01
3.657053851871766015e-01
2.548579582456120818e-01
3.295292983340002424e-01
4.208422755329332410e-01
3.056850069909481382e-01
3.986347995047279658e-01
4.134542995313612579e-01
3.388444143679365528e-01
4.909883107594659735e-01
3.394246982740349861e-01
2.762658520723553779e-01
5.622776764847097208e-01
3.219964006385195865e-01
2.576721752297342349e-01
3.282280082012352662e-01
7.477046522608205015e-01
7.093561922727735780e-01
4.328992791529349127e-01
2.562984248536283594e-01
2.796314379808972350e-01
3.103288591100887839e-01
2.795880131845860928e-01
3.973840080111454842e-01
4.214567255423876113e-01
2.861186434338988671e-01
2.264770803529626841e-01
2.075059022854291169e-01
2.503455914575307140e-01
2.745968776801570588e-01
2.154681836144153595e-01
2.503801560072321242e-01
3.131374090493546092e-01
3.316412291464120865e-01
4.098793736013410238e-01
1.890966694279876958e-01
4.441846550558989914e-01
2.369214434983724638e-01
3.527846362252642365e-01
2.503708132814474463e-01
3.045500461214709631e-01
2.046932310709119740e-01
3.513933223804994177e-01
2.685007548573972169e-01
3.052574250694217173e-01
2.297229748698251528e-01
2.278667984861798557e-01
2.995507034394416790e-01
3.031262607181237634e-01
2.956978905478850894e-01
1.900881657100355615e-01
2.503783127369561545e-01
2.691916533122664656e-01
4.760911738629055034e-01
4.032121263661807564e-01
2.288925675284935457e-01
6.408150602190564316e-01
7.083130083812109179e-01
2.794595223014356700e-01
4.829698712671294802e-01
2.245479020573540874e-01
3.320931478490722344e-01
3.083768488154718379e-01
3.712486903770740310e-01
1.988152940740393060e-01
2.278667984861798557e-01
2.674602374330106169e-01
3.464493437561989575e-01
2.196966729185098610e-01
4.882255462840924265e-01
6.185256201534301557e-01
4.574080570527454537e-01
2.504343270748448647e-01
6.304403062458133755e-01
2.460583721155208403e-01
2.171238940207411705e-01
2.258908938346647077e-01
3.389492962131704368e-01
3.149277671305487081e-01
2.080166739487664951e-01
3.492499532500232262e-01
5.753854580879078640e-01
2.965447178901348124e-01
2.534510701947730871e-01
2.497070203714905068e-01
6.728940174868679458e-01
5.547960995852834198e-01
3.878205591347487768e-01
6.687848998904371012e-01
4.513747702124554229e-01
3.768880770683636361e-01
2.576632864032711301e-01
7.464767944017799417e-01
