1.796775163841307921e-01
5.665811802002299613e-01
3.745333875028891146e-01
2.200280495004664216e-01
1.612798758663978871e-01
4.226885628139266937e-01
3.351996188898058726e-01
2.289648295826547664e-01
2.082821735416715003e-01
2.199185183017799139e-01
2.249727727191820348e-01
3.443829493137642306e-01
5.782126517837754553e-01
3.189111483159040028e-01
1.294540099978669090e-01
3.447443999843529117e-01
5.801062229301382489e-01
1.379398890115465515e-01
7.160325903321800300e-01
1.216379934171406413e-01
2.001724883285455892e-01
3.184913027529887031e-01
3.831167371897793994e-01
2.918281056839311938e-01
1.712766783523416436e-01
2.610426174782379261e-01
2.161589747868064015e-01
2.834125607651443168e-01
6.611005111038569249e-01
3.818725514537754662e-01
5.955549273819646938e-01
1.712168048453178715e-01
2.298113383281458200e-01
2.341554564678778316e-01
3.190507934696096282e-01
2.058151657210816610e-01
3.512096324177555462e-01
4.710011087148641695e-01
3.110445152573881877e-01
3.682674060910345326e-01
3.649136425758094937e-01
2.327440380308062329e-01
3.446041729401086440e-01
3.668294598786855376e-01
2.258868873267659838e-01
1.737108017493190215e-01
3.300862545876232512e-01
2.938515640650974925e-01
2.701604249962581972e-01
4.008261062048076862e-01
1.712168048453178715e-01
2.108188101648837409e-01
1.961244450517577731e-01
2.451153351764669142e-01
1.712459631816909411e-01
2.480534888254274928e-01
3.185765712812504424e-01
3.526359119915714047e-01
1.712459631816909411e-01
1.712168048453178715e-01
4.431064124795811021e-01
1.712516493518049243e-01
2.941922165803732003e-01
3.331734270160920941e-01
3.540902373333726927e-01
2.880090449828187071e-01
2.693477343671692448e-01
1.712168048453178715e-01
1.936150529394481679e-01
1.379398890115465515e-01
3.363757821087703381e-01
2.150734141322126480e-01
5.300093882211248664e-01
1.851518282046647756e-01
4.406340225577248249e-01
3.655740970116164723e-01
1.644074234015304170e-01
1.659293731576597375e-01
5.530745604787395964e-01
3.015434023456974866e-01
1.927454023091497992e-01
1.676959157287264413e-01
3.955758784651572380e-01
4.520739788636243817e-01
1.927454023091497992e-01
2.595011927983441602e-01
5.523640155872742152e-01
6.364212484364162314e-01
2.666046252552220497e-01
3.372844743483813246e-01
2.341222383649239069e-01
3.278474100886253351e-01
3.561763362687716539e-01
4.797154659321657966e-01
2.194704208308191351e-01
3.380400539731486242e-01
1.706384774219336653e-01
3.397598487507301201e-01
4.446074925312314963e-01
2.913062791621741643e-01
5.173599851810609662e-01
4.283049998660753421e-01
2.400700627673527099e-01
2.462280415603065042e-01
2.099558328799024376e-01
2.123345739902670892e-01
2.268774857963287706e-01
2.731996217108523806e-01
1.927454023091497992e-01
1.927952991917109837e-01
6.665405465427229892e-01
2.933816588448331930e-01
1.946993573823181112e-01
3.008767316429659666e-01
4.398953815923264399e-01
2.018800265338965005e-01
2.100989213068949202e-01
2.158189265805990076e-01
2.009766478166755133e-01
6.149517966812498848e-01
5.333636962395047476e-01
4.018943972471730186e-01
2.095049520327153803e-01
2.638052458086548313e-01
2.158653867829524176e-01
3.584621431775159017e-01
2.618288918285057720e-01
3.278367251045917752e-01
3.400413856972964721e-01
4.120790247220180169e-01
4.947395572667214192e-01
4.221708246971838663e-01
2.314134364981086933e-01
5.055659658541394874e-01
1.627688554079293470e-01
2.975877536772602583e-01
2.871932452662348534e-01
3.774823304178687722e-01
4.181886992868437680e-01
1.995235735303497737e-01
1.937829623701896598e-01
5.523711863126943289e-01
2.154196495470035999e-01
6.485450991363580497e-01
3.424556643232435360e-01
2.523948774772720727e-01
2.927996498943369330e-01
2.256910696870851885e-01
1.927224161644888745e-01
4.925805880420902616e-01
3.640179554726606370e-01
3.127735121495309190e-01
7.758173832243033807e-01
2.948179760664415561e-01
5.614192323889947156e-01
3.142107419459349571e-01
4.593932815809571579e-01
5.000000000000000000e-01
4.739711522281780942e-01
2.159052836448353274e-01
3.059236943845585199e-01
3.020008678293503723e-01
2.598973789684025371e-01
2.595954204716550695e-01
2.135826273141382126e-01
2.159720190330739475e-01
2.044721550985803826e-01
1.970194079700918199e-01
2.135826273141382126e-01
5.000000000000000000e-01
5.495496196489698670e-01
3.066559582937368744e-01
6.184081549054771809e-01
2.333254501483010834e-01
2.021464056496171391e-01
2.543935913377654567e-01
2.080159468192502026e-01
7.945020238285512848e-01
1.569635789758088429e-01
2.159408221525074278e-01
3.485554522494231922e-01
2.337834227329304293e-01
1.827110022452456406e-01
2.073298241347977522e-01
2.257797616158016274e-01
3.623949895544194000e-01
6.679246597495295257e-01
2.168988568440785025e-01
2.854073244223976347e-01
6.272598142050115344e-01
4.669823256721564175e-01
2.468780652260952613e-01
2.128250762598158652e-01
2.755436491185252468e-01
2.259497884319303651e-01
7.945020238285512848e-01
3.137265260401398415e-01
4.471883262814174143e-01
4.292043097859186696e-01
4.365441693196006612e-01
4.535876725452410718e-01
3.107498295428028356e-01
2.295653680592300572e-01
2.653437176536583286e-01
3.307498777420328495e-01
5.567597209327755925e-01
5.665144367749859189e-01
2.989309447068283498e-01
3.217054017871643912e-01
2.922133695343944737e-01
2.613453082105767766e-01
3.382075293122538406e-01
1.884919685340095408e-01
3.184905487851681372e-01
2.450618185680427663e-01
5.544792402401672593e-01
2.443654335472858208e-01
5.197774735130117341e-01
4.879850411409292765e-01
3.517000817377203825e-01
4.240729624945316356e-01
3.449101095706103570e-01
3.461358142589712195e-01
5.557893910061169063e-01
3.420155629826039934e-01
2.046340231151779487e-01
4.849331724577595204e-01
3.086791331667836924e-01
3.020188405093999218e-01
5.677335604085259613e-01
5.184352080793831474e-01
2.244847560082129656e-01
2.725048316572169504e-01
4.219114028551644857e-01
3.586735808879700227e-01
1.906406304196611168e-01
2.558562015813049539e-01
3.413676690567693517e-01
3.190566109485303281e-01
2.957033093286229875e-01
5.456177864176335879e-01
5.867459277475750579e-01
2.446122661103069529e-01
2.139245145499497625e-01
3.382283308223175133e-01
4.556557982277811281e-01
2.112362094846127747e-01
2.808299513073339027e-01
5.367329258075885789e-01
2.430367288973523665e-01
2.963574354634467833e-01
2.127891842507959874e-01
3.123002308007237215e-01
3.435588373676801699e-01
2.201259395312565037e-01
4.221991465427496482e-01
4.075855718792128490e-01
1.486911168833535690e-01
2.523688405126920387e-01
2.099295296811145017e-01
2.672018138825243971e-01
1.779397006134694481e-01
2.111435772872168881e-01
2.111791257419995960e-01
5.191964979453620455e-01
4.488354012187722453e-01
3.226820952169054402e-01
1.503870037855370712e-01
2.111791257419995960e-01
2.228207804236588541e-01
3.359208154685650594e-01
6.941463109610490623e-01
2.065071981364227649e-01
3.293271486351673771e-01
4.702710426234740781e-01
4.084269663880145673e-01
2.298301938615189832e-01
2.236592630322247754e-01
4.561342369847273814e-01
2.111574295924596723e-01
3.300815099950092923e-01
4.312775775765195219e-01
7.066055488861410216e-01
4.935105779988901431e-01
4.371109707385077425e-01
1.833458298657846819e-01
4.597678490478941393e-01
4.009227898013204006e-01
4.452359594601030812e-01
4.783594402715337646e-01
5.052606343700071223e-01
2.545601506682366733e-01
2.932462081505927687e-01
5.058164269702749571e-01
3.587657841614001475e-01
2.891516789090399775e-01
4.069014829383341691e-01
2.722658886523406929e-01
4.179222044959917115e-01
4.283331752688294136e-01
6.115975934679257486e-01
2.985111474421048849e-01
2.613941821247821595e-01
3.782707561011318109e-01
5.870619870018047859e-01
2.684084546179623110e-01
2.796063812630389389e-01
3.013188988600170592e-01
5.671981077614672850e-01
2.940003215376008061e-01
2.158185202546562820e-01
2.460718568173782816e-01
7.035748478429386665e-01
1.915699276889114566e-01
1.851399565845434081e-01
4.877178241424396932e-01
2.608258898291505035e-01
1.995952951560455713e-01
1.846166535027633504e-01
2.005051905950583080e-01
1.535780962787062776e-01
3.468273168099479942e-01
1.413577573914562013e-01
2.420822271922469793e-01
1.046920702578051782e-01
1.086075976633597701e-01
3.072129204988017781e-01
4.899094954363943377e-01
2.845193147684174084e-01
1.432717822622631698e-01
1.861672730762488626e-01
3.322126504537700198e-01
7.071095290756758134e-01
4.552770839055073626e-01
5.815750458767948716e-01
5.144269186767002067e-01
1.743924644491365583e-01
5.144269186767002067e-01
8.114350158863716800e-01
5.837226391956048532e-01
6.142525607201300142e-01
4.027270947038021354e-01
2.990521994812093687e-01
6.760472441612376260e-01
6.817293066066311136e-01
6.760472441612376260e-01
6.559901363518638728e-01
1.867954086895795562e-01
2.145383270931884023e-01
3.705578005634824201e-01
3.937566878178334062e-01
3.462436254572346384e-01
6.532590625825838160e-01
2.211182773867322038e-01
2.752312138566621602e-01
9.428851461660971156e-02
2.278364535182464401e-01
1.857950923556359879e-01
1.698391659785311869e-01
4.170706609980622259e-01
2.119469449170554298e-01
1.002164597137576024e-01
1.415998056792905635e-01
1.510204409684603177e-01
1.510204409684603177e-01
3.783777257365122382e-01
1.463086234564161536e-01
1.299360101904294129e-01
2.830060767817837997e-01
3.601780317051643254e-01
1.511876106740070724e-01
2.195957830038150760e-01
2.156111695250218230e-01
3.539966368190187174e-01
6.002134121048832149e-01
5.000000000000000000e-01
3.631763592500190097e-01
5.112511344482270070e-01
6.650075898704302935e-01
4.058880020701814417e-01
5.542738916850104003e-01
5.642297420799281538e-01
3.354091454815796847e-01
3.725795015217709949e-01
4.941311048669313477e-01
1.510204409684603177e-01
3.108291108653705725e-01
7.073756209235130266e-01
2.379204769929754715e-01
4.780139565499593735e-01
5.225560048468851360e-01
2.162489663263911788e-01
2.293790425570622071e-01
4.306018986230847334e-01
3.276516016334726777e-01
4.411510085353357313e-01
3.646971031097065996e-01
3.971631956035172051e-01
2.654592066349636403e-01
5.000000000000000000e-01
2.475997671928097943e-01
5.268319776783826347e-01
1.890205339739964852e-01
6.518378667835881268e-01
2.756845035685750456e-01
2.505314769125838170e-01
2.159933262484408367e-01
4.065593904675914305e-01
2.127443825075132355e-01
5.860332396135252697e-01
2.955886084678769343e-01
1.842533180979065710e-01
4.586742822583500523e-01
1.588348851863252420e-01
1.289938784411957251e-01
4.065593904675914305e-01
1.940190956744830830e-01
4.744898107201823145e-01
5.263627191041454489e-01
1.884801828804755774e-01
4.874672550296296203e-01
1.972738746325917447e-01
7.306329150736806666e-01
2.385444050439245178e-01
2.009644579052280167e-01
4.617203962501900683e-01
2.438209593796352437e-01
2.438209593796352437e-01
5.000000000000000000e-01
6.386387314869593768e-01
2.497086692840705946e-01
2.162113958061482877e-01
2.660708412116346011e-01
5.439315445965536844e-01
4.827076290064880593e-01
4.512789803695046453e-01
1.870543832389547911e-01
1.910009793112073251e-01
2.133361799088049626e-01
3.104078930986106655e-01
4.811644580459060183e-01
1.633098358315441256e-01
6.602448898304440483e-01
2.295208025693683818e-01
3.274091541963436991e-01
2.730825874925632557e-01
5.630804812672222104e-01
3.925225697580664863e-01
3.357205911298015155e-01
6.834222887523780932e-01
2.161871644501280609e-01
3.433459736018185104e-01
3.930786751832261450e-01
4.021473601083252469e-01
9.995522047595886694e-02
1.560833438180949662e-01
1.456358222729278173e-01
2.753967763733267127e-01
5.400147575084223162e-01
5.905758211036679084e-01
6.806283519640364821e-01
6.611723041782575638e-01
2.369339281165788180e-01
2.162489663263911788e-01
6.463431211861818682e-01
1.842533180979065710e-01
3.104078930986106655e-01
2.098883667501735828e-01
3.036597033354515585e-01
1.926160621519962535e-01
3.288206273094634313e-01
7.046009151783124702e-01
5.374987863575308999e-01
2.223213611022457903e-01
2.608587840305230943e-01
1.847335660275855329e-01
5.606455866553069489e-01
2.433543231863121159e-01
1.645957361352751169e-01
4.832589565713375501e-01
1.852718405261983003e-01
1.614811900124126509e-01
1.194754175437109933e-01
2.269232691117281930e-01
5.889206589603159792e-01
4.514340645578245326e-01
6.962785436436196296e-01
3.911479092727940809e-01
6.488028048801608438e-01
2.796937417261623482e-01
1.194754175437109933e-01
5.889206589603159792e-01
2.726222015166616663e-01
3.339227382659945564e-01
4.401154176093055592e-01
2.681028662944848762e-01
2.503622268660439243e-01
1.851835948440505863e-01
1.852448149895459251e-01
4.741100460806355610e-01
2.460059991495325837e-01
1.660436311285611310e-01
4.137008581034641863e-01
1.852645874364941547e-01
1.735455899841367444e-01
7.240705277519035032e-01
3.692385324350490605e-01
6.171334192596682477e-01
3.913831736456320765e-01
2.019477740760490803e-01
5.266039172421603798e-01
2.352226140458187342e-01
4.920784676886272857e-01
2.956760797165276511e-01
3.825325126267315468e-01
6.491552004227043593e-01
1.972624729804199617e-01
3.209721836384074600e-01
3.770539951019574731e-01
1.852718881100778592e-01
3.052387414593670800e-01
4.722370456226459567e-01
8.616691319288154460e-01
1.352245080389295473e-01
1.972624729804199617e-01
1.867659907091924198e-01
2.956074099129942789e-01
4.755941780031413546e-01
4.937856063309041255e-01
3.692385324350490605e-01
1.194754175437109933e-01
6.963754743013478299e-01
2.082334449207687843e-01
1.622496111631922810e-01
3.376422078842326036e-01
3.943708004035813564e-01
3.417457156301957899e-01
4.937119035372182219e-01
1.243259333383743004e-01
2.797111905479959804e-01
4.404845363379076284e-01
3.850340200613374675e-01
1.852910518270382279e-01
1.882182395870292402e-01
6.963611922943651056e-01
3.552066955773461321e-01
3.179734537020953988e-01
2.301237843897082358e-01
1.616085303022784803e-01
1.767629396096317695e-01
2.289490956421535162e-01
6.593403317380833739e-01
2.866586773962463974e-01
4.681162753871478954e-01
2.245818111448041055e-01
2.246917083275805638e-01
4.465683027691010332e-01
2.265714066673493177e-01
4.099593379859182707e-01
1.970189082008929338e-01
3.576915170797351218e-01
3.960330025644027141e-01
4.473198866620797243e-01
3.589151345711346641e-01
2.252948795009662442e-01
2.468469227243288988e-01
5.000000000000000000e-01
2.091445723942713109e-01
2.606567052224693648e-01
2.074600212998043147e-01
2.303349976339473248e-01
3.627748798120104534e-01
3.154177468100753945e-01
2.109544496341086983e-01
2.409601800856181197e-01
3.194271006978849359e-01
1.948992485707604083e-01
2.661172396217499347e-01
2.609515412088513897e-01
3.782614677687888838e-01
2.245842535362549686e-01
4.643971564931893004e-01
2.027225289576147504e-01
2.182317159260359629e-01
2.883366725581117396e-01
2.319687928888941597e-01
1.975393412671593019e-01
2.079627150337595154e-01
3.484817905748694988e-01
3.005084615284991933e-01
1.940276141963933609e-01
3.795499049196873198e-01
2.253158510680713933e-01
3.412361702055748958e-01
2.253158510680713933e-01
1.954793281332005417e-01
4.933963824176029189e-01
3.045938072614928771e-01
2.255632542818093722e-01
2.127123182620681285e-01
1.814196874583312025e-01
3.330315586118852145e-01
3.362698198285044016e-01
2.145495608468829252e-01
2.253156423627388771e-01
2.700762951256721056e-01
2.847695378538152022e-01
1.980040259065822539e-01
2.583930883909530962e-01
2.372191651923842015e-01
3.381867642134729346e-01
2.217634660022231585e-01
2.894803761440341017e-01
3.315677240226543310e-01
4.700615031354444251e-01
2.268992419755786749e-01
1.805516944478583186e-01
1.731539823481639540e-01
4.788236881287282198e-01
3.183973795809834084e-01
3.301638977674515862e-01
3.578667721442287952e-01
6.841583646907101190e-01
4.693379437527185893e-01
2.258229667131659291e-01
3.328612563383045453e-01
2.048686980224385945e-01
3.055110705960166206e-01
2.964215581453201742e-01
2.673457257130977816e-01
2.495749462334226898e-01
3.772581338963392761e-01
2.765480229199756002e-01
2.333888199123069496e-01
4.085458846009300538e-01
2.505405500587006284e-01
3.400108860431057534e-01
3.507816590088156938e-01
2.616553472027816629e-01
2.847261822408283516e-01
2.619651232452656076e-01
3.158409576451255973e-01
1.828320897746805451e-01
2.914408892163308784e-01
2.804107532124073265e-01
2.800101544724205027e-01
2.546648525366361770e-01
2.777842120400220161e-01
2.271068094501675627e-01
3.147821209826723310e-01
2.375602240674746235e-01
2.651082226402569075e-01
5.203035285043284830e-01
3.678185238351246444e-01
2.661182398320919296e-01
2.378256125616013128e-01
3.904153046786089654e-01
2.472569599025314646e-01
2.470812293934362414e-01
2.652302612375967428e-01
2.935295579477678607e-01
2.371344979784862361e-01
2.730938556260089078e-01
4.715324128350130706e-01
2.619852750087567350e-01
7.202626129098820273e-01
5.054417861675276624e-01
2.672993280093138857e-01
7.200255123502643517e-01
3.389741385636663717e-01
2.619651232452656076e-01
3.035963853847769012e-01
4.280174795563218004e-01
2.427375598653626065e-01
2.233237826881495081e-01
2.929531680433834495e-01
3.112619341905774051e-01
2.652248232901099345e-01
3.309068505752759126e-01
4.639598408314215550e-01
3.614608849396572232e-01
3.969615004890614252e-01
2.470708258165604243e-01
5.996562674352636790e-01
2.619651232452656076e-01
2.661484196421194381e-01
3.091004814417794289e-01
2.811019863406268859e-01
3.951638763504374818e-01
3.171463884948954037e-01
3.975865778855364185e-01
3.108022995001025190e-01
3.925808068096466874e-01
2.263159338278863120e-01
4.547889692502811165e-01
3.324305777831983444e-01
5.291611841547783079e-01
6.730641472983381890e-01
5.000000000000000000e-01
2.940899948046716839e-01
3.709437177552592502e-01
2.831326765963899650e-01
3.052024849852050803e-01
2.720755273751299663e-01
3.528068549591104053e-01
3.387987130910540823e-01
4.044641578694937456e-01
3.094627428378144973e-01
2.246044013121208938e-01
3.383414663912128195e-01
3.273719528265028322e-01
2.345779965591776872e-01
2.268298053995344288e-01
2.668733235351706812e-01
4.259297350514993918e-01
3.035900515043431502e-01
2.168422959384465609e-01
3.283358414751967880e-01
3.591008700920336194e-01
4.378822853667375670e-01
3.099974680670342098e-01
3.021144951069545392e-01
2.543357904044826201e-01
3.540999595472925643e-01
2.535061956854721132e-01
2.718845627643792229e-01
3.502263299096927129e-01
2.682450768021468757e-01
3.330122206950320574e-01
2.970399787753086884e-01
3.082326063041291309e-01
2.356050980374119197e-01
4.493919931339924179e-01
3.075249798981168348e-01
2.649658705164406047e-01
3.171394664866200030e-01
3.883000563954083773e-01
2.694987537300755354e-01
2.536449709050596080e-01
3.127417301970649710e-01
4.062741052670935660e-01
2.828995867382458340e-01
4.252445084011017284e-01
2.150616664613659301e-01
2.576155356575571265e-01
4.663427109717535601e-01
3.941410121541995548e-01
2.595934647376101911e-01
2.649658705164406047e-01
7.353911563703969811e-01
8.441058627347686194e-01
4.060207581121550446e-01
2.533935000343121025e-01
7.339986938021348939e-01
5.126298555662434087e-01
4.729215679974897446e-01
2.570129002127832796e-01
6.838968397655634801e-01
2.692781124264190806e-01
2.785140302654432465e-01
2.263934365781042346e-01
2.999153805425869845e-01
2.946598780730639300e-01
2.407044138074619921e-01
4.328999258246586934e-01
3.913556787376286650e-01
3.148388991867866471e-01
2.753490610820396589e-01
3.686858095894444132e-01
3.217822864075194356e-01
2.732580242586700181e-01
8.171679129595608160e-01
3.335850875160636941e-01
3.106824323271983879e-01
6.519202826268122308e-01
4.299735765637177631e-01
2.490245411855926128e-01
2.806145256128898535e-01
3.023666577065635130e-01
4.637300725217198827e-01
