2.350439828589134528e-01
2.891571219580013063e-01
2.384709657284860562e-01
2.354264421846604671e-01
2.394533084613730822e-01
6.813112523542240728e-01
4.927533523649827996e-01
2.355298674573594875e-01
2.277434927603126380e-01
4.316558845601163319e-01
2.521625668939623810e-01
4.633010864523136041e-01
5.733695816360045994e-01
3.439806697643407740e-01
1.825710479274183784e-01
3.352674794482760623e-01
5.000000000000000000e-01
2.041517618473500661e-01
2.230924997759294037e-01
5.733695816360045994e-01
3.670838613962685293e-01
4.719688969223859720e-01
3.024426113167330010e-01
2.777622951970056264e-01
2.430019286070975726e-01
6.054507944867908442e-01
4.249830939470400359e-01
4.496738391129805890e-01
2.355298674573594875e-01
2.102599238346267163e-01
2.350439828589134528e-01
2.355298674573594875e-01
6.178718264276862326e-01
2.692665804461122914e-01
4.480163516477210228e-01
2.368891074431496713e-01
4.300424083036369916e-01
2.731518920879085210e-01
3.064691825046956253e-01
4.283970193793266157e-01
4.737417777438307498e-01
4.233866914294419637e-01
2.468101191362393754e-01
3.303610734122698900e-01
2.350439828589134528e-01
2.049663775895686491e-01
4.633382746991984713e-01
2.355298674573594875e-01
2.609164340763316381e-01
2.326444386953199495e-01
7.381543403474389864e-01
6.178718264276862326e-01
5.000000000000000000e-01
2.975900459811239296e-01
4.607279116524278795e-01
6.178718264276862326e-01
2.355298674573594875e-01
2.805696248777671542e-01
2.431787500855907280e-01
2.049663775895686491e-01
3.408923292539083327e-01
4.494207515433732425e-01
2.381323427511924384e-01
2.800894625556036854e-01
2.355298674573594875e-01
2.203447879763202610e-01
2.041517618473500661e-01
2.854024916563098757e-01
2.049663775895686491e-01
6.984212474201481058e-01
2.436217614629051786e-01
2.431787500855907280e-01
2.400982344961675730e-01
4.483261191237236098e-01
3.047343292107727586e-01
3.092399368507577906e-01
3.494814496381459801e-01
2.027387618529488122e-01
2.027821370429400416e-01
4.326553436338464453e-01
3.876714624325988123e-01
2.027387618529488122e-01
2.028079687951190868e-01
6.094231803191447749e-01
2.028620693498899841e-01
2.380691032287358955e-01
3.768048183956473340e-01
2.019361327910337567e-01
3.920963338945463450e-01
2.028620693498899841e-01
3.063519757044525504e-01
3.343925535709817431e-01
1.874942578599177456e-01
3.180955093920432297e-01
4.056458110865643896e-01
3.664984677940981150e-01
5.314220312529933654e-01
4.724088261554437174e-01
2.533798634219158186e-01
2.890595798908562886e-01
2.314264392577921325e-01
2.632257580586496171e-01
2.028620693498899841e-01
3.128860290237671093e-01
2.027387618529488122e-01
2.027964378894734909e-01
6.513284378003096897e-01
3.930007313377673617e-01
2.432715347944166828e-01
1.902496275014617377e-01
2.540481737754384794e-01
2.028008687062213267e-01
6.512044704201206402e-01
2.027568679504072324e-01
4.261900740861889747e-01
6.512044704201206402e-01
6.512603629441826580e-01
2.028295502788993454e-01
2.027387618529488122e-01
2.865199963840376896e-01
3.388401281452562697e-01
2.412468952226073660e-01
2.027387618529488122e-01
3.052653655358192331e-01
2.265421748101799637e-01
2.028620693498899841e-01
6.513132800623269159e-01
2.027778187534910459e-01
4.705893166825622087e-01
1.956865243422131195e-01
2.028295502788993454e-01
2.028620693498899841e-01
2.678733814450228734e-01
5.219965100931652779e-01
2.261230164396857978e-01
3.082531359814567606e-01
2.028215713948193777e-01
1.945250775900148887e-01
5.163871736889764641e-01
3.090647295710666764e-01
2.376120600988175513e-01
2.928898856318681299e-01
2.027635454877043664e-01
2.027459428582920609e-01
3.382357987194876681e-01
3.350755064323857613e-01
2.639074952270598629e-01
6.512696328629518083e-01
3.699657492302894091e-01
5.776308488951371611e-01
8.430625612892228560e-01
6.319894810255657358e-01
2.223536970462183515e-01
2.597562822839347696e-01
2.608718847387623829e-01
1.739021111102312944e-01
2.072631184453438136e-01
2.136700330696187922e-01
2.098530850395772251e-01
2.142772107222106481e-01
2.148565562162989828e-01
2.136700330696187922e-01
5.275391978401073878e-01
6.995628909573200493e-01
2.148565562162989828e-01
6.678842341472041033e-01
2.110703217393739006e-01
2.207535756914924818e-01
2.124737408620047951e-01
2.214419836494370131e-01
6.678842341472041033e-01
1.416689674292734846e-01
2.193108653063784164e-01
4.249813219638992612e-01
2.219016968696147507e-01
7.322495883692951013e-01
1.516650695622162870e-01
2.136700330696187922e-01
2.381733884455027039e-01
2.384591362044451712e-01
5.292465439228857260e-01
6.678842341472041033e-01
1.953123515201296845e-01
2.148565562162989828e-01
6.763360422364699254e-01
5.000000000000000000e-01
1.908261704705864203e-01
2.144895636405528272e-01
2.054152794368354074e-01
2.097304640273055798e-01
6.678842341472041033e-01
2.136847517472271751e-01
6.678842341472041033e-01
5.266629825631111705e-01
6.490759067565438079e-01
4.695653997350174302e-01
1.651542706562149354e-01
2.150339757595108869e-01
2.283450534244408081e-01
7.322495883692951013e-01
6.807828737861328916e-01
4.053521295466405716e-01
2.125811816576017033e-01
2.106746972019265529e-01
1.959822160286411874e-01
2.637443394097951366e-01
2.228875845462169603e-01
1.546807951206852494e-01
2.144657155655026459e-01
6.689189903346786092e-01
6.160683372490413090e-01
7.630734981887813406e-01
5.928556118486786319e-01
5.431135733518258624e-01
4.171739836702271775e-01
4.168922031079924095e-01
5.577180426816390479e-01
2.159338105220859338e-01
2.140987904291268284e-01
7.153034864745413390e-01
4.530351556859540940e-01
2.755969667383214028e-01
7.030112291129877455e-01
2.311697030288218935e-01
2.722041433061219151e-01
2.372392760889091012e-01
2.471762466919307510e-01
2.242841072570444794e-01
2.211057291626169485e-01
2.334651352253332146e-01
4.742984049797177581e-01
4.468059527859820079e-01
2.524581414510800315e-01
2.345303397325171346e-01
6.069247848681189605e-01
8.134603533809334763e-01
2.319078855335996447e-01
4.822359360061193034e-01
2.670059919593660847e-01
2.486322733902274484e-01
2.708852380525395565e-01
2.188726961087975320e-01
1.749522193013057780e-01
2.328862772654695934e-01
2.371904112804670284e-01
5.880063414324037119e-01
2.254119006559087424e-01
2.275758078523264782e-01
2.262978013219268947e-01
2.463584871886569660e-01
2.309260733696221479e-01
2.185897277402905625e-01
5.448547431885686354e-01
2.329636400766697257e-01
5.547026648049733222e-01
4.096575032509414682e-01
4.470206300794962173e-01
2.333824541723875934e-01
2.337057019662712176e-01
1.483731359838503516e-01
2.329636400766697257e-01
2.523052040978295274e-01
2.633003138337571825e-01
3.724949912203682212e-01
6.228684914395959948e-01
2.309260733696221479e-01
2.531503027614786516e-01
3.066607014189512426e-01
4.101273264084783210e-01
2.453358663112603366e-01
2.482418906839271855e-01
5.880063414324037119e-01
2.309260733696221479e-01
2.657472955492499178e-01
5.880063414324037119e-01
5.880063414324037119e-01
5.917576980772903950e-01
4.584179092988644455e-01
8.431655587409363495e-01
5.491478988528223359e-01
2.333824541723875934e-01
5.157042152254746048e-01
5.547294024752573716e-01
4.692823704864264034e-01
6.069247848681189605e-01
4.468518531324999765e-01
4.838594812392311151e-01
5.516734670385542438e-01
8.508463912532244766e-01
5.598627022538755771e-01
8.708121087631477408e-01
5.880063414324037119e-01
2.487357178979965333e-01
2.228310824030411974e-01
5.628432608679806437e-01
2.269379831192785968e-01
2.345522445423563473e-01
2.356738365961116577e-01
6.514976523714733903e-01
6.653175749127431260e-01
1.775495667234591179e-01
1.951852676799278596e-01
6.531872012813896289e-01
2.455831568514116048e-01
1.914213976754517432e-01
3.665492076279270317e-01
2.302003049245390509e-01
2.357762380805327740e-01
2.357762380805327740e-01
2.347230197383282924e-01
2.589683062982346962e-01
2.327662964884340269e-01
1.616142572382965326e-01
2.357226374790748757e-01
7.412668257904151403e-01
2.644207401866046081e-01
1.722701687856716402e-01
5.812152508416392749e-01
2.315936281141519337e-01
5.470570333477080549e-01
3.863391113906218255e-01
5.794318258601042215e-01
3.566244611289421385e-01
4.208026326879923396e-01
2.357226374790748757e-01
3.669827275358372165e-01
2.500539124676336433e-01
1.868477634631244555e-01
6.197080412973327013e-01
7.063779207126607007e-01
5.858351533794465826e-01
5.688009292639081282e-01
2.369942340824620075e-01
5.858351533794465826e-01
2.356738365961116577e-01
5.858351533794465826e-01
2.358434360828202681e-01
2.290840681913930421e-01
2.357762380805327740e-01
5.858351533794465826e-01
2.333684644464369962e-01
2.357343276607486438e-01
5.812152508416392749e-01
2.594242818792324434e-01
4.543896046292456581e-01
1.450723426834024388e-01
2.963186360346533599e-01
2.344693252777356185e-01
2.079490552791403712e-01
2.357762380805327740e-01
1.450723426834024388e-01
2.113275167404883303e-01
2.357762380805327740e-01
2.357762380805327740e-01
2.453412207924786093e-01
1.451725362523327567e-01
1.675927791605631156e-01
2.526393076502964075e-01
4.522228024205374730e-01
1.230082792895920984e-01
2.474524039362795969e-01
5.214217786334863769e-01
5.688009292639081282e-01
4.094768705020542798e-01
5.858351533794465826e-01
6.625231673603677596e-01
4.023946910921027409e-01
6.360263964980763518e-01
2.048507784554080557e-01
2.356738365961116577e-01
5.445414899572920131e-01
2.208512617354107810e-01
3.893890512696880357e-01
6.033306099823653179e-01
2.125412634254171540e-01
2.156514740440708122e-01
5.586883735723938704e-01
2.116701839903248616e-01
2.560578098917847267e-01
6.552213054699282946e-01
2.424743168968971907e-01
1.906872471796214330e-01
5.391973209306480941e-01
2.144530254937444258e-01
2.582071585771256172e-01
7.092342065754162483e-01
1.917505027303294252e-01
6.552213054699282946e-01
6.552213054699282946e-01
5.059157363479489522e-01
1.967789834567280904e-01
4.864514344700014981e-01
2.509448025667030957e-01
2.113795099367169750e-01
2.111227207299767039e-01
6.552213054699282946e-01
6.552213054699282946e-01
7.170196154423490453e-01
2.350267162231847173e-01
2.130691970357913023e-01
2.433071005785295837e-01
1.509169821962683677e-01
1.625412056949187001e-01
6.552213054699282946e-01
2.144530254937444258e-01
5.371268217161808689e-01
3.438098918698272444e-01
2.130081355916274288e-01
6.211987515610103427e-01
2.525713304107036206e-01
7.092342065754162483e-01
2.366821444508033778e-01
2.188662620341108034e-01
2.963360889942697196e-01
3.066713951944549099e-01
4.833900683477332927e-01
3.084054049812531284e-01
2.345431866323521575e-01
7.092342065754162483e-01
5.388373110280403333e-01
2.121305564419047884e-01
4.456214725573862667e-01
1.967789834567280904e-01
4.091726957964315625e-01
2.163890369264492020e-01
5.795580659913643906e-01
2.351472921724707121e-01
2.269455302092108495e-01
2.116701839903248616e-01
6.667505286650717844e-01
2.121305564419047884e-01
6.552213054699282946e-01
2.190564934511264605e-01
2.163890369264492020e-01
2.660611296009530724e-01
2.675648765881010749e-01
1.224169647038112763e-01
1.509169821962683677e-01
2.099342547267311343e-01
7.130593698153959714e-01
6.552213054699282946e-01
2.090477428806674087e-01
2.125412634254171540e-01
2.137243823612366700e-01
2.130691970357913023e-01
6.472612307148749577e-01
7.800667726082985975e-01
3.529450114798401428e-01
2.062653759925980601e-01
1.458493636152129458e-01
2.073835952785226810e-01
2.062786641440398083e-01
5.496355662803683595e-01
6.473304786797710042e-01
2.164544300816240996e-01
2.156966037456682639e-01
3.668121849496588927e-01
2.419689739622258029e-01
5.296894953486344093e-01
3.982724021441605422e-01
2.783488648607970739e-01
4.279196773924986430e-01
2.062441871654630277e-01
1.563489635895904117e-01
1.621116366103633466e-01
2.042009145751087495e-01
5.648545311289864257e-01
2.601648719475255223e-01
6.472387604104647973e-01
2.455262516181145604e-01
4.326824288292872023e-01
2.706567771079647633e-01
1.621116366103633466e-01
5.648545311289864257e-01
3.733047838649259376e-01
2.063067596411207738e-01
3.989098854340665246e-01
2.063067596411207738e-01
2.026988860791099911e-01
2.062667506494365033e-01
2.063067596411207738e-01
5.694873428597940768e-01
2.062900453267939305e-01
2.466469135784869482e-01
4.406064361318066669e-01
2.063179532381787251e-01
2.461778779887916491e-01
6.473261567983032982e-01
6.188678973538738193e-01
6.916504550499615878e-01
2.485557189919879173e-01
3.970122041060242801e-01
3.677279840455601190e-01
5.435045732047492084e-01
2.933807366995520582e-01
2.872842172065857569e-01
6.106336740648644623e-01
2.062755916783851617e-01
6.381944615832709777e-01
2.063103601859835323e-01
4.915483750795835993e-01
5.540051316849793350e-01
2.062667506494365033e-01
1.877043189037405080e-01
2.062755916783851617e-01
2.024116665825392569e-01
2.063103601859835323e-01
5.648545311289864257e-01
6.472727883289954853e-01
1.621116366103633466e-01
6.472871389580288071e-01
2.062667506494365033e-01
3.668121849496588927e-01
2.297667337434283474e-01
1.556593226601121482e-01
3.484807716911356157e-01
3.069132581326572407e-01
4.290441437935160751e-01
5.648545311289864257e-01
3.834153448724840207e-01
2.689994514667565229e-01
2.912382307268209791e-01
4.464145346087645128e-01
2.368926931674793235e-01
1.765233323026530465e-01
1.909992572237226294e-01
2.436325890487988921e-01
2.378027866771859622e-01
3.328696064195108550e-01
2.854853799317447205e-01
5.765080668613652426e-01
2.363670540589320190e-01
2.603375651455305251e-01
5.437773636136742361e-01
2.355664437020419943e-01
5.000000000000000000e-01
2.097125292740182889e-01
5.000000000000000000e-01
6.113168014759569058e-01
6.610271813044199529e-01
6.082778836182455295e-01
2.352713950891109351e-01
2.464054971405587324e-01
5.621625647995270869e-01
2.353723938720558018e-01
2.505367883145861452e-01
2.211472060982684062e-01
2.229342055994832650e-01
2.682035767935131432e-01
2.603375651455305251e-01
2.303976961477278429e-01
2.282249404076757970e-01
2.349870240205484406e-01
2.353757230914531873e-01
2.509971600208158460e-01
2.349870240205484406e-01
4.799702677770639192e-01
2.353757230914531873e-01
6.065827567284810540e-01
2.349870240205484406e-01
1.969168215693174462e-01
3.111709399708533774e-01
2.353694216761540170e-01
2.353757230914531873e-01
2.395617065107192578e-01
4.422370481788349128e-01
1.542031617906987895e-01
5.067208512361043304e-01
2.349270694710456631e-01
3.471271825785500753e-01
2.349270694710456631e-01
1.718760371255416419e-01
4.941974699322026487e-01
3.355800856440504520e-01
2.278491294944408052e-01
2.492879785124243464e-01
2.353044351169826520e-01
2.353757230914531873e-01
2.349870240205484406e-01
2.350207854279728892e-01
2.343147538712345712e-01
2.679497117791784788e-01
5.765080668613652426e-01
2.349270694710456631e-01
3.195370641029082748e-01
2.390917593334735414e-01
2.326192005856455580e-01
2.381563755133972726e-01
6.113168014759569058e-01
6.332921948986006688e-01
4.033046874009773575e-01
2.349870240205484406e-01
2.349870240205484406e-01
2.189313783849746453e-01
2.316913370184340848e-01
2.020046952608149926e-01
2.189045487632886311e-01
2.189568715492530848e-01
8.968763733252926862e-02
5.000000000000000000e-01
1.875946835389369627e-01
1.518213531571787622e-01
2.145699602036608977e-01
1.814893869400171778e-01
4.833711015744436845e-01
2.103224698362077261e-01
3.560906284497297736e-01
2.483205180281732039e-01
6.314741729680041216e-01
3.129689877663531794e-01
2.190214432813728795e-01
2.189833784651831206e-01
2.189633664081976350e-01
5.999718009792731621e-01
2.136139873218190488e-01
2.189717710353532576e-01
2.189833784651831206e-01
2.061076834383659406e-01
2.189594121520172243e-01
2.188946993245729222e-01
2.030178808828220216e-01
2.776006845591826311e-01
2.020046952608149926e-01
2.189833784651831206e-01
6.364206920749062579e-01
4.641506530566127386e-01
2.189833784651831206e-01
2.020046952608149926e-01
7.143759269742001594e-01
2.189375235408615450e-01
2.188946993245729222e-01
2.382978097495148384e-01
2.190214432813728795e-01
5.847893334260274578e-01
2.295305876685786450e-01
5.999718009792731621e-01
3.612992335119336040e-01
1.347283141551335328e-01
4.813305352653486913e-01
1.611484011270492567e-01
2.189833784651831206e-01
4.192633096960814432e-01
5.943210142023310771e-01
2.270804367652246580e-01
3.358192602726243203e-01
2.774794361749789440e-01
2.189045487632886311e-01
2.460007621957440438e-01
6.235470717032358667e-01
4.802392844496571889e-01
6.257150515942930813e-01
2.804388134368446805e-01
2.189833784651831206e-01
2.189568715492530848e-01
5.119104592869329062e-01
2.189088584414144445e-01
7.524367203445611607e-02
3.280456613521004483e-01
3.120605883564086525e-01
2.629707419889458220e-01
6.279864250745856857e-01
4.426023846773400883e-01
6.376926774847341273e-01
6.314741729680041216e-01
7.209870652577552441e-01
5.999718009792731621e-01
2.419519232919932206e-01
2.904043142992915327e-01
3.917082617826954660e-01
2.048340087345978944e-01
6.616242135362228050e-01
4.703430009480288332e-01
2.547969966875865966e-01
2.048395607265706408e-01
1.435388020301950063e-01
2.048127854068067244e-01
2.047906835313154372e-01
2.955349106427568873e-01
1.735551305951187062e-01
2.048783322126245532e-01
1.996170375235780670e-01
5.353289096160103178e-01
2.048946601227170650e-01
1.435388020301950063e-01
4.410945271793207390e-01
6.187632042171319346e-01
3.308652007111934079e-01
2.278161788825923684e-01
2.048877817064351514e-01
2.048877817064351514e-01
2.692603496731256763e-01
2.242971368499716844e-01
2.317387387493676509e-01
2.403503554729695679e-01
3.497917667621702753e-01
1.435388020301950063e-01
6.739428851790938424e-01
3.536893902107794418e-01
2.155237042840314199e-01
3.565903738500776909e-01
5.645897365577914329e-01
1.988612182364548897e-01
3.659666774098754849e-01
6.739428851790938424e-01
2.294735489545285390e-01
3.188583026433369216e-01
1.435388020301950063e-01
3.101437625663214237e-01
5.937071630774357622e-01
2.048208566603499092e-01
2.155237042840314199e-01
6.739428851790938424e-01
5.423827636457875245e-01
7.119160340528224440e-01
2.047574752039956480e-01
7.133556601808039854e-01
6.269135270199778232e-01
4.053914577520320583e-01
2.048208566603499092e-01
6.692009973020314195e-01
1.779334539862449382e-01
2.623030143831002747e-01
1.735551305951187062e-01
2.530389999011916080e-01
2.730112875776172787e-01
1.719468010538222624e-01
5.551282735582311334e-01
3.798984992375146752e-01
2.048127854068067244e-01
3.881780841271715299e-01
6.739428851790938424e-01
7.088319044904475286e-01
2.176379140145407731e-01
6.739428851790938424e-01
3.424366456916378421e-01
3.657869390420418476e-01
6.685847638106182655e-01
5.000000000000000000e-01
2.306330599371015366e-01
2.048525520274595002e-01
6.947074955775996985e-01
