2.504720959369170497e-01
5.647457229042478488e-01
3.302319504415515139e-01
3.081783534227253707e-01
4.037218442046895395e-01
3.636647946372860152e-01
2.541408798446678219e-01
2.542167703749443342e-01
2.689880091635071246e-01
2.417129951875335581e-01
3.212672776621152138e-01
5.143952609672700627e-01
3.135558768901391957e-01
2.541903847439661579e-01
3.069158179912564455e-01
4.752335974516771477e-01
1.251521615163935230e-01
5.646378450267379723e-01
2.603112564576032240e-01
2.508008258983523975e-01
3.598774415664372506e-01
3.191003731783561004e-01
2.541939072997111970e-01
2.566135975787249834e-01
2.542322300864411910e-01
3.971095251210738919e-01
3.169433191634523084e-01
5.646879012824095323e-01
2.542141422180787536e-01
3.649130460672364573e-01
2.944160537186926718e-01
2.542303409411761916e-01
3.599778813726547400e-01
5.646758720396181097e-01
3.600307287290340774e-01
3.803923079273933694e-01
3.774304751793800539e-01
2.521461589014879490e-01
2.542160771733498748e-01
4.294196224399279282e-01
2.493771231448954351e-01
4.521555780273784908e-01
3.562511587297872984e-01
2.408790072500249513e-01
5.388617620425705246e-01
2.541762382366445916e-01
2.542167703749443342e-01
2.542275823997995898e-01
2.542015042523169122e-01
2.441460001965557736e-01
3.186743338782211943e-01
4.005250649491223225e-01
2.542015042523169122e-01
6.224317061553659158e-01
3.367476928123141477e-01
4.345057910154554448e-01
3.645163765462501870e-01
3.186966794140158599e-01
2.541560280079157019e-01
2.542368337807486833e-01
1.251521615163935230e-01
3.525036057935332923e-01
2.542167703749443342e-01
3.218402267225376479e-01
2.542322300864411910e-01
2.526118898042717387e-01
2.542322300864411910e-01
3.501059003541578396e-01
3.486420442496377947e-01
3.648754776412425072e-01
4.028181351118232945e-01
3.210102590879249096e-01
3.483213283305051644e-01
3.608542441405381829e-01
3.483321714957436921e-01
3.396345812154346611e-01
3.305317578392468758e-01
3.475967461129937930e-01
3.467743134178170039e-01
4.077660329974809872e-01
3.494687953265426805e-01
3.886529622133017003e-01
3.888146600996557067e-01
3.082401935342092836e-01
3.083919882514946642e-01
3.086717382313751146e-01
3.083369326918053432e-01
3.083902296433623791e-01
3.083677311133266041e-01
3.086717382313751146e-01
3.183806375417788104e-01
3.084082842432537830e-01
3.342771688595772561e-01
3.483495918042295858e-01
3.083677311133266041e-01
4.029059103527186103e-01
3.357970273632279734e-01
3.348973437272305675e-01
5.370283930311912091e-01
3.484890563728004764e-01
3.083948476340074851e-01
3.514194865102902576e-01
3.281245867869406196e-01
3.235628240618634299e-01
3.459066254918473637e-01
3.889821062083134162e-01
3.476450391344208524e-01
3.527572424596902012e-01
3.482156950801656436e-01
3.084211534568866431e-01
3.928565498004561451e-01
3.467568186300680200e-01
3.485638829424263507e-01
3.716744725996197762e-01
3.503188142131725691e-01
3.483125041831656166e-01
3.397213847914569707e-01
3.476863270815306883e-01
3.507402368937713732e-01
6.403298915378622391e-01
3.482296682913058050e-01
3.483784872155046286e-01
4.029059103527186103e-01
3.851980761645787954e-01
3.550905249707338451e-01
3.493359447685681629e-01
3.615185981418100880e-01
3.466808111976448781e-01
3.551796892374119441e-01
3.083745427248236748e-01
3.511683655854891395e-01
4.300886061751107436e-01
3.483429142403116630e-01
4.194737646298277722e-01
3.444689218061409708e-01
4.440369416511791845e-01
3.433277322845727508e-01
3.481614663104100060e-01
3.464881152154197230e-01
3.417147429946200687e-01
2.069449900255453112e-01
2.598355651171467828e-01
3.446274124743249345e-01
4.065570832531389955e-01
3.501554270769632327e-01
5.308437854296417235e-01
2.069026509139219039e-01
3.483425666599674897e-01
2.588253015254596834e-01
7.426684628741327954e-01
2.069745867586184340e-01
2.068796904315926832e-01
3.457108521350824026e-01
2.442715570546127868e-01
2.335565336569906947e-01
2.068767174303616230e-01
3.442481755993638814e-01
2.069775605008757347e-01
3.446880088360539940e-01
3.445766202571772796e-01
2.744122957782610950e-01
6.052908943712922429e-01
6.882352173181059962e-01
7.426180583119144085e-01
2.920722307031074494e-01
2.068742398582482933e-01
3.449130492528501013e-01
3.433419654516550179e-01
7.426684628741327954e-01
4.367085923356485710e-01
6.143456073720566790e-01
3.452467185839270258e-01
2.069273757401800529e-01
3.746153657140267046e-01
5.934438715711194412e-01
3.446240517807092063e-01
3.027526142561143829e-01
7.398426402890715403e-01
3.796752430775821585e-01
3.553045907943363502e-01
2.419511949469956569e-01
6.229744905341418892e-01
2.068767144545782255e-01
3.517078675345529093e-01
3.485608381971378456e-01
3.181120219769448809e-01
3.465769155851356476e-01
3.045076712212250736e-01
2.069449900255453112e-01
3.400763955418384388e-01
4.083394170798519407e-01
3.346604194717524572e-01
3.429029607813809388e-01
3.972012095911602869e-01
3.450026394305054644e-01
3.452411926295924083e-01
3.658991146613160272e-01
6.348256317976977980e-01
4.169496977564977058e-01
2.467638419590429122e-01
3.441126669821817918e-01
4.505575422228969007e-01
4.359591148283892270e-01
2.465739541665411538e-01
3.412918736969274836e-01
3.734742489217004469e-01
6.424221585476154184e-01
3.158944174235460700e-01
3.646285859390786532e-01
3.527638016290948753e-01
2.466311769545819488e-01
2.466238452065380726e-01
1.929481594969784664e-01
2.849367759325812099e-01
4.418311608362419096e-01
2.696703435517028291e-01
2.465835730401954029e-01
2.644660338467512695e-01
3.376379409630133610e-01
2.466634012715358537e-01
2.286449724053647714e-01
3.211517451685443891e-01
2.621595719590539275e-01
2.466634012715358537e-01
4.463070815983176676e-01
5.631146658495381763e-01
2.466136042240214821e-01
3.233235547049845837e-01
2.603821029452984548e-01
2.466172241500400042e-01
2.465764958858816802e-01
2.715261203581885718e-01
2.465743042507688443e-01
6.264319709508210376e-01
2.499087025335452461e-01
5.081459429364632019e-01
4.157147657971810295e-01
2.802711222886357656e-01
3.783718332361037384e-01
3.027650584824204683e-01
2.544959693816766233e-01
3.844147853842145302e-01
2.466274552486251159e-01
5.313605544867877617e-01
3.091043344085293021e-01
2.429098760631513143e-01
4.653208773217117344e-01
5.831925814627771931e-01
2.544329631433892569e-01
3.301473064455075490e-01
2.346263892923311778e-01
3.381397980481725685e-01
3.649206781134177735e-01
5.109720451829991017e-01
3.080743442513650399e-01
2.465928050981489317e-01
5.131859865608918714e-01
2.465928050981489317e-01
2.959798225105756964e-01
6.009620831286266451e-01
3.641699093313789937e-01
2.466634012715358537e-01
4.231978166903123117e-01
5.630677595169512051e-01
3.186676100580971838e-01
4.771550590416195892e-01
3.821505964003508726e-01
3.218273448356935296e-01
2.203362343209553931e-01
2.787280183542874545e-01
2.829402378848917543e-01
2.402775391716653608e-01
3.955006746827343656e-01
2.325856200548597208e-01
2.464044488385069842e-01
1.630167848886691917e-01
3.558582197723090257e-01
2.920055107970539465e-01
3.828794735770636448e-01
2.391696798006355540e-01
2.960120988669157072e-01
3.183950849318878396e-01
2.391630834192701449e-01
5.102962186736381689e-01
4.882298256829868399e-01
2.391853416181744241e-01
5.873554184534276468e-01
2.203362343209553931e-01
5.873554184534276468e-01
4.829203752562288288e-01
4.915638098041278936e-01
5.874082448903290565e-01
2.776180640965645319e-01
4.941734174731369222e-01
5.873935647157199069e-01
5.873849185578284837e-01
5.873935647157199069e-01
5.874754279230967047e-01
2.907541680851237209e-01
3.085178158633712919e-01
2.427331658394955294e-01
5.874119047608149513e-01
4.150160009706329589e-01
5.465556289546137370e-01
3.668198589191962178e-01
2.694146689770698933e-01
1.630167848886691917e-01
2.391667546254757915e-01
2.585915389189537561e-01
4.539869887329218701e-01
2.391849470612676942e-01
1.993235041391762385e-01
4.505521963826089049e-01
2.367672142282582493e-01
2.391308077142790256e-01
3.025700863186200351e-01
2.391848695033960970e-01
3.756059190585845364e-01
4.646016903164733036e-01
5.838887170119813064e-01
4.133120325230070780e-01
3.316854327611812869e-01
5.874098286925225620e-01
3.534581840551583309e-01
2.454852226325850428e-01
4.007557908536011348e-01
2.392077373604795942e-01
6.050291570922334827e-01
2.897144905569184470e-01
4.737729379558341947e-01
3.381182535860291494e-01
3.720852118505795780e-01
3.860594344601456229e-01
5.688297580916750196e-01
3.450011298364445422e-01
5.064421362860089815e-01
3.452684114238236956e-01
3.003784128540455955e-01
6.143223638703912970e-01
3.811900703371373655e-01
3.520660377727823365e-01
3.878250513828786494e-01
6.142668316546873175e-01
2.376259640526527939e-01
5.898856039596905854e-01
5.478852159688417656e-01
2.643440288443267283e-01
2.259569652619328461e-01
2.347670705558442539e-01
2.689109667501512480e-01
2.375662128027480058e-01
3.657832187032290516e-01
4.547774338250150095e-01
3.945577111310135110e-01
4.225823468850449793e-01
4.218629928637591675e-01
2.957273624724882644e-01
6.143223638703912970e-01
2.861000861916521698e-01
2.435222010796149195e-01
5.295264637742436165e-01
5.295264637742436165e-01
5.295264637742436165e-01
4.374463240667506025e-01
3.332065048851431399e-01
2.375857619217217054e-01
6.142668316546873175e-01
1.520061491016446720e-01
2.376728247674650130e-01
6.143529473955742226e-01
6.123511511033525867e-01
2.376364937097009411e-01
2.375832709914824370e-01
3.439219440234860814e-01
3.452684114238236956e-01
1.551586969560388163e-01
5.426536905985520631e-01
6.142645624592644182e-01
2.888487903068982510e-01
2.813729927494716954e-01
6.143017122734661939e-01
3.370017588966910949e-01
2.850833819974739058e-01
6.143905065425554479e-01
2.376277470035328965e-01
3.348055273685280331e-01
3.854005062310988938e-01
4.846061203754376545e-01
2.376412620419313670e-01
2.332590957838469037e-01
4.777958637218557847e-01
2.375749401671782279e-01
6.143022686010441991e-01
5.387089203047501496e-01
2.376259640526527939e-01
6.459088146623392923e-01
3.439219440234860814e-01
2.376412620419313670e-01
2.727143561735971833e-01
5.581570251897647328e-01
3.452451830966829505e-01
2.886933457986169960e-01
5.582197923887398661e-01
5.582441396968119696e-01
3.548998912480748058e-01
2.907604208481955887e-01
3.166424434798881804e-01
2.748081456307270298e-01
2.616101424599072689e-01
5.581267898533530669e-01
3.694046962910644827e-01
2.622465995731286248e-01
3.188479855175715416e-01
5.581456324032668670e-01
3.538656523563736278e-01
5.581712505872306052e-01
5.581609223937142872e-01
2.622465995731286248e-01
5.581456324032668670e-01
3.792072194556207476e-01
5.581159967970984459e-01
3.130727154624923236e-01
3.067119440728749424e-01
3.689269451998630212e-01
3.794659935300882525e-01
1.448523850689236170e-01
4.565153064929926563e-01
2.622194569793948604e-01
4.416382157659728969e-01
5.581570251897647328e-01
2.622360218329346515e-01
3.947732921197303901e-01
4.762706546719252532e-01
2.622258546346132313e-01
3.696895815073402147e-01
3.937657543227745527e-01
2.634524318412506116e-01
3.848369440030299793e-01
2.698530826478845457e-01
3.211243038722553789e-01
5.433034680733210831e-01
3.079406839734767365e-01
2.634524318412506116e-01
2.457219946741016625e-01
4.455913626471286193e-01
4.040716274413808096e-01
2.622011389603431386e-01
5.581570251897647328e-01
2.622465995731286248e-01
5.581895805031898972e-01
5.581327745151755115e-01
4.720290889921426869e-01
4.044154418014480612e-01
3.843993686933631637e-01
2.622509854673937824e-01
3.776111013434889085e-01
3.585769597031192024e-01
5.581570251897647328e-01
3.456425161466885054e-01
2.622690732233247668e-01
2.622383021163416927e-01
3.412751224806204187e-01
5.582220340771570921e-01
3.204348250356642835e-01
2.622677541626932674e-01
3.009944168303496093e-01
4.610822979109038267e-01
4.077333858792691612e-01
3.130885875094401860e-01
3.172373017314481514e-01
3.339781729796663656e-01
3.189800100134561611e-01
3.322824944633553379e-01
3.139462962464436013e-01
3.283644224670427825e-01
3.273645452888589436e-01
3.105012897219354695e-01
3.094409385593502315e-01
3.312292779870520398e-01
3.510234709386260699e-01
2.974124683158867466e-01
3.486269144491230820e-01
3.139462962464436013e-01
3.539515531231621770e-01
3.578284872155325647e-01
3.133053196442570631e-01
3.706222319662480502e-01
3.772623695425058599e-01
3.136167106819453543e-01
3.166370106651202332e-01
3.234120648377600826e-01
3.322751543158238841e-01
3.323607554906253259e-01
3.050887152197438446e-01
2.909161929504476274e-01
3.176828739711187732e-01
3.204007740151673111e-01
3.125010275440426866e-01
3.337874285754535153e-01
3.443129897758255287e-01
3.009944168303496093e-01
3.013105632453814686e-01
3.190413564409310676e-01
3.190413564409310676e-01
3.427396708460803687e-01
3.825679860668684262e-01
3.157431226313991979e-01
3.068450615383858104e-01
3.612304105255018660e-01
3.566053893650275031e-01
3.151954541546703736e-01
3.221147755272829039e-01
3.083436166557654845e-01
3.098944908093957951e-01
3.623482634877007724e-01
3.021305399370549094e-01
4.058068647298155862e-01
3.623127549571559247e-01
3.079414131850273795e-01
3.054306814592408492e-01
3.009944168303496093e-01
3.220558541010566378e-01
3.918524898090950392e-01
3.335148982043431021e-01
3.057604608674092672e-01
3.319023263107123145e-01
4.091617725610877110e-01
3.631065886646071550e-01
5.615190746194160809e-01
3.152808165505729399e-01
3.174908860540893718e-01
3.548431871658838666e-01
4.277488694095337718e-01
3.555866051466228250e-01
3.717956749791228033e-01
3.070045315510926409e-01
3.033005901031024520e-01
3.528228753408789720e-01
3.565312483459655013e-01
7.119801634927669376e-01
2.265770141796754622e-01
4.040727249737887661e-01
3.288782428274327208e-01
3.578904802634115256e-01
3.439656133647922553e-01
4.279566146535108695e-01
3.502955068697568008e-01
2.266518678955057320e-01
2.266518678955057320e-01
2.265841588834667797e-01
3.556363373244345594e-01
2.523068343714239825e-01
2.266734274973340457e-01
2.265943770702350257e-01
2.720181913316696565e-01
2.982010592360650469e-01
2.265345282730940046e-01
6.070743127754869572e-01
3.064370057278364423e-01
3.528226462621419368e-01
3.564081778634539677e-01
5.177413011750963134e-01
3.418510772895693717e-01
2.265322677691439801e-01
3.767002480218773486e-01
4.453696567569073173e-01
7.118751008075503428e-01
2.265994606547394041e-01
3.491877395243511706e-01
3.676850641189759461e-01
4.012071886199013449e-01
3.579451999733015422e-01
2.265885004581568718e-01
3.562487905694710633e-01
3.785385647081608296e-01
3.473647567062988495e-01
3.586161397349383329e-01
3.542700582134692411e-01
5.720391327575981011e-01
3.542316324220805557e-01
3.800822070118824447e-01
3.556387860914030363e-01
2.266772744488148306e-01
4.179372576075471302e-01
2.265978520484175363e-01
3.528779011820517564e-01
4.279566146535108695e-01
2.265863309733052722e-01
3.207581788797721489e-01
3.550636258912512888e-01
2.265978520484175363e-01
4.327764702382249640e-01
2.266103178078319180e-01
2.629240504736675699e-01
3.297235768109358367e-01
3.692013270390265833e-01
3.545372619418796223e-01
3.534637004592219300e-01
4.220245413466470197e-01
4.091363115782168935e-01
2.749640638852148822e-01
3.507782395857320656e-01
3.529271029531610981e-01
2.749648587723257931e-01
2.750159028559897023e-01
4.265986629764302873e-01
2.750163921999309036e-01
3.799621543729445050e-01
2.260387870746948524e-01
3.182956969765869948e-01
2.744274078911498327e-01
3.220562207664457999e-01
2.750347797880940415e-01
5.331624082076767968e-01
2.749825913492964791e-01
5.331892580340579224e-01
2.865508429275183677e-01
5.331892580340579224e-01
2.687298337965413064e-01
2.750024122180309560e-01
2.627354909746456579e-01
2.902660521080963618e-01
3.279807799775067423e-01
4.253112551325395896e-01
2.812942882707776815e-01
2.749849756723510841e-01
3.371590737490003375e-01
3.167531700259925143e-01
2.732059803704338097e-01
5.331892580340579224e-01
2.749872893205368984e-01
2.749786265563903820e-01
3.816289488716315681e-01
4.152599658943452177e-01
2.857913425256748963e-01
5.331892580340579224e-01
5.331702515597711578e-01
5.249046530469184679e-01
2.750220224279464332e-01
5.332264289945103375e-01
5.458293754034413414e-01
4.640961249453933180e-01
2.750143348734678805e-01
5.331892580340579224e-01
2.595651782076230374e-01
2.176233534995252461e-01
2.749732374160411275e-01
2.750215480296673287e-01
2.052025348910846148e-01
4.553665430143936099e-01
3.646913489207785353e-01
3.356365102603757200e-01
2.750318187289507166e-01
2.975651383304763198e-01
2.151890339901579852e-01
4.009947660481911758e-01
4.303331868136902605e-01
2.828491605337725145e-01
4.849716595501262217e-01
3.341603011654952216e-01
4.102935044296866507e-01
3.073348987051496284e-01
5.331910817525844504e-01
