7.366323360934943221e-01
3.313915620971925602e-01
6.602565185827217187e-01
7.269048806633304771e-01
6.467150298367592143e-01
7.792687895101761963e-01
6.921125287997890174e-01
6.742366572773264011e-01
6.986675274270073288e-01
6.361653232380247713e-01
6.596491102389304695e-01
6.791315029579432228e-01
5.734780399198899925e-01
5.787938639055576484e-01
7.116939524750520718e-01
4.804624706981928672e-01
5.630031176945539118e-01
6.973023964748604753e-01
6.867009301393539600e-01
6.715935410179384446e-01
6.203674755864917456e-01
5.584160720373542164e-01
6.244613430998577908e-01
4.652752921670796349e-01
5.758186008989463200e-01
6.301383101210774607e-01
8.588053061702768387e-01
6.517621235967872018e-01
6.478342853529243106e-01
5.640152275358938372e-01
5.948430504916127903e-01
7.346511641953592520e-01
1.845367783984763477e-01
6.021416150060200367e-01
6.731640851423811300e-01
7.814643755610924947e-01
6.702741356276186169e-01
6.757247454078221249e-01
6.034705099083739199e-01
5.000000000000000000e-01
6.854976708614476388e-01
7.085352832153928304e-01
3.321958433480638462e-01
7.284432313869971809e-01
5.055703438066804223e-01
5.306392616315868116e-01
4.161624625624416596e-01
5.988846281724833354e-01
4.509730221994210919e-01
6.735285775076792492e-01
6.970615518784395448e-01
5.361019000872703222e-01
7.228762679834269678e-01
3.738224692276417849e-01
6.506363380380458805e-01
6.199058118485993862e-01
7.446040326326509584e-01
7.088589751900896685e-01
6.054022079939958001e-01
6.042793664678565158e-01
6.967453521667722471e-01
8.007793628558583787e-01
7.731096571926292516e-01
8.008750242141865483e-01
4.518527503819131930e-01
8.703460530759054015e-01
5.589611755715531149e-01
4.657773433972018373e-01
8.247922482188086990e-01
4.047371767984559998e-01
5.254661770951686295e-01
7.246373526877261106e-01
7.721194254105968602e-01
6.944507405874995598e-01
5.507458356593966098e-01
6.774426684799668141e-01
6.383572690537941963e-01
5.942922718218548450e-01
6.173648116090967308e-01
3.697400275909931699e-01
6.330950089729218133e-01
6.778115458391658077e-01
5.744260564170415861e-01
6.149610730174539519e-01
6.568070798802878585e-01
6.882509566604665396e-01
6.270125313714608462e-01
6.276168140307977206e-01
7.649428466769833124e-01
5.847835578567984749e-01
7.170007198183400154e-01
7.658473262444659424e-01
5.317875099915088111e-01
6.351257052756873467e-01
6.013181858878361430e-01
6.292373445743837390e-01
5.461957906749986824e-01
5.881304668219499154e-01
6.308192018031173465e-01
6.608902329304922052e-01
6.467869007963377159e-01
7.195403685996748511e-01
6.119880789399735344e-01
9.099926811442764496e-01
6.781334914689293170e-01
6.000643916929899735e-01
5.997414039469375346e-01
4.773075463156728482e-01
6.622364907005370283e-01
5.392733592904489504e-01
6.737390289180638092e-01
6.188478671610627702e-01
7.411359899666084550e-01
5.281451373679215688e-01
6.874988363352088072e-01
7.021410543404648097e-01
5.454390780635562930e-01
4.407264535570697972e-01
4.054314538954838509e-01
3.993485447942658473e-01
7.014322307729631278e-01
4.623783223732820247e-01
7.881949320694621175e-01
5.898689342982372796e-01
6.354367166051918536e-01
7.692035139925232912e-01
6.890578681160043351e-01
6.698169002289267038e-01
6.660878829989760330e-01
7.909516166033260243e-01
4.763084252966316434e-01
7.544295215831537949e-01
7.733401573430701559e-01
6.726510429952823333e-01
4.349864359094428590e-01
5.914265025671113785e-01
5.614580670082788272e-01
6.094392367321822546e-01
5.817887604918355882e-01
6.940654745490431043e-01
6.317637568653599045e-01
6.313451824933430379e-01
6.029372343898110609e-01
5.453957075755465622e-01
7.019209330003847169e-01
6.595599546878243569e-01
6.610357654992712328e-01
6.425580005572074649e-01
6.458463866632876416e-01
6.248740328249724474e-01
7.446753927978180254e-01
7.081097684573691708e-01
8.019265010610012734e-01
5.204546692592187940e-01
5.899973102557466431e-01
6.937212035589158665e-01
3.566260377466589637e-01
6.715304203931480309e-01
6.867878672706485554e-01
3.882416144756350995e-01
6.772902559005584688e-01
5.681558305094647210e-01
5.746260327140163549e-01
6.321190432458025921e-01
6.565400536463761316e-01
6.697459221896163717e-01
4.416699425474703289e-01
5.752173947970286028e-01
3.498372366930076471e-01
1.459961925150327355e-01
4.689111868357505042e-01
7.511599305684917294e-01
5.373101217887602532e-01
3.447932820670078780e-01
8.259502675034151586e-01
3.740550975617381591e-01
8.234165503146443355e-01
8.372211199544206117e-01
3.201160461482571717e-01
8.935553218338566639e-01
6.336137270670924027e-01
5.056455016981969974e-01
2.492021992835577737e-01
8.321537869402662047e-01
5.296000168377660300e-01
6.405632281992090782e-01
7.685343310984837917e-01
8.594538507810515204e-01
9.359027715217463905e-01
8.235606602806577747e-01
