8.190799997414697220e-01
4.634053916699229503e-01
5.938652790608851539e-01
8.162998934056449052e-01
5.763014213323044421e-01
6.943474554354905903e-01
6.757023299387738824e-01
7.333369000843038554e-01
5.626256356622311161e-01
6.237195011016878343e-01
6.211069777207757214e-01
6.433356024086801517e-01
6.197912508711070911e-01
5.371388045875266082e-01
7.669661189673366852e-01
6.157560432839974673e-01
3.352493433867583250e-01
6.932868063797180680e-01
6.956838154218900616e-01
6.484715332255993614e-01
7.808724618603567480e-01
5.223883376105561416e-01
6.467129400784648041e-01
3.778635277679373572e-01
6.197715516684072501e-01
6.553820494439563937e-01
9.487220142823549196e-01
4.185219392224485691e-01
6.225821331544894033e-01
5.396594035861200789e-01
5.441696307127811272e-01
8.261065771991088491e-01
6.190890086565952605e-02
5.696458428331843127e-01
7.539988832986916911e-01
7.833766610783046147e-01
7.866615806870658201e-01
7.449447039210566057e-01
5.661371006770721248e-01
5.756707257429670710e-01
7.660270381464655554e-01
6.566172905063054621e-01
4.897050748934977382e-01
7.285844867175935713e-01
3.319322042281127039e-01
6.409582174426159407e-01
5.914557260383614956e-01
6.733162707923506796e-01
5.856721156480982904e-01
6.814922140704708919e-01
6.043883302740775676e-01
5.298967193659543939e-01
7.425822499474996619e-01
3.177314507960261603e-01
5.061663412982219112e-01
6.713381315534241445e-01
7.762394502750846748e-01
6.914750993865061979e-01
4.133929524306140801e-01
6.563382860008499797e-01
6.688667805779937581e-01
6.250223648082966488e-01
9.017779757830767240e-01
8.811740165899993871e-01
6.875004971623850381e-01
8.435928025568066868e-01
5.071027629546573934e-01
4.238531086076295917e-01
8.504172236007656593e-01
4.467533149607038623e-01
5.260620912798711357e-01
7.747880972565492907e-01
7.730126562846135752e-01
6.698212287691107658e-01
5.863448410990034221e-01
7.498821126972590179e-01
3.228119087112173990e-01
6.540790532404519020e-01
6.463771008046994559e-01
4.128583752489793923e-01
6.306924800471247483e-01
8.105938917306196867e-01
6.215257409570638103e-01
4.384371725179168622e-01
6.990763360573857277e-01
7.282642040309200704e-01
5.368044967782759080e-01
6.289287197564712439e-01
8.387277631160096059e-01
6.198145794681033660e-01
7.376752069745078355e-01
7.234712364106857807e-01
6.240130992993291326e-01
4.869780962521703116e-01
6.873442748005694769e-01
6.352209891093858474e-01
5.814622481462814463e-01
6.302550400714622691e-01
6.791055500421456781e-01
6.725857547340121645e-01
6.945478586108879693e-01
7.125903172279318687e-01
5.931534338420541008e-01
6.587943034727979930e-01
6.514359387164150306e-01
6.485476275198752694e-01
5.566837307043187577e-01
4.341969228681137327e-01
7.018319040343349302e-01
5.352736578134812406e-01
7.199578501401502351e-01
6.543092601561737442e-01
7.603758956359680798e-01
5.633672076189083500e-01
6.543769333810398603e-01
6.154482849763219798e-01
5.203072555278116518e-01
1.782437733935872404e-01
2.537434499390018861e-01
4.491750181600122627e-01
8.018094484368342156e-01
3.602283202019086472e-01
8.830516270116636202e-01
5.433850079225089891e-01
7.227416694569712696e-01
7.079722166339408318e-01
7.951146921652737509e-01
7.762164550527832496e-01
7.358200523969902207e-01
9.060290037810683206e-01
4.298006806806677904e-01
8.576527690535021842e-01
7.898776483521988689e-01
6.720322043653170763e-01
5.602161551377865534e-01
6.197902908906827157e-01
6.236081624909448617e-01
4.308384112472584682e-01
6.241713024090821404e-01
6.573790570746270712e-01
6.318639703698255561e-01
6.280571356441482234e-01
6.221177085545190888e-01
6.094558257033660942e-01
7.221646296955085420e-01
6.375449389764209496e-01
6.617791438179123631e-01
6.433289208687452687e-01
6.481928007522972379e-01
6.237498772663658819e-01
8.216356053138480497e-01
7.205224140528613264e-01
6.916867751586460722e-01
6.352723170135659014e-01
5.974961469186438334e-01
4.661371128228468663e-01
5.174763017533244858e-01
6.409321294710088601e-01
7.446595255006571712e-01
2.249385370425305841e-01
6.112649307054311976e-01
8.205065067638644960e-01
4.543168287310802023e-01
5.097499193552079699e-01
7.656129102060144076e-01
7.079320556132798758e-01
4.084597328276496353e-01
2.413093569874099897e-01
5.221437218297427796e-01
2.935536346133251762e-01
3.647589262848451863e-01
7.913767194995130483e-01
6.307177651853874689e-01
5.000000000000000000e-01
4.874708885669029601e-01
4.543340937180739281e-01
6.041538453632558925e-01
8.337022074384833337e-01
1.670655674979460714e-01
8.017651542426371680e-01
5.640063792168713563e-01
5.094477951186587861e-01
1.141953280129766740e-01
8.745127140742171568e-01
5.731364203071285246e-01
7.305965902340333384e-01
8.093943770630666057e-01
8.059638541699984948e-01
9.070072156608834923e-01
6.711680881676311827e-01
