7.358518188327959342e-01
5.058668627360506376e-01
6.562874051342025838e-01
6.773332436687489189e-01
7.159497325071216833e-01
7.799513378424427490e-01
6.504358036545216937e-01
5.848497266774739245e-01
6.950165872412246149e-01
6.693969351804631707e-01
8.839127854907655735e-01
5.958777198321564272e-01
4.300404330717960133e-01
3.726383983845940051e-01
8.004309840148700061e-01
4.758692174108095641e-01
5.485703234124897909e-01
6.824024193934438154e-01
6.700333909915100472e-01
6.895583763647763487e-01
7.198528586135009011e-01
1.128183163755581836e-01
6.643182674254597408e-01
5.657182555737613194e-01
6.430402350298879410e-01
7.129769650487891575e-01
7.810456980320666931e-01
6.988736347943096394e-01
6.132427328803299327e-01
6.393484975195703468e-01
5.290268363562283804e-01
7.160936527336461133e-01
6.235366411751485094e-01
5.703752502563826932e-01
6.598044357190693265e-01
7.399681515767068118e-01
7.626960628450867308e-01
7.314406711910610426e-01
5.409708104888121261e-01
6.241081809993508367e-01
6.605671621356464795e-01
6.971972594388842204e-01
5.487083604046524288e-01
6.723736264017686759e-01
5.990233410923914148e-01
6.082351987008349781e-01
6.049848253759937400e-01
6.485909732943855310e-01
5.801969092500793845e-01
6.567493260523779020e-01
6.335453984203345268e-01
6.010998633658098944e-01
6.908321309421882050e-01
4.706300960760301244e-01
5.281687714111146237e-01
6.752023136347852228e-01
6.823831349186665340e-01
4.606442909769558613e-01
6.963944473278236291e-01
5.307652288511786054e-01
6.828560273136741188e-01
7.548565543666936328e-01
7.780489930382730179e-01
7.143018831810533653e-01
6.871041465872208542e-01
7.469625648097236725e-01
6.562636516513006280e-01
6.423795730770198720e-01
8.400124057977252923e-01
3.519704375978877642e-01
3.868312341808937127e-01
7.596390387972029590e-01
7.246459198892213349e-01
6.871777027691547968e-01
5.176213671836134012e-01
6.664166397589968982e-01
4.820716679157431295e-01
6.346741029686269187e-01
6.147373882125273248e-01
3.473572920554696686e-01
6.450217067357983947e-01
7.308735857049929452e-01
5.760152870222340349e-01
5.834057697638035389e-01
6.189839949512477846e-01
6.949113838026245160e-01
5.858885426700504162e-01
6.698635154492323940e-01
8.507461185647485769e-01
5.931538161657514685e-01
7.436043460619423673e-01
7.830020680976620406e-01
5.948632148266763675e-01
3.507604988663639012e-01
6.350661559102140918e-01
7.450212800665171331e-01
4.406579565472424909e-01
6.543369848708964209e-01
7.777801072247710890e-01
7.673833704485131246e-01
8.396661117151130727e-01
6.395729960081555365e-01
6.204062618085873781e-01
8.286269984920112686e-01
6.339418148105824269e-01
8.272396325149677931e-01
6.239308739823927752e-01
3.566718894399918960e-01
7.498290970139215306e-01
4.717027307769828259e-01
7.364809332783717188e-01
7.327448856346922001e-01
7.360785068227665429e-01
6.347368695313290177e-01
7.669446990768400418e-01
7.146347311939139635e-01
5.827956299650193239e-01
5.000000000000000000e-01
5.380139609074651164e-01
4.809232474896929510e-01
7.014513291987154453e-01
4.932077220887035041e-01
7.327917586655731119e-01
5.327120457977718715e-01
6.688947393800085406e-01
7.504636908768813619e-01
6.420712521646142479e-01
6.229678034777500484e-01
6.549165211090076655e-01
7.186414295782176387e-01
5.333505685923404238e-01
7.160653557816489823e-01
7.926359862567237125e-01
6.177331380593416021e-01
4.487385681891747913e-01
5.127713042465813498e-01
5.664410050604634650e-01
5.470458746600692646e-01
6.790671655828994790e-01
7.714623810831874318e-01
5.935962454887274697e-01
6.066659146162408645e-01
7.190496815396650865e-01
5.849181501006527339e-01
7.318557191147668783e-01
7.111464438033411328e-01
7.067962649222021554e-01
6.184872925360734852e-01
7.264422607044564995e-01
7.893149407057034050e-01
7.053409184021073308e-01
7.409268617961588532e-01
7.651172229229893373e-01
5.000000000000000000e-01
6.118114482012135813e-01
7.014598047125405467e-01
3.944810868640419299e-01
5.724335771518085370e-01
6.720034514294973560e-01
4.611683043038743435e-01
6.766005474192243740e-01
4.934220773215320932e-01
7.246320716513079407e-01
5.794796470396986754e-01
6.176780287761740595e-01
6.269763378773393070e-01
5.198010699765547304e-01
6.835770621596375385e-01
3.977688774260077498e-01
2.397661750483351395e-01
5.975275044405430336e-01
7.339062196039216612e-01
4.902123380423076826e-01
2.916463150576609764e-01
8.440831575367893080e-01
3.920724576154863139e-01
8.061488955726909822e-01
8.499575415826796654e-01
4.480550474889761214e-01
8.806113602833528509e-01
6.619305716004073581e-01
5.065230839109232663e-01
2.593984230672279345e-01
8.086752735399770353e-01
6.098224412221431301e-01
6.786379072950721181e-01
7.500003427658709088e-01
7.816189300778743076e-01
9.043047331333902150e-01
8.481636036043143090e-01
