8.024532723836216297e-01
3.471770974009089628e-01
5.763875665071146459e-01
7.125746030529805930e-01
6.421588259726992431e-01
8.283189021763442961e-01
6.935598252793455654e-01
6.482764262875146954e-01
6.171076422214935020e-01
6.785169568191549150e-01
7.246463115729026017e-01
5.967354249843155323e-01
4.549860505858656090e-01
3.060721109701325937e-01
8.342649006427721448e-01
5.641529524609519841e-01
2.799611165402692281e-01
6.919049373104275702e-01
6.242957507342696832e-01
7.180845996339927373e-01
7.782540773096920939e-01
1.640667873551088507e-01
5.818002505889897646e-01
6.362804309674490177e-01
5.436334946564714832e-01
7.542000635825529820e-01
8.958410410182225947e-01
6.389571125941835295e-01
6.474541925059925651e-01
5.861118070951452097e-01
5.000000000000000000e-01
7.533269095887055178e-01
6.377948074516861521e-01
5.847103233510704268e-01
7.120265508721531633e-01
7.800029260149917709e-01
7.848319029968913174e-01
7.902176980514552529e-01
5.612093339325376906e-01
5.850533420897235937e-01
7.575248010881939775e-01
6.153962308059527375e-01
4.715083113139091342e-01
7.157399435252607134e-01
3.820970742773205919e-01
6.790126558065163742e-01
6.172170788232509420e-01
6.736825796254092280e-01
5.785422390283632144e-01
6.701279964759603303e-01
5.664885235122348872e-01
5.459437236522981518e-01
7.341740483186462995e-01
3.033345719875329416e-01
5.250056423187129395e-01
7.015970974506571256e-01
7.677278812728293156e-01
6.475488498146798610e-01
3.214264459721492551e-01
6.289059973090360689e-01
6.856272796909284040e-01
5.952165951852284032e-01
9.096876882623909921e-01
8.417374928701041314e-01
8.044120584325719081e-01
8.273706034487922079e-01
5.417428156318876420e-01
3.760485000636493158e-01
8.613546997609211608e-01
4.912583773527626763e-01
5.438465293457453997e-01
7.433718781659623964e-01
7.753287401495965181e-01
5.905672424432204526e-01
4.578477191968629567e-01
6.967273428179563410e-01
3.664877644038862514e-01
6.388042875778152663e-01
6.482303002596696562e-01
2.537845289703121732e-01
6.762131197929247550e-01
7.889181180194130283e-01
5.858369983200739650e-01
4.574872891514367712e-01
6.918314691982955233e-01
7.516352718411590805e-01
7.116307818662835905e-01
6.875601613675553780e-01
8.948747451998761981e-01
5.946176258088138322e-01
7.987966165511152239e-01
7.892643633741296405e-01
5.915208107670858473e-01
3.124739930025470236e-01
5.543340115528945233e-01
7.459568041783743997e-01
4.390388892522651410e-01
7.258143086033654878e-01
8.140559113798736535e-01
7.147655119874957164e-01
9.097066253647489997e-01
6.575505820356203346e-01
6.382592759969711871e-01
6.066945060349706598e-01
6.017296239799176938e-01
8.615375476098164897e-01
7.298639300243773276e-01
2.455388641587903653e-01
7.200709809061328626e-01
4.517047043998333455e-01
8.097195760978814771e-01
7.772317702840982889e-01
7.750276390348513900e-01
5.615036409293023834e-01
6.741135152832905542e-01
6.277843983652827697e-01
5.316545293991178367e-01
2.157210902561002286e-01
2.865032484309023575e-01
4.271336254686042833e-01
7.959354629211727872e-01
3.841328117519151597e-01
8.387747901163536968e-01
4.544365129844100681e-01
7.874750306940855316e-01
7.095505786585182273e-01
8.065723590234327167e-01
7.674339203158406786e-01
7.844268364429102247e-01
8.500127829186490125e-01
4.932012237470080329e-01
8.560822623958832533e-01
7.847410131929617449e-01
6.487759986386196775e-01
4.568379328102400438e-01
5.697891895288216269e-01
5.716038557891990335e-01
4.751716215507276742e-01
6.451650566278610555e-01
7.841489821322745746e-01
6.374471925769484848e-01
6.337180101033342838e-01
6.748964843173069772e-01
5.602242011205060823e-01
8.088015076319688967e-01
7.115330165191718903e-01
7.217272576901783143e-01
6.038610369702315239e-01
6.990609930837310415e-01
6.770388314729599566e-01
8.626931672977693477e-01
7.726552463695167683e-01
6.594767772278133933e-01
6.350364745270931088e-01
6.019374717170576927e-01
4.251124612031233485e-01
5.466571594171969473e-01
6.058021914551303677e-01
7.725310406315051281e-01
2.974530583218922830e-01
5.684818810513132536e-01
7.216417723317308797e-01
6.334472245046794958e-01
3.604465316030544542e-01
6.653921241725200275e-01
6.943136593365938358e-01
5.703637073992685602e-01
3.861372056716187995e-01
6.335745371879528687e-01
5.401939608662761350e-01
5.806720418274028406e-01
7.784996007125496442e-01
5.677060329350736012e-01
4.804768576475682007e-01
6.192023686250267556e-01
5.380436128933402395e-01
6.243245825264426285e-01
8.369957703727298748e-01
2.293483902425747512e-01
8.019702797119381277e-01
5.064529463593169245e-01
5.115392889218017825e-01
1.459881479330119303e-01
8.433429625611310598e-01
5.620653252659999488e-01
6.855989737694841990e-01
8.168183512716435946e-01
6.738345242242762545e-01
8.923845243018483364e-01
7.088048960928351461e-01
