7.504606119804544395e-01
2.742832310301639986e-01
6.391940381432471563e-01
7.452128706116665224e-01
3.814563658001663415e-01
7.379176171036146981e-01
7.309853302725730639e-01
6.060256239383698951e-01
4.358836013054365743e-01
7.320332209737611118e-01
6.767327910596245832e-01
6.660954580097773192e-01
6.208880263126599353e-01
7.092269910568321789e-01
7.959694709435464199e-01
4.118028627689300225e-01
4.027534092831165924e-01
7.228510369748097908e-01
7.217409239226431072e-01
7.554931653996308505e-01
2.375333813588564325e-01
4.282536121383669347e-01
5.051075108967487681e-01
3.516309187480679554e-01
7.812451803504181225e-01
5.846310844936284390e-01
6.667632428326051297e-01
2.362895169556288866e-01
6.043464492839948354e-01
3.656145029804696023e-01
7.467522947213323103e-01
7.477190991170270529e-01
1.647611680852144322e-01
7.984670211481632585e-01
7.099221307844713058e-01
7.124216586204660251e-01
7.595101013839735682e-01
8.848982365041677678e-01
7.149246755631911698e-01
5.621991469636963279e-01
7.162568139709936110e-01
4.709396593680978405e-01
4.896301421387815322e-01
4.925409833399014836e-01
1.824767405775366280e-01
6.961464825566733294e-01
6.710466021343536314e-01
6.961232898767022448e-01
7.695903972769324586e-01
8.619365409370283171e-01
7.826668963639317189e-01
4.636017296137303623e-01
6.434189289917779941e-01
4.032166542193928449e-01
1.838780037835983094e-01
6.857998544618154613e-01
8.076011653344326024e-01
7.986693454804822956e-01
2.996770851055438056e-01
7.933239128305880072e-01
6.866162705395821853e-01
6.409252628657144957e-01
8.391372155224346985e-01
8.564169092379864123e-01
8.240037850319141821e-01
6.446783490586145415e-01
5.838264800361451234e-01
7.715612341014462805e-01
3.929626382831529208e-01
4.679112416029257981e-01
6.938010947383174143e-01
8.633352558066710314e-01
7.531255800398954925e-01
7.230576502358848634e-01
8.301602658463640427e-01
8.208063883965718288e-01
4.863933485987096406e-01
5.611831396365539737e-01
5.266935610034877424e-01
4.424212220213379343e-01
8.155306666672224036e-01
7.691906990202017624e-01
3.810407994790298569e-01
5.572563026906502959e-01
2.422055256241535670e-01
5.378653491658231811e-01
7.870937214788822356e-01
7.032639477145020690e-01
6.582713679574894172e-01
7.874186056044204518e-01
6.594952372081853698e-01
7.534146922910462951e-01
7.025565777712103888e-01
6.589236742860504759e-01
6.828898324912908713e-01
5.703524702527279500e-01
4.092128144233579401e-01
8.530843759447059860e-01
7.372744583629674553e-01
7.082628502860421893e-01
6.971434117010260056e-01
7.447365311876962268e-01
6.946330317668002463e-01
6.180671275121660813e-01
8.110365610395124936e-01
5.257809494746253920e-01
3.489658626390680918e-01
7.251664627377022443e-01
5.467557434172106712e-01
7.165941183495176947e-01
4.949542176084518741e-01
6.612649011675354460e-01
3.047037775138982107e-01
5.500999702395232838e-01
7.145427220920731459e-01
6.602586821308833454e-01
5.912018402490920588e-01
6.972142760155576324e-01
4.041654953645005266e-01
4.288589170677614137e-01
7.156262845569868469e-01
7.205017247477679687e-01
7.573575296342870411e-01
6.733567164515295023e-01
7.658413721082333314e-01
7.180693810888170159e-01
6.664734280348602047e-01
7.648646418577554895e-01
7.636344949060542842e-01
5.527437395367975626e-01
6.592661294118576931e-01
7.051694841352041943e-01
7.968409838319195915e-01
7.870616344779991502e-01
5.830822291098213261e-01
5.000000000000000000e-01
5.923356818117547773e-01
3.905333352563730154e-01
7.575968721852951449e-01
6.651721252263851358e-01
7.843500739650246523e-01
6.768534586268557529e-01
4.774876209736620969e-01
7.173359434900524745e-01
7.105532257329243429e-01
6.923462939926159354e-01
8.256426049403948753e-01
8.284498559098728565e-01
7.808455363762134560e-01
8.577025265782830532e-01
8.748419187517194606e-01
6.265237366362264027e-01
7.028881136686169206e-01
5.120890149716234019e-01
5.611165320765494346e-01
3.745409218231281478e-01
8.318374520198331679e-01
8.581607692282560151e-01
2.106560763131606340e-01
5.658302395402009521e-01
8.709116361071593815e-01
2.944498500697595444e-01
4.924514959018910787e-01
8.891441140450829783e-01
7.109184132569251746e-01
2.799625976593626553e-01
2.342761923220374187e-01
8.139913459055621026e-01
6.605608323608013199e-01
2.328014342218837351e-01
6.609953589531731843e-01
7.143578052258156008e-01
4.467838654545390198e-01
5.222491639429495125e-01
3.837714107344221692e-01
6.505507161462962262e-01
7.905953306274182690e-01
2.455668346319988538e-01
8.197601778330150246e-01
6.465501609601631561e-01
6.703718843080550549e-01
2.456818071949665450e-01
8.356941573776526244e-01
5.072039771199301494e-01
7.110767399168007596e-01
4.632132565229202803e-01
8.703695686027632661e-01
8.740613906845539072e-01
7.080018357064188361e-01
