6.844267654971790682e-01
5.445616420271586211e-01
4.427925698705499902e-01
6.517472459452152700e-01
4.569920937185844578e-01
6.818609829302546554e-01
4.911581466016787800e-01
5.000000000000000000e-01
5.634264157257986572e-01
6.084772357001233534e-01
6.451909390009303857e-01
6.932283016362037475e-01
4.290875251002799762e-01
7.216721949895908983e-01
8.690423561640030492e-01
5.000000000000000000e-01
6.826805977184040586e-01
5.769657152746079376e-01
7.233657123380681231e-01
5.582639093488644955e-01
6.421585478596386620e-01
4.140826097545394768e-01
5.245736964671466884e-01
6.559374928192830412e-01
6.728851113793082872e-01
7.576978057319777582e-01
8.201397609520753029e-01
4.802076524093317200e-01
6.421585478596386620e-01
7.572044980735476161e-01
5.312630099537655193e-01
3.422465116095393944e-01
5.436337714803953780e-01
6.800588081771681281e-01
6.819950835082184692e-01
7.430729377578539907e-01
7.040140533501636488e-01
4.724983841248930339e-01
7.285895185292491361e-01
6.783005941744864042e-01
4.657635494319232738e-01
7.497861187478938039e-01
7.371548133787794166e-01
7.563173593149298268e-01
6.258156915758774641e-01
6.358454721138908639e-01
7.461406935038968902e-01
6.900947118181472995e-01
2.807266302040410944e-01
5.647165500351519762e-01
6.183229958840119611e-01
7.386562817972363026e-01
8.022055115118346125e-01
8.001161606069878696e-01
6.088509395259447121e-01
4.493426902511390431e-01
6.611828904085660374e-01
4.180137144242606628e-01
6.068507323392462460e-01
6.454668491027469868e-01
5.818542621080829980e-01
6.803931066025407093e-01
6.563756758659765600e-01
5.445620175634631188e-01
5.529044060096384161e-01
6.473965578505355145e-01
6.691219095451802490e-01
6.467225385057931986e-01
6.116185952500952094e-01
6.463526407085888881e-01
6.506230399050280111e-01
6.641355307713066036e-01
5.604181329644510878e-01
6.702643652541903085e-01
3.527963151832467226e-01
7.427526476546350009e-01
6.702643652541903085e-01
5.420141223219414606e-01
8.196361318336248258e-01
7.501601744710942876e-01
7.746288516722065198e-01
8.594400793409976425e-01
3.014143581113629677e-01
7.501601744710942876e-01
6.770038438208250131e-01
4.399366918981340580e-01
5.701781154536351703e-01
4.292616695545713457e-01
7.865135555100869480e-01
7.142768595958446376e-01
6.536093578978310337e-01
4.440249714037958761e-01
4.806846058727353710e-01
6.747311144197509769e-01
8.938759633009213390e-01
7.050733820754101489e-01
3.421180060767126663e-01
7.103458477861318565e-01
5.093954277197476621e-01
4.781998126866194299e-01
7.567641624774781306e-01
5.094355792704138297e-01
6.765519590086478408e-01
6.747481194098926549e-01
5.546083955963431178e-01
6.747436695786727112e-01
5.907614137419662237e-01
6.725965810251048893e-01
6.149969189574728823e-01
7.239100973859512456e-01
6.930026697058312424e-01
6.252029599791445458e-01
7.052443895141562447e-01
3.815627217638375979e-01
5.676182270113240280e-01
6.672664442869350454e-01
7.051354363281948645e-01
6.849974045196037808e-01
7.169472688031340857e-01
7.170143187578688071e-01
5.915706106477075510e-01
7.161896449662460418e-01
6.618581031929642311e-01
5.804493653449179780e-01
7.080013115313508187e-01
7.251300289871029925e-01
6.452143116312659687e-01
7.032420006437231086e-01
5.589985646781996387e-01
4.731650834857306087e-01
7.001573478334266465e-01
5.117235049228496813e-01
7.074090485837229991e-01
6.306974979102299983e-01
6.812628171367761665e-01
7.323533660906578202e-01
6.715992644934209999e-01
5.385867623426719986e-01
6.531830760967884952e-01
6.428159523733956160e-01
7.052225166807264412e-01
6.778214070144401582e-01
6.968181758354403676e-01
7.119343932567815392e-01
7.197332219632223138e-01
5.526338138360109564e-01
4.098788103261159499e-01
7.318041678696451946e-01
4.269603441767086949e-01
6.762999082275619189e-01
7.876886562948000048e-01
3.001795305738927389e-01
6.480919918612855213e-01
5.268302363865340343e-01
3.844355485893035662e-01
7.376694533842834689e-01
7.085835073549554552e-01
5.494876273263785693e-01
3.445717232978070532e-01
8.088909655627963824e-01
6.473647534882085441e-01
7.318041678696451946e-01
6.878417441344516492e-01
6.713323420245201900e-01
5.072087457366512009e-01
6.676402616744561147e-01
5.817596168919449973e-01
7.559016394960479390e-01
5.994006602491243063e-01
5.860347956325285823e-01
6.537141442056546570e-01
6.253114229864739082e-01
6.520718339174879086e-01
6.196107553332274032e-01
5.860404235355042291e-01
5.978278302248167808e-01
6.444302047311074588e-01
6.537141442056546570e-01
6.430309697976668293e-01
6.856782301908441735e-01
