7.363365483642888565e-01
3.443159364122253541e-01
6.181729942047291537e-01
6.928297375363100530e-01
5.000000000000000000e-01
6.671761680398503591e-01
7.689096499367507054e-01
7.866582622023532423e-01
6.429013395886745696e-01
7.664248933440697131e-01
6.953814414821608558e-01
6.637028264051604287e-01
6.518123120125789427e-01
7.926303095477140737e-01
7.297343680197588833e-01
5.810087647564371460e-01
5.898941745952221982e-01
6.869770191219513045e-01
6.856624812253381274e-01
6.458814981144682665e-01
2.189063070807613087e-01
6.072059605203032895e-01
7.491014751240722136e-01
3.703240791071185645e-01
6.929789146373878106e-01
4.516900988541754924e-01
6.780191612093198206e-01
4.119308112706138170e-01
8.554268234889427225e-01
4.123284060298376130e-01
6.538870095273362493e-01
6.254866008858547266e-01
3.295991620173663872e-01
6.707228618077537563e-01
6.884128902487800516e-01
7.165305356146909332e-01
7.818499338400712872e-01
7.637141707935896084e-01
7.209607881515049943e-01
7.919388603586078323e-01
7.469970048958776143e-01
5.633961997623486706e-01
5.216273220944900313e-01
1.375921086868263643e-01
6.739149773730860327e-01
6.878112410315840863e-01
6.893190231174828320e-01
8.428676846303606585e-01
8.072745375809938784e-01
6.869879129295048958e-01
5.185655593932685381e-01
7.951903458705305017e-01
6.615154977803722192e-01
2.328019680420527482e-01
8.006922409463386181e-01
7.861419757785541584e-01
7.778527582525784911e-01
3.646279254183449892e-01
8.313655926356333659e-01
7.077217732137611739e-01
8.442370008524106018e-01
7.757596442045442409e-01
7.956977255053357956e-01
8.124764256612942992e-01
5.294477503783415751e-01
7.288079503578542839e-01
3.609655971923149131e-01
5.959031765250143442e-01
7.757596442045442409e-01
8.654665484084720362e-01
6.902892498968908885e-01
6.464368697779353523e-01
8.775998466483196925e-01
8.547363027758647647e-01
7.336545469759867544e-01
5.231580435992646549e-01
7.363736295241409824e-01
4.774270496007216869e-01
6.163428892675762993e-01
5.923405124446540215e-01
4.853776091793629011e-01
5.313722622606322776e-01
4.844778649214614985e-01
7.642886510072294248e-01
7.117913066079966100e-01
6.288672171066275185e-01
6.935742687536844420e-01
6.949935869824942491e-01
7.739794697493398434e-01
6.799932925801560613e-01
6.482817978964754424e-01
5.938827699639478430e-01
5.249573754243135326e-01
5.837527263203966532e-01
4.485566685638134876e-01
7.624058815515912801e-01
7.698746603560477908e-01
5.416623975674393909e-01
6.541697510151849304e-01
6.911139358857196768e-01
7.763660745209076675e-01
7.389434564468327915e-01
7.481364613352425863e-01
7.537225965482722279e-01
4.716181128620442475e-01
6.293625215259477379e-01
4.490919817349859344e-01
5.940680798882341795e-01
5.615414955232259642e-01
7.885241732313224006e-01
5.674831872638265162e-01
6.089671988000739944e-01
4.060413056194031589e-01
5.208339923228466617e-01
5.424643242348294869e-01
3.190661663345331078e-01
7.105418611611314939e-01
6.833799398589208707e-01
7.480270374982481707e-01
5.663898355254334271e-01
7.841134570432514161e-01
7.031040868248352727e-01
7.902935947974861763e-01
6.011064454288771453e-01
7.557170445164661521e-01
7.903120122585082230e-01
7.750598726777515601e-01
7.605872356515986921e-01
4.410907653704096432e-01
4.239548105363956654e-01
7.751235843193353681e-01
7.387820181445805545e-01
4.892071703649527037e-01
5.516565306532953405e-01
6.272148583605536842e-01
7.662057912603983389e-01
3.987299313569996895e-01
6.679450768571779662e-01
7.574717291307085931e-01
7.229982473705559576e-01
7.750040141538289129e-01
7.702025100984164485e-01
7.590537654953830593e-01
7.781752058919660930e-01
7.228035133659733713e-01
7.474169406562214402e-01
6.463974366945681727e-01
6.703974211933907412e-01
6.529645399557569840e-01
6.673578362039213063e-01
5.583065615754964073e-01
6.705804195669865519e-01
6.673299410022683897e-01
5.111446376458553820e-01
6.544697397961311003e-01
6.628353382718683573e-01
6.446864649038672734e-01
6.439737786165286026e-01
6.711325530576752740e-01
6.677393950410754897e-01
6.408300614675749296e-01
6.363458156315520142e-01
6.105813149805793261e-01
6.600063806727579641e-01
6.746364180313083603e-01
2.322500546753976658e-01
7.595640547812040344e-01
3.604986666814987695e-01
4.470223310942535444e-01
8.616569532698712397e-01
1.789957304715797670e-01
8.121349910846924480e-01
6.303146806056932894e-01
7.951633687435729625e-01
3.516989702315774791e-01
8.628382739620026332e-01
7.832998445464406378e-01
7.834746526183125059e-01
3.118432506885414623e-01
8.225685969588438784e-01
8.565617201899120570e-01
4.169164656471876507e-01
