7.171218034152502252e-01
6.571736152626423966e-01
6.140805926342871590e-01
7.175267265217234458e-01
7.202109594132998227e-01
7.316407033635911050e-01
7.576485019218075490e-01
7.051988895144973846e-01
7.429906219235413722e-01
5.422329976487095804e-01
7.677074967593402466e-01
6.690020700930892072e-01
6.227309116531100086e-01
6.438498473682204848e-01
7.546058793284564636e-01
7.292643962594992368e-01
8.042441544122371777e-01
5.919982119207771731e-01
9.257709791388389897e-01
5.932991576466686290e-01
7.605191472671279929e-01
7.224421089086546788e-01
7.880651733667569658e-01
8.364403957958715941e-01
8.438625842750737682e-01
7.427873657019148368e-01
7.511614621776860901e-01
8.207594710024118667e-01
8.111626825893768489e-01
3.857596242030366662e-01
7.787544341969547812e-01
5.482466216781943791e-01
7.621046827267282664e-01
6.301400485746799784e-01
7.471006300221153529e-01
7.719906481372642570e-01
7.463834262034051426e-01
6.838852789729615855e-01
2.759664998470522379e-01
3.815714161907150515e-01
3.759648752887158052e-01
8.179690804780341828e-01
4.531179969679305919e-01
8.353806532719213473e-01
6.676065740861852893e-01
7.999899441104040276e-01
8.338756926194631491e-01
6.944873817612452482e-01
6.460897580609172852e-01
7.144402742020353747e-01
7.058397073602301619e-01
7.334390538400635817e-01
7.895527259612568072e-01
7.079066973377733385e-01
6.508546273726321107e-01
7.469844569971887394e-01
7.998840952650616565e-01
7.295512107469326324e-01
4.634214443822814444e-01
7.628891337670847816e-01
8.028045978039013431e-01
7.695307730639305843e-01
7.094835653382924878e-01
8.488120364950529906e-01
4.285439044171482359e-01
6.954755739637670242e-01
5.000000000000000000e-01
7.117742684367410755e-01
6.302144807350146261e-01
7.457013110062740147e-01
6.605356362593038932e-01
6.132974804035619121e-01
5.121481194947489213e-01
6.734725960180769633e-01
4.409717407306601999e-01
2.014754554840681999e-01
6.468724401179983818e-01
5.819193696526768766e-01
7.620403045955878030e-01
7.224851952268001032e-01
5.826765821841629611e-01
5.776365847384328234e-01
7.498263906828085412e-01
6.963373179884478903e-01
6.471756183467144430e-01
5.708503928714652176e-01
6.775518203722439292e-01
7.897702986486677679e-01
5.394305210427208230e-01
7.681802198637612822e-01
8.285010158243406586e-01
2.808420258507114964e-01
6.299863301933527060e-01
7.680767573609397214e-01
4.173031575939136761e-01
4.387760440482354474e-01
7.504697345474997672e-01
6.649974642008934511e-01
7.949092401099794314e-01
7.317406807886601694e-01
6.316778640867145578e-01
8.046248654985163062e-01
7.259574509356814254e-01
7.113246927574429224e-01
6.051764514577886445e-01
1.575488315653327254e-01
1.386698415693743136e-01
3.952295218646231789e-01
5.169638775186047308e-01
5.079393678013848223e-01
8.928665053121086492e-01
7.293736570101772010e-01
5.980093227514584608e-01
7.279239536832726731e-01
6.518589395880121096e-01
6.185478165934624739e-01
5.784853044993157889e-01
6.219128671843766609e-01
6.830749855673290405e-01
6.891483254677677195e-01
1.294606168874965491e-01
7.745320585824483350e-01
7.799915590519059805e-01
7.280855088389870389e-01
5.702384033184271228e-01
6.362266268705638605e-01
5.993396594019563262e-01
6.658622431368170780e-01
1.755102387425534760e-01
7.921659408216317200e-01
