4.303559238375184032e-02
3.726259619494507458e-01
5.844286468985668836e-01
1.366529533319877365e-01
7.809960632959022098e-01
3.846760260393685127e-01
7.908592980222254321e-01
6.495207028212103273e-01
5.584759225739315269e-01
4.388132906499896957e-01
8.592499075419754995e-01
5.053661297341047742e-01
6.721401492084876361e-01
5.316222924049640586e-01
6.896299342507137276e-01
8.232051345458950564e-01
8.417608249890550232e-01
5.273466027077776674e-01
8.754083514888593154e-01
4.940221281856789770e-01
7.191184717397450799e-01
6.582270783222462507e-01
7.793248309966106513e-01
7.927368489481275704e-01
6.811504999467774546e-01
7.575101643274397833e-01
7.498644986196284501e-01
7.869734450305485574e-01
8.144185238900043533e-01
3.577525761868892151e-01
7.821899959221950693e-01
5.949102505282095610e-01
7.768860776098788223e-01
5.935964230745721659e-01
7.537380099627436492e-01
7.876748025429921585e-01
7.630108733665633691e-01
6.912303866811065900e-01
2.901060646953881328e-01
4.243553385529992283e-01
3.624377949271007093e-01
8.409620888910755987e-01
4.128441366710604021e-01
8.218324883715921736e-01
6.538428329854640841e-01
8.222498328994912731e-01
8.118192912078934231e-01
7.272508103160979509e-01
7.062569787989146919e-01
7.377982597944086063e-01
6.828718780663839416e-01
7.298436097770781839e-01
7.952831011836961617e-01
7.444017269166535167e-01
6.771955431933673886e-01
7.317143881356831248e-01
7.976222189123221007e-01
7.715040280155518460e-01
5.481241770815199477e-01
7.705361890155245641e-01
8.392437008910478280e-01
7.712842975814591107e-01
7.395607428157447982e-01
8.417475431702471367e-01
3.847595410824861673e-01
6.892453637526150256e-01
4.830960905192372978e-01
7.297565068769762409e-01
6.090764034060451859e-01
7.174961054074446842e-01
7.050923782724293210e-01
6.012134661370293065e-01
5.077514006269494562e-01
6.501605829860248598e-01
4.243072923899336990e-01
1.880623795856612435e-01
6.376031718117115554e-01
6.330974356308837203e-01
7.286987903639908781e-01
7.760978823812109129e-01
5.325653165466228689e-01
5.714785126266668236e-01
7.472894303143533534e-01
7.571627358037777977e-01
6.558486308656598096e-01
5.324681444467816993e-01
6.472171612759775039e-01
7.310342749816520769e-01
5.381171159387961866e-01
7.676039737239547245e-01
8.201296780650723095e-01
2.744565491893225517e-01
6.824727549969246132e-01
7.586668005764808376e-01
4.178820998372400064e-01
4.134510688118283595e-01
7.507016991425824459e-01
6.938084820049538193e-01
7.959332700812726813e-01
7.523836999018835847e-01
6.192652050023751409e-01
8.345945813986248574e-01
7.518315818977145959e-01
6.449804178477505090e-01
5.617797248880378458e-01
2.052723248371805254e-01
1.160918243242747699e-01
3.989598286514653980e-01
5.766360017277943895e-01
5.143374261954446469e-01
8.741353241135195740e-01
7.431276995918960626e-01
5.702730803239646207e-01
7.208207004538920160e-01
6.760663370604422795e-01
6.341122741347160474e-01
5.950671500139855796e-01
6.652058850426435521e-01
7.159887762580352533e-01
6.895233124572259786e-01
1.461019098461857901e-01
7.651416358403818618e-01
7.893252276896374209e-01
7.187646309087907248e-01
5.839039330809512318e-01
6.716527758368762147e-01
6.028139855147132131e-01
6.475429765721734121e-01
1.499676227792090255e-01
7.886926154902947905e-01
