2.463624321823593422e-01
4.910813638497059652e-01
5.962775165064505556e-01
2.725071372747331355e-01
7.345782157042176630e-01
5.367510602207615777e-01
7.680952629331065928e-01
5.749282331415040970e-01
6.490635003473079756e-01
4.945311297988978505e-01
8.462074346310549666e-01
4.633707620263063376e-01
6.671725643656725158e-01
5.124040649380167123e-01
5.749191582805630585e-01
8.579177750588684592e-01
8.664800461507669027e-01
5.795770098544680282e-01
8.777273410605934689e-01
5.772224190708846736e-01
8.011930979332695379e-01
6.420286319987944523e-01
6.982517384824404871e-01
9.135497824074166884e-01
5.682090214574768705e-01
8.818709545883315348e-01
7.355263056466602167e-01
8.139257585619612545e-01
8.070307821660980263e-01
4.168183299597811864e-01
7.857320179413858074e-01
5.815321948858985790e-01
7.732861609817657245e-01
5.000000000000000000e-01
7.614122706293111609e-01
8.105586413009894242e-01
7.775592579076169297e-01
6.219953952829564425e-01
2.678396447275436243e-01
3.821154269306901163e-01
3.941224222906694608e-01
8.316861795066572416e-01
4.480092133014284550e-01
8.150787753203228014e-01
6.798602445348850276e-01
8.145538005120870340e-01
7.995357709171921901e-01
7.245403942904298233e-01
6.524229849722100738e-01
7.051373722150066081e-01
6.894215989507983533e-01
7.297002083721731980e-01
7.618820875086627087e-01
6.993388664759777607e-01
6.449020476557638659e-01
7.440213489770696187e-01
8.097911057920593736e-01
7.508507417070958700e-01
3.984862983185344376e-01
7.369459950447594387e-01
8.600325420714695079e-01
7.779838878217589793e-01
7.493880283529175124e-01
8.527715320785224096e-01
3.909552471083185265e-01
6.663350812562817138e-01
5.196078971734033880e-01
7.170761691026642515e-01
6.071778198779422819e-01
6.519443913516955735e-01
7.019313704185584646e-01
5.478274041959693141e-01
5.485447811412603736e-01
5.570833055941264433e-01
5.342177996817261132e-01
2.245140487613285218e-01
6.827057200305691742e-01
5.814285217639821868e-01
7.413238194401192693e-01
7.684839653383507274e-01
5.572388153859528792e-01
5.773151799919088445e-01
7.482908370371503803e-01
7.543141225204871292e-01
6.479869118573701181e-01
5.544472630616136266e-01
6.657518746736056370e-01
7.223362968424344999e-01
5.442412438327502988e-01
7.842368367256498107e-01
8.099266577390814570e-01
6.379634944135880170e-01
5.914139388242933837e-01
7.690730595415389281e-01
6.822519898779366709e-01
6.914517145388446862e-01
6.732130175707630171e-01
7.222528160055858848e-01
6.531178249081355247e-01
6.482606462061560881e-01
4.802839645779020117e-01
8.271752496524269471e-01
6.230059389438764583e-01
7.176290699995241384e-01
5.450746691172458913e-01
3.783559700056692288e-01
1.776744242407175267e-01
4.944324184063761951e-01
5.431674626555391683e-01
5.330996269108891905e-01
8.548228136892581652e-01
6.536834782996119309e-01
6.016195169052904745e-01
6.724928204557667488e-01
6.696211808798222531e-01
6.277192458802023367e-01
6.068279101419001842e-01
6.723902923853648517e-01
7.232415073268204653e-01
6.740354448937460052e-01
1.536125562420236901e-01
7.575541145180567648e-01
7.876771735455806445e-01
7.102016728460369688e-01
6.093260027328143424e-01
6.466679110609376835e-01
6.195736306867929422e-01
6.228077776527558562e-01
2.141089380905699113e-01
7.919227656391996106e-01
