7.221272632782899104e-01
6.358261303055527947e-01
5.668804365757840191e-01
7.209377953012409135e-01
7.075857060998275161e-01
7.259814658603407356e-01
7.623404867786115480e-01
6.434653827179442898e-01
7.489391277895804944e-01
5.491262366296935094e-01
7.632532898147915690e-01
6.777582334624603355e-01
5.734179880230876325e-01
5.670303861349439423e-01
5.627477443005933777e-01
8.137475438338301892e-01
8.099642941850609956e-01
6.469461912280657367e-01
8.429391324922124173e-01
6.439401857388732386e-01
7.912959938665576898e-01
7.830845275069151512e-01
7.969328558565660359e-01
7.964688617671624726e-01
4.455822525545323765e-01
8.158441832796869964e-01
7.356626302475576251e-01
8.376000069125293379e-01
8.033009467548491989e-01
4.402857856374933765e-01
7.849256897525173082e-01
5.556190435853188836e-01
7.595877154808022835e-01
5.426636434818700172e-01
7.461623489963434830e-01
7.986473023387742343e-01
7.621196919363133482e-01
6.229932251324444836e-01
2.563149206158851778e-01
3.512130456935430023e-01
4.078386077390798170e-01
8.155415810424947454e-01
4.759395153393143896e-01
8.377799786396467052e-01
6.896421600081942271e-01
8.042796220849099953e-01
8.284646493857793503e-01
7.039745551472473828e-01
6.158638997394548786e-01
6.994513315254353714e-01
7.157736700487106196e-01
7.405840446822424816e-01
7.650449492671795859e-01
6.845270329471633275e-01
6.458313093596158572e-01
7.641735866874381777e-01
8.022078216557302355e-01
7.328952658649849905e-01
3.918970745231519781e-01
7.351090013259480305e-01
8.033382414892552559e-01
7.677747827677086079e-01
7.211723773647600311e-01
8.517994760331737414e-01
4.491314589761262188e-01
6.593133479285792076e-01
5.455630105134839924e-01
6.980098280473864270e-01
6.138233019832229909e-01
6.571994203559169412e-01
6.656444801654619603e-01
5.583388998736712461e-01
5.499108458405822519e-01
5.851827211399553974e-01
5.394539986221643657e-01
2.742687103379699010e-01
6.704626057602902645e-01
5.399872711262413416e-01
7.172160814330509337e-01
6.830018787353261400e-01
5.592629312733795599e-01
5.326249523185740964e-01
6.937945920294399382e-01
5.000000000000000000e-01
6.238709652074330148e-01
6.569158771461919288e-01
6.949453524021317330e-01
7.362947800974545265e-01
5.758114332790337242e-01
7.604875249187166286e-01
8.088661009111712819e-01
3.441137547130542762e-01
6.779411101085187630e-01
7.578880646001122656e-01
4.557605575931108488e-01
4.847271140322097494e-01
7.368658184100966846e-01
7.032726632192007887e-01
7.500197685753996479e-01
7.237385200341495128e-01
6.332455341754590350e-01
7.645923110762138375e-01
7.067729430439682048e-01
7.080906346693860431e-01
5.987857353121086579e-01
3.225889364613663823e-01
2.114463178576229396e-01
4.673137628565511292e-01
5.167816892654347738e-01
5.268251186263277486e-01
8.871807037666945561e-01
6.564581824240067753e-01
6.168036174215553169e-01
6.946405978371117396e-01
6.564989700232189973e-01
6.505457469886866129e-01
6.209822430396502169e-01
6.319617270573545387e-01
7.022606862210528655e-01
6.896932523171667162e-01
1.327890713094863895e-01
7.759351265489289329e-01
7.923410803513964984e-01
7.351882571712564651e-01
5.873022597575864312e-01
6.173103889877435968e-01
6.225221660645819943e-01
6.566939386941412771e-01
2.233545436611533430e-01
8.025917872246447482e-01
