7.081304310934624091e-01
5.922014622563374076e-01
4.747182401290843123e-01
6.759706765144735119e-01
6.318757961092443809e-01
6.716759355186905367e-01
7.658275290356557630e-01
5.421638834112199046e-01
7.213746152416047330e-01
6.641285825061646886e-01
7.127387783935623666e-01
5.999752733866713372e-01
5.368049962541637798e-01
6.018891418278066174e-01
6.422213380636465629e-01
6.578165972426667230e-01
5.781680047969794956e-01
6.087381051738807169e-01
7.609509507358078739e-01
6.515527140012851159e-01
7.721246184934709156e-01
7.426211172201547805e-01
7.947964441280106485e-01
7.660942733383907521e-01
6.520997817688828357e-01
7.011471661084048845e-01
6.707242082757793877e-01
7.404230656174131120e-01
7.028126729754817781e-01
5.974466551287758165e-01
7.004841644761068409e-01
5.940668536638256114e-01
6.603392192493232615e-01
5.782217757016276938e-01
6.619480416161638292e-01
6.967270745627222039e-01
6.744608430494624107e-01
5.858726292547400405e-01
4.469860363936363767e-01
4.107272106178274096e-01
7.032334616826175777e-01
6.457966004663270310e-01
6.594509588751912288e-01
7.624530036015111367e-01
7.174506065825003720e-01
6.756255929527984483e-01
7.427882631380376965e-01
6.469317546820271270e-01
5.356988275138174771e-01
6.005224957935340058e-01
7.294308036766710135e-01
6.977961584000824669e-01
5.583222431123977536e-01
6.060207021690207085e-01
5.995554946698529175e-01
7.752934708413573572e-01
7.643994892437461219e-01
6.751116511651090724e-01
2.183097000089254114e-01
6.455495709849158326e-01
5.804377032509516754e-01
7.122152813782813841e-01
7.030369984082557311e-01
7.695359812893267648e-01
6.971711505581147383e-01
6.688053209055557780e-01
6.688540574580380538e-01
6.690990289246758760e-01
6.685957841969282223e-01
6.688540574664734173e-01
6.688398023861771291e-01
6.688540575137226218e-01
6.688540604033780257e-01
6.688540574505877911e-01
6.688912636562437397e-01
6.688538973110310648e-01
6.688540574237156200e-01
6.688540402590753553e-01
7.054320021749161951e-01
6.257306796554198414e-01
5.950416576628420051e-01
5.971133282016390931e-01
6.637106378515580385e-01
5.972758490994543035e-01
6.676449465046406795e-01
7.031604906486143003e-01
6.903514884139229091e-01
6.923762575769816241e-01
6.608064899008340154e-01
7.118342170595781671e-01
7.096976215665825594e-01
6.459467176874185146e-01
6.561065505293862676e-01
6.981511428662428020e-01
6.478715287710865578e-01
6.992024718160562147e-01
6.829823850976666222e-01
6.872649368304459827e-01
6.619898536249357868e-01
6.844740599396610392e-01
6.763806370427295489e-01
6.825376693230499336e-01
6.568319910632464120e-01
7.097927287189641499e-01
7.643037354482218326e-01
7.057131435240248107e-01
7.785950731277249126e-01
7.069368594250516891e-01
6.697751726573382136e-01
7.555743218978789866e-01
8.942850973851872443e-01
7.161358984865585642e-01
7.344622418938294706e-01
8.006657708591768952e-01
8.175059190296316558e-01
8.515834399039917679e-01
8.560110326988037421e-01
6.280381189504188333e-01
6.384649995356833641e-01
6.843137502731642119e-01
5.076202487203376190e-01
6.899195351022031630e-01
6.809127332125864962e-01
6.806591635179397581e-01
6.082879820130742132e-01
6.323055568853754860e-01
6.635715262881682897e-01
6.502103841151524177e-01
6.200439141434684887e-01
6.870222928652356398e-01
