8.475716846479437461e-01
6.745789973581091115e-01
6.137899929977844726e-01
8.752767003555030900e-01
7.267449988230176849e-01
7.633826365061807673e-01
8.428940460626302977e-01
5.165349506801212298e-01
7.714200797568291357e-01
8.052356284969570677e-01
8.311585869471225241e-01
8.115601476401645975e-01
5.861415906840823364e-01
8.404828578641821979e-01
8.578054987983867452e-01
9.063434693916939677e-01
8.901584467692811309e-01
8.260753610353590570e-01
8.175366771823225909e-01
8.928648059823887095e-01
8.643139679826551403e-01
8.565466855279315617e-01
8.904763892833247318e-01
8.728591547594107825e-01
6.899541786508220920e-01
8.795534604580412807e-01
7.356971982009488098e-01
8.049037642400489467e-01
7.312954329036597256e-01
7.534674017741890273e-01
7.756601651306902490e-01
6.930028906140800471e-01
7.333511685375740941e-01
4.516544774351751723e-01
7.640784508819252752e-01
7.833026702063110580e-01
7.272986321806467203e-01
5.632511458992854880e-01
5.115261716153717275e-01
6.740740682911834369e-01
6.341040101980925936e-01
6.470899365143875093e-01
6.439507536200500537e-01
6.404864516237394056e-01
6.449127666709526530e-01
6.478153311427016225e-01
6.341830792526272909e-01
6.432952972783823054e-01
6.619655418652493628e-01
6.511251913213199627e-01
6.386119132415178923e-01
6.344070266676065106e-01
8.406847549920566376e-01
8.216291110863949143e-01
7.492524221327082623e-01
8.466508392654203963e-01
8.915458285247931380e-01
8.733876599471983582e-01
4.906770113896153918e-01
7.315159394833079531e-01
8.938430214016027664e-01
8.652661122026653606e-01
8.682213640715799041e-01
8.285137324500142508e-01
7.226695018551373417e-01
7.977664668490508371e-01
7.361934204875284493e-01
8.233977120669081495e-01
8.539175679061965507e-01
7.979370522853921344e-01
8.844563235692678438e-01
7.558363173576199134e-01
7.200109057312712446e-01
8.383081045060639669e-01
8.030857164265399195e-01
8.773948719920645622e-01
7.709030877548556093e-01
7.668003999161516759e-01
7.534065753428617063e-01
6.242161606199660984e-01
6.458275136277901174e-01
7.378204757850456152e-01
8.205786158960447496e-01
7.780263062009676878e-01
8.443645876767437164e-01
8.289651091351071255e-01
6.638446417841981084e-01
7.140456187792939557e-01
7.747943582450110833e-01
8.252176129189823239e-01
7.688636693439724334e-01
6.925294525499409160e-01
6.882528659816659067e-01
6.692736300962008889e-01
6.742647438066077248e-01
6.799320718275027042e-01
7.059903567694972848e-01
6.127954153775967416e-01
6.845529043894517107e-01
6.698339712309404614e-01
6.805951989319499740e-01
6.548238069114670212e-01
6.764699076805926747e-01
6.958534410545424986e-01
6.722955412512834350e-01
6.579959222713026579e-01
6.676238853186933220e-01
6.603665586835987256e-01
6.571717252364026596e-01
6.646259054685471623e-01
6.367270272887594063e-01
6.683392153142792003e-01
6.534529360618425153e-01
6.703092345876668912e-01
6.668284339867811550e-01
6.704227002347800113e-01
6.711142038113041552e-01
6.776070998744353480e-01
6.766342453226930065e-01
6.379575611287741088e-01
6.816122773182026195e-01
6.843186241637173595e-01
6.825889625292800300e-01
6.623517137530369192e-01
6.654979694619722608e-01
6.792453998983196684e-01
6.710707172254515296e-01
6.619961611055199535e-01
6.860743757140110866e-01
