6.850062391867183242e-01
6.434792278179325420e-01
6.140461357249089591e-01
6.806226886738507842e-01
6.756437302330731143e-01
6.977806695456734154e-01
7.143757219744437670e-01
6.590949727269820313e-01
7.087189100673425557e-01
6.783201514421572931e-01
6.912298919538001352e-01
6.453045575596908501e-01
6.451413574834856668e-01
6.558926534764032423e-01
6.343472505808134265e-01
6.603230251300103992e-01
6.552390112346589968e-01
7.060840624309225877e-01
7.360875017694632483e-01
6.517631240693323447e-01
7.069951504122510277e-01
7.006737481924161237e-01
7.288666376681073311e-01
7.062886881019287966e-01
6.801293076880808863e-01
6.931913937076623622e-01
7.218434127704564940e-01
8.603375199585661104e-01
7.459865195310855235e-01
5.431500164646992923e-01
7.651202566064729815e-01
4.638857676058165125e-01
6.678554714890559962e-01
6.594843649764531301e-01
6.885776395798538507e-01
7.360306575085406866e-01
7.310859805781876330e-01
6.570726304265366302e-01
4.790979271343227541e-01
4.260060637723541710e-01
6.579172681025985403e-01
5.490824116485825135e-01
7.388464314223830431e-01
7.839604641916000372e-01
7.448709029487710076e-01
6.425757505511362488e-01
7.532135362464217332e-01
5.491832214559294600e-01
4.883948159556635860e-01
6.378819556233834565e-01
8.187961783209554145e-01
7.284677852187196878e-01
5.832161818192727054e-01
6.659500708477688047e-01
6.336840042673757001e-01
7.525343232091968870e-01
7.123520825449145555e-01
6.245999069376320101e-01
3.721245578428912792e-01
7.258648639889170306e-01
6.843859236426972359e-01
6.888964879868484381e-01
7.375955470090148625e-01
7.243343674109969932e-01
4.583679946051135712e-01
5.676802780825130901e-01
6.862625508876475378e-01
6.671543508638528852e-01
5.529622144441612708e-01
6.745125302970322867e-01
6.691374965509593320e-01
7.054565228879026151e-01
5.892421631547448690e-01
6.867810075696174632e-01
6.535383000372971818e-01
6.347929164240742050e-01
6.123760576553011203e-01
7.083985383418625048e-01
6.547819641524250667e-01
6.565746694356127122e-01
6.560824365416495496e-01
6.503562760600350989e-01
6.551838374900635920e-01
6.532942887517182440e-01
6.552074702340012768e-01
6.570956116430500815e-01
6.558611112909094043e-01
6.573222590391840647e-01
6.531878921080184197e-01
6.549632465194578090e-01
6.565300268818171636e-01
7.449319271837171463e-01
5.290826409275143360e-01
7.395648392143824301e-01
5.465622123693159029e-01
7.096047658529154312e-01
7.647884122977554044e-01
6.782289737176117050e-01
7.410765499306691817e-01
6.839544871991702912e-01
6.875163708010758601e-01
6.743068044917510662e-01
7.053394382261658491e-01
6.631290499546599326e-01
6.504482859339280054e-01
7.122705701209811613e-01
6.829544700501388732e-01
7.278688899449838878e-01
6.032092550157241995e-01
6.462895316251504596e-01
7.356735206929478910e-01
6.710732330740167839e-01
6.482370197476472473e-01
6.782527498844346248e-01
5.701538548774522930e-01
7.176391723250760135e-01
6.635738163138134027e-01
5.895134517136282337e-01
6.867419350350782992e-01
4.883542185655771473e-01
7.030122895170859421e-01
6.811898094032903250e-01
6.847360438504356273e-01
5.680849165070490647e-01
6.079106009665713461e-01
6.680714357260811864e-01
6.484732830918547020e-01
5.799640184004962729e-01
6.875192296657208768e-01
