1.238874562834212933e-01
1.019984229501067069e-01
3.667886763425859398e-02
5.000000000000000000e-01
4.537283529084620154e-02
9.632052342799417299e-02
3.647336769582985028e-01
3.885966787277407297e-01
1.071027462581680412e-01
7.617478169783412079e-02
6.955215709265862023e-02
9.336128904721743837e-02
3.542930683895576527e-01
2.501493466917855679e-01
7.258987959433244042e-02
1.646212586839525538e-01
5.553470823887569907e-02
4.460970236730437549e-02
1.008284790271326975e-01
4.330236143542504079e-02
8.037372095706062092e-02
1.222667327419525440e-01
2.833048995374469192e-01
8.520315496311393899e-02
7.591767725382096710e-02
9.272224572447335111e-02
5.344820911410249481e-02
5.457119689327333267e-02
1.052549420040033296e-01
3.346166076293833336e-01
1.048626993672985563e-01
1.519131341160575577e-01
7.193908621085443045e-02
1.768877816051372398e-01
1.943472641927969646e-01
1.260882146617096911e-01
2.925987739310424440e-01
1.040015234900077412e-01
2.177094868879779488e-01
1.384117646720509631e-01
7.363304260337518725e-01
1.042976678670084756e-01
9.483417307522372386e-02
5.979714962608546902e-02
5.981532480801340923e-02
3.011138839188566910e-02
3.942884155287763870e-02
6.209438409063941511e-02
1.812639341062514953e-01
8.218500497467821908e-02
1.784135773157776161e-01
1.315630546341049478e-01
9.878988256344005403e-02
7.342440104042942395e-02
1.436581483543180604e-01
1.312912660538433918e-01
4.416886646411418565e-02
7.155457184449877384e-02
3.011138839188566910e-02
9.545886090944606661e-02
7.696817297660359103e-02
7.188594656658990611e-02
1.112198689331573564e-01
6.814298550550020039e-02
6.285535614674223059e-02
1.344963062255290498e-01
5.643610990602115213e-02
6.692891587841251488e-02
4.928842810811514402e-02
1.141374901384184098e-01
1.813438663725752131e-01
1.264454754193110875e-01
7.232808509343507941e-01
4.550095367590748646e-02
9.266083135505185364e-01
4.811991528750664271e-01
7.602823042145757937e-02
1.340492378005405660e-01
8.068964683336307675e-02
5.767777822958272682e-02
6.397200924859604287e-02
4.408688743530033149e-01
7.742757062482430452e-02
6.161266411400032755e-02
4.094748686207788091e-01
9.531751787834077949e-02
6.664607026157738645e-02
2.626917153102951707e-01
2.698157832980682125e-01
1.008103726050971344e-01
6.122294344719567821e-02
2.851537770691452839e-02
1.767792939897646631e-01
9.425281093147631906e-02
6.161266411400032755e-02
1.149713425029792735e-01
6.479873165647626054e-02
8.776062634753624414e-02
1.369806360927790234e-01
2.791254149462827350e-01
1.826239504389417234e-01
6.739579631251378655e-02
6.479873165647626054e-02
8.401296377018091510e-02
1.620418471092723023e-01
6.161266411400032755e-02
3.614747331022688526e-02
5.518784360056143423e-02
4.485671640507166158e-02
7.966993378048656260e-02
6.147698670997552017e-02
1.376813463688321137e-01
5.980351226903992540e-02
3.063549231606942091e-02
8.516508348606401102e-02
1.289381678168625422e-01
6.336278026808084274e-02
5.956493148925201542e-02
1.776037940208959054e-01
9.452950650546713962e-02
6.267096690159371097e-02
9.157743662074012414e-02
1.412492415691226633e-01
9.039916591733665463e-02
7.091413783660481529e-02
1.599099484615154054e-01
1.615374820976699100e-01
6.424846174299908563e-02
9.848778919449951985e-02
6.460317769905961349e-02
6.023713682116874774e-02
3.476731224151740490e-02
2.195212702791655979e-01
1.064049596366969525e-01
7.667248564869945382e-02
1.749856530392344400e-01
3.956810772064075360e-02
4.552247307960372719e-02
6.946754327758311587e-02
8.733703279307102052e-02
9.326084370641216093e-02
2.146818797518537103e-01
7.471383763501192321e-02
1.716194938044562912e-01
6.038040401767033605e-02
6.086513148629745656e-02
1.131027787263793327e-01
7.997751508380765428e-02
6.096166625996365940e-02
6.230605740833027734e-02
3.325663953294090425e-02
9.264465502964099042e-02
5.559211855678530129e-02
1.001534042730002211e-01
4.440870820178675210e-02
1.429443975694262570e-01
4.191756445688517296e-02
3.005404970377735241e-01
5.183683259363303097e-02
2.088552166710904712e-01
1.406434034358499674e-01
2.615529917933540061e-01
3.913986928924853559e-02
4.221328057145404961e-02
6.347369657510691654e-02
1.309411510059152739e-01
4.551723043070286800e-02
8.880099886095650652e-02
4.221328057145404961e-02
1.329644199685380834e-01
4.744922701823243161e-01
1.219091586649329317e-01
1.375357644174584892e-01
1.083979718119684882e-01
6.054534861863387907e-02
4.986260432326572456e-02
6.635737291850639374e-02
5.929401447624381427e-02
6.308119312838079973e-02
6.402470105051075167e-02
4.221328057145404961e-02
5.493092389667248582e-02
1.146508350059957937e-01
4.006048649871317424e-02
8.150337466906419637e-02
7.705078472958236391e-02
1.446645226190292066e-01
4.867171287194165669e-02
2.283834054245767464e-01
4.140447933389494045e-02
1.016011363545297613e-01
8.004552007347857934e-02
2.131250362314189850e-01
8.004552007347857934e-02
2.256833769194911132e-01
5.549944114781990567e-01
1.487519334224834955e-01
1.184025263353506441e-01
4.334614152195401249e-02
2.292638989150113868e-02
6.145362618976250163e-02
6.151283245675522732e-02
1.777659845122500915e-01
3.131978820849366518e-01
2.507754667721383002e-01
1.254986238509452068e-01
1.011593872176639597e-01
5.169029391710343313e-02
1.737330392962547487e-01
7.326172489038022817e-02
1.066986385500849344e-01
4.399131612880737008e-02
6.490288179340518437e-02
8.413395653514917083e-02
5.237097969607674292e-02
5.404736526745360092e-02
6.167668580179558324e-02
9.462515324337077149e-02
8.056056912911187251e-02
1.894539543107345847e-01
7.561530744219183142e-02
1.028298666613740031e-01
6.729142183743890004e-02
7.963660885152866464e-02
6.600501782367789172e-01
6.498386783207359130e-02
6.554861151602173197e-02
1.365611601368612316e-01
1.707284372776169956e-01
1.004203808959826111e-01
7.102965864562224563e-02
4.894176487583858787e-02
1.404369701895134548e-01
2.134042705200579759e-01
5.390824435356608019e-02
1.561565818103103631e-01
4.821270783160575002e-02
2.361827965948784525e-01
1.009963362865356207e-01
6.717095478782406093e-02
1.152334706259778296e-01
1.329592504664259267e-01
6.410713202853919601e-02
5.988604861756269271e-01
4.280156163975646494e-02
1.840519255462840509e-01
7.503919209844850391e-01
8.136705316591799630e-02
7.382025632303455820e-02
1.331089021220261126e-01
5.271374995882350395e-02
8.177279491787024790e-02
7.435659533472138705e-02
5.900221662184472471e-02
9.019237990556831785e-02
1.000768862676262999e-01
1.570610584374589613e-01
5.217986613712989330e-01
5.443188288296517685e-01
1.466671660461612847e-01
9.885752470476115439e-02
5.085957649756479848e-02
6.056460623790304448e-02
5.731964126788860470e-02
6.600772725601247726e-02
1.013610900784689961e-01
6.189909651446483252e-02
2.541328665286129995e-02
6.416316458259962996e-02
7.823200369396578202e-02
1.012981655131181408e-01
1.627796687901093553e-01
8.191535552758334726e-02
5.085957649756479848e-02
3.609365770388532901e-01
5.829051836883846205e-01
2.019045251532179397e-01
1.336668541676452604e-01
2.796057484741861776e-01
4.560850205834943855e-02
8.030710656032165329e-02
2.825170688322313772e-01
2.109004550247279564e-01
6.963514098659824569e-02
7.949044913612160479e-02
1.197787917160032800e-01
1.390481886599558847e-01
8.139909457436825257e-02
8.612675783370751792e-02
1.601566547876547564e-01
4.969608596321158783e-02
7.752879165506255943e-02
1.300710038323155682e-01
1.920227822686664809e-01
8.881025141485186791e-02
5.757020225032032784e-02
1.124271402167459771e-01
5.552679002190454016e-02
1.637482653742056982e-01
1.081021948824626988e-01
5.550495072971654842e-02
9.754875929595969997e-02
8.569709402313563373e-02
1.063065984042580875e-01
5.000000000000000000e-01
5.501013543899836711e-02
2.093815848092019094e-01
1.593576594439057026e-01
5.552679002190454016e-02
2.383653657868125275e-01
8.329022512238044851e-02
7.974603893800692733e-02
1.719890994905119430e-01
2.687445668072522831e-01
7.797208421951383472e-02
7.858990477639253569e-02
8.955800600509936094e-02
9.408290938120646152e-02
8.674522960292571638e-02
1.375523367459354218e-01
1.598273655871484122e-01
2.368157862396080005e-01
1.790020873699814663e-01
2.617348793240564797e-01
2.407701875656244883e-01
1.555926878841827621e-01
2.071726661137376357e-01
2.251243678596045739e-01
2.463902851070298161e-01
2.154776392579035582e-01
2.011370621927583424e-01
2.280147048912905539e-01
1.329977241620192985e-01
2.124798852000077121e-01
1.982769889059741719e-01
2.135554911060397187e-01
2.098120285228095294e-01
2.280416848757576553e-01
2.314296604012132663e-01
2.132027487992993187e-01
2.195351888967499721e-01
1.487458548291042681e-01
3.130737712381784776e-01
3.607359214908217315e-01
2.541787712993546777e-01
1.920228667412493817e-01
2.342599432281683436e-01
3.112127800543581513e-01
1.938727300598484249e-01
1.574745272288248510e-01
2.203428911699178705e-01
2.573247310147833145e-01
1.528182071154870203e-01
3.369257666738164625e-01
2.859342797477298359e-01
1.889457854591591879e-01
1.949040472567629412e-01
1.637462424113157178e-01
1.280326698462912194e-01
1.457150974297207746e-01
1.320081851331116884e-01
1.509242322657558255e-01
5.972110923319322306e-02
8.266684851695157987e-02
4.935167963313847467e-02
2.955550883104663962e-01
1.579470619257046793e-01
8.009553048768416894e-02
7.985060702691415546e-02
3.675048815874358554e-02
8.242168901736635078e-02
6.555516628741897556e-02
2.812234053792705968e-01
9.997098362477478684e-02
7.364861782861961692e-02
8.319418143216364414e-02
2.334307611593186282e-01
3.671909746600487273e-02
3.842262525609196205e-02
6.228052265999090009e-02
6.563194067361058925e-01
5.969396883898973882e-02
6.153144619826177858e-02
1.155880664369044047e-01
7.247565023029846343e-02
1.742315540700465903e-01
6.037017859115867413e-02
9.032754308168565449e-02
6.925427307320937420e-02
1.059946579132643174e-01
3.961415590277224397e-02
1.009712070882761992e-01
6.147949738723113705e-02
7.697413445493971051e-02
7.041904521759843882e-02
1.297265743114387748e-01
9.501302334766727198e-02
7.226963288003340757e-02
