8.792046480394513641e-02
1.059424824692212774e-01
1.992990607848714804e-02
3.382443589658101768e-01
3.586704710221190473e-02
4.429306253384168723e-02
2.490562123415498152e-01
2.442149384914276411e-01
6.308990355789131921e-02
7.034414742785444208e-02
9.989853194514089485e-02
1.073285945578075912e-01
5.554888952838402671e-01
1.659304434928416672e-01
1.133578554329275345e-01
1.836831827095227188e-01
3.864642895101342429e-02
2.855028566620595662e-02
1.554524590047809407e-01
2.288639168668813936e-02
4.311736129326916578e-02
6.765128835085773562e-02
1.809216178526159846e-01
3.343866749504528779e-02
1.144550500067491455e-01
1.128456032899973899e-01
3.330263912628825956e-02
1.699242059679912167e-02
1.034029584621341674e-01
4.810748293654755758e-01
8.836244176260822647e-02
1.486976523679726658e-01
3.923486627801484744e-02
1.015777639585324077e-01
2.583954335812867487e-01
1.025018985497786334e-01
1.544152155962900674e-01
1.216614832832202675e-01
2.688202551427564257e-01
1.009447275743858424e-01
4.085036383799000581e-01
4.445973945126002053e-02
1.151978197288758415e-01
7.670937277542040633e-02
6.521522531336358675e-02
5.999748642593705217e-02
7.387612186950885673e-02
1.651576677436070728e-01
1.246963318589689729e-01
9.734442736271581298e-02
2.357274640361698148e-01
8.686466063805142745e-02
9.453375246689921241e-02
5.109194324008831806e-02
1.739318415015095876e-01
8.562618428234267109e-02
5.064686541233400646e-02
1.253727071547236505e-01
5.959515219731893743e-02
1.265674096433101747e-01
1.118060541609775388e-01
7.443418610684572612e-02
7.200933260602696007e-02
1.218551929160777286e-01
3.480134249776972721e-02
1.087188181591288716e-01
4.977776541462788223e-02
7.863593235836514872e-02
7.859439676778490202e-02
9.200469421445482687e-02
1.234251663081964850e-01
1.970953355070308999e-01
6.322382352363743463e-01
6.964234182243869697e-02
3.488384020784204842e-01
5.258959563825004180e-01
5.795287574818261400e-02
6.727015560403344641e-02
8.084876977298550982e-02
1.109776992084755276e-01
4.608197083474344091e-02
4.227414220549324253e-01
5.786208720998304439e-02
3.360173422083886224e-02
8.047256601218315542e-01
6.511874415722181120e-02
4.253798403162592501e-02
3.069176879827053561e-01
3.994141527690141524e-01
9.321359784937630066e-02
7.500307594392353894e-02
3.387224957017738458e-02
1.036221605400524937e-01
1.072888231426321198e-01
4.012926763824598703e-02
1.766842758389391421e-01
4.147886917000534468e-02
6.125328681329407499e-02
9.465141123635346931e-02
3.829317875900800083e-01
1.171653807453305191e-01
6.125464038228047720e-02
4.147886917000534468e-02
8.272301423225611461e-02
1.118567099991112923e-01
4.012926763824598703e-02
4.650883496599998029e-02
7.782255516174986509e-02
4.338209153651765432e-02
3.988195022406947066e-02
3.982504778708696042e-02
2.172574412146864309e-01
3.426781528743080840e-02
6.527043833693044195e-02
7.106279020819994408e-02
9.476063409858641318e-02
5.162461080605405123e-02
6.330275829804915544e-02
3.412017848067095405e-01
1.759633821549371480e-01
1.490646873257388538e-01
1.534115629440941930e-01
1.298947097856487931e-01
1.793215338515617430e-01
1.658915664508179566e-01
1.678207153791906603e-01
2.056461312825109966e-01
1.549475195737987365e-01
1.188025064781437906e-01
1.347312771731937198e-01
1.178874056539988141e-01
1.192210672283310624e-01
1.763040573601484251e-01
1.590596108238263307e-01
1.188575142087421738e-01
1.640466891366346713e-01
1.343805962638014162e-01
1.362892596643631438e-01
1.205560430196416649e-01
2.056526130291371768e-01
1.996640972602070629e-01
1.571259072041691629e-01
1.481078009137118678e-01
1.554767197626553965e-01
1.902553532853843432e-01
1.514566171575824072e-01
1.592310340071701191e-01
1.735694225539413660e-01
1.186555887247378871e-01
1.245869697094839079e-01
1.125953772558088567e-01
1.769512494483689302e-01
1.268375974295125885e-01
1.795904278315229030e-01
1.707194730568111496e-01
1.390944029754118960e-01
1.356163219138627196e-01
2.060809754437863128e-01
1.405890431274739449e-01
2.207117185989873887e-01
7.657928207408308541e-02
1.913699866434896979e-01
5.606477903172159966e-02
5.539442823478763628e-02
8.923955822228421542e-02
6.934660020014853099e-02
4.660746208784707217e-02
1.005690693525902457e-01
5.539442823478763628e-02
1.205054777200267740e-01
5.341688233731459734e-01
1.246234529459761681e-01
1.081333155533358709e-01
1.262256229783978168e-01
8.286493023979259187e-02
4.717800905337984213e-02
6.395121675628716307e-02
7.697595994895825577e-02
2.168269039062785050e-02
9.452290587451153692e-02
5.549715982380190593e-02
6.570324620340055322e-02
8.741202210953105678e-02
5.679222758753594419e-02
4.300518548902940164e-02
8.538952401139832116e-02
2.209799904683296956e-01
6.658747759771725672e-02
1.900118323696119160e-01
3.716728409757618506e-02
5.858437409167063098e-02
7.992514033414518937e-02
1.752103537651542864e-01
7.992514033414518937e-02
1.362118440565874000e-01
4.696957382974790152e-01
1.558006727988395512e-01
9.183442181890690004e-02
6.023464389145891107e-02
6.873023513159708109e-02
5.385558148978726589e-02
5.402706080896137186e-02
1.916806579649743547e-01
1.400792892234657694e-01
4.833966307637450055e-01
8.080366281351071545e-02
7.754662010340528100e-02
4.605123849927048041e-02
4.461566279783173855e-02
3.299066387909364156e-02
1.673279776811308628e-01
3.093075438768016355e-02
5.578390747762305285e-02
6.962101275086909902e-02
8.635812684661060834e-02
3.689383765851120267e-02
4.447955317410143272e-02
8.217834249311971317e-02
8.119416876955241891e-02
1.172946696237642528e-01
7.421685542588783713e-02
8.580016581783669882e-02
4.130371937759028805e-02
6.001019618848094789e-02
7.857086160263297980e-01
6.240337256809522226e-02
7.063891499945643138e-02
7.711808295734350061e-02
1.630166313539689604e-01
8.594118984736262568e-02
7.360321101328730353e-02
4.608344045357543051e-02
5.623068496540068600e-02
2.075063206110873970e-01
3.987397136633110545e-02
6.053766262078184857e-02
2.773721176787146206e-02
2.823399145033536617e-01
5.388381966318357696e-02
1.167497016982758096e-01
6.923281150492506530e-02
8.003755310253110600e-02
4.041372124944373617e-02
7.198357759981200976e-01
5.687502412124262330e-02
1.781297188339663051e-01
5.524722813987883452e-01
4.604927586003130374e-02
4.108273488130582268e-02
1.025077094164071057e-01
3.635993748889132515e-02
5.568640828604379950e-02
5.383801561823584048e-02
3.400911038604589876e-02
6.929714518645739563e-02
8.179546089297833056e-02
1.993410904158509356e-01
2.959279240988171300e-01
4.529434581160788897e-01
2.026407973922760841e-01
7.459464655051202542e-02
3.572267928995317282e-02
7.971587642616374814e-02
2.794585599853017036e-02
7.102043941179830844e-02
1.109678387802584126e-01
3.743215522034935849e-02
2.022967225704342883e-02
6.171320587469211749e-02
1.266476105583791978e-01
1.054773972339874549e-01
1.494763538307043171e-01
3.471117432035457362e-02
3.572267928995317282e-02
2.286660136888230832e-01
4.111843843872536319e-01
1.535755717333724402e-01
8.234844275172555073e-02
1.945981745872326363e-01
2.052390061413595507e-02
8.013579846848176147e-02
2.516843888342795710e-01
2.105139005241731809e-01
6.391141604776275076e-02
5.406856152520010672e-02
1.447080219945890978e-01
8.532682205461410152e-02
5.443225089058476712e-02
1.191990179087953766e-01
1.831176724960228430e-01
2.871729088456353302e-02
5.114678024671354822e-02
1.641429527023590407e-01
1.161857126933214662e-01
1.652268600055418479e-01
5.692646960656845556e-02
3.364396476078433951e-01
3.420847012325074765e-02
1.203587715466764158e-01
6.876781708150105088e-02
4.777287664830816988e-02
6.861779813074497802e-02
9.134725416487377014e-02
1.088552186527179944e-01
2.637768475339915542e-01
4.372573800906470048e-02
2.228190382134680458e-01
3.709928663050245934e-01
2.634631265864927768e-02
5.867385499943065241e-01
6.616411088678844643e-02
5.074295826199690107e-02
4.058613427887389769e-01
2.674998803013398652e-01
1.138066116033035202e-01
3.725745834129041978e-02
1.384110118957186941e-01
7.632415251016323732e-02
7.633618169839770373e-02
9.827079482608949701e-02
4.232414150674448927e-02
2.994250600718885158e-01
4.590418812800552834e-02
4.647763508767650126e-02
4.298337762609283352e-02
8.167371888924859769e-02
1.027352514232076908e-01
9.036050704780133891e-02
5.047505165211202405e-02
7.206050989151151220e-02
1.121089194893212099e-01
7.601423322962452822e-02
1.471477353694724266e-01
4.522136990236065579e-02
8.616036668873176818e-02
5.358078109500264558e-02
3.818359979132347065e-02
6.163666844025258995e-02
2.647458920801454840e-01
7.219971009238029813e-02
7.034862685911187630e-02
7.963707864028313210e-02
3.680021243761900651e-01
4.259234844869924097e-01
1.953244776499585000e-01
1.930910250649442439e-02
1.012018586670704046e-01
3.413914090620306929e-01
1.154994009631294255e-01
1.428099514838421236e-01
1.047216139825940528e-01
1.556877251663501271e-01
6.190850852047088959e-02
5.128017376103820302e-02
1.146503127879091311e-01
8.836018488208788324e-02
1.023035513611739028e-01
1.026262639981591757e-01
1.940856116276350185e-01
2.740884807389735722e-01
1.802379644188931984e-01
3.186201296002618144e-01
6.603487810058844554e-02
4.281541237010606099e-02
2.616997066795694743e-02
2.076194716417602004e-01
1.514893599850961892e-01
5.991020564294629452e-02
4.119226174304253113e-02
5.297365111106796393e-02
9.528080320428768124e-02
6.607131158337760379e-02
3.454070963087871871e-01
9.873083103641107361e-02
5.857014603253966889e-02
6.592576361733558377e-02
9.872074597241990712e-02
5.272799208594103337e-02
2.808860675623004940e-02
6.798060653034235234e-02
4.677568429259078564e-01
7.112894623079930867e-02
6.008889196775393099e-02
1.639412875197564790e-01
4.159512468019786746e-02
1.679015489056039090e-01
6.006162689352093076e-02
6.052928130320976013e-02
8.559904531168383013e-02
1.594836783809600866e-01
3.424844140856639352e-02
1.229054581194617968e-01
7.166587177742567150e-02
6.674909586482380419e-02
1.109514544653445456e-01
1.229973721290858329e-01
8.315455102727675740e-02
8.586483252285974366e-02
