7.981286248206669043e-02
8.388890679948637907e-02
3.457403850645704435e-02
3.153096933818483327e-01
4.516929843913709136e-02
5.734076114173743133e-02
2.883492920895300293e-01
2.829744036086981329e-01
6.110145124747715789e-02
5.983063666845594986e-02
7.491767689212158743e-02
8.164839940905538329e-02
2.548098122414980682e-01
2.087478700111220775e-01
1.315538074146692382e-01
7.747262013445564699e-02
6.382563152673219331e-02
3.363285283294416284e-02
1.199386852315070112e-01
3.457403850645704435e-02
3.306266707128128340e-02
7.752370223108243086e-02
2.090229899082692300e-01
8.644462015489191853e-02
1.019776089140343456e-01
6.223650136646553116e-02
4.649936098221395947e-02
2.015293661633924677e-02
6.132586241311147740e-02
6.373542398301477174e-01
6.508340863410601307e-02
1.059845410395394011e-01
4.352639848402927586e-02
1.148766884395244076e-01
1.241304460655215658e-01
6.507320650349787683e-02
1.716280409482226765e-01
1.033405265711445919e-01
1.498518270603675095e-01
1.809758525687110153e-01
5.488196343568163549e-01
3.136346719716066878e-02
1.209617575112735127e-01
7.798674121760959532e-02
7.305196505350300407e-02
6.098572707123397357e-02
7.478434017779747589e-02
1.562666042740625261e-01
8.115994561900882753e-02
9.624793210855171754e-02
1.910321838084325929e-01
6.146268180901835743e-02
6.928535437073764236e-02
4.370414196936227985e-02
1.237643138564616940e-01
8.762342514953239125e-02
5.037604454091509920e-02
1.339540046442832255e-01
6.051366730909877450e-02
9.240481657383832481e-02
1.073212870575798311e-01
9.246147535456269995e-02
7.729325989578489375e-02
1.087462578885948217e-01
3.842099097763235910e-02
8.575371820951407931e-02
7.296916893472363275e-02
9.754824808150772131e-02
6.051366730909877450e-02
7.690842528774606557e-02
7.327980122859580059e-02
1.870762826272638069e-01
6.951825659588796169e-01
8.966409162208596739e-02
3.086134372956199634e-01
6.346987012148371798e-01
2.917191082514044090e-02
5.418977187265863055e-02
7.765117299376490811e-02
1.225902570897323129e-01
5.510344634412902426e-02
5.959857307644731428e-01
5.179352305057219330e-02
3.941069206801802588e-02
8.187763292008738425e-01
5.442741101744383997e-02
3.579999688922169687e-02
4.838922442762760845e-01
3.717807237104218676e-01
9.988821959282555285e-02
6.581630604956999198e-02
3.254537017971212420e-02
8.189174294133140519e-02
1.307600162355517237e-01
4.694433787890076037e-02
2.024126996002480194e-01
4.636644128038445306e-02
2.672715243215114181e-02
5.414181240067691969e-02
3.681255408409429553e-01
1.033480490478197178e-01
5.869107116151966314e-02
4.636644128038445306e-02
6.081486196544164807e-02
8.816851813092352330e-02
4.694433787890076037e-02
5.559502464341398165e-02
7.671289409968962136e-02
4.325939588261573654e-02
4.147387934856790193e-02
4.694433787890076037e-02
1.319486765834482767e-01
4.021243124015591586e-02
8.401888422644562815e-02
1.241862408220992114e-01
1.110689748092766188e-01
4.899822804077778871e-02
5.873378180739598914e-02
2.786167472429381120e-01
1.457893977808793484e-01
8.078698002325312988e-02
7.535811685887026934e-02
1.039002243692930677e-01
9.862782305987727316e-02
1.158542066302691298e-01
1.723042891093030105e-01
1.133596194434954296e-01
9.065008075429806245e-02
6.135685786896350608e-02
8.704226292006277121e-02
8.704226292006277121e-02
6.564091642502739576e-02
1.948720902716058745e-01
8.543453689307196897e-02
6.021509570774954273e-02
1.094299451968170911e-01
6.987913121020097873e-02
4.127577395638271085e-02
2.824955675558638024e-02
6.610949095155961575e-02
1.114279470740651562e-01
1.455253584848419934e-01
8.294447589836868862e-02
2.569693706534781907e-01
5.918361560472749222e-02
7.174305967216855484e-02
1.458353758569132796e-01
1.664676370739844591e-01
9.419507053691637821e-02
7.885446932806459974e-02
6.795008119533754720e-02
8.932757129399046536e-02
6.808151206818009726e-02
2.789448811289076402e-01
3.897916844359058941e-02
1.636798263961420641e-01
5.634829308726001934e-02
3.635163120148283689e-01
7.334097801936559358e-02
1.559258128991564962e-01
7.760602697185844945e-02
3.867806355857776879e-01
5.837330261359799377e-02
5.523924780113968064e-02
1.121830959093019081e-01
6.091050449205248629e-02
5.753228567974412455e-02
1.154922279020517140e-01
5.523924780113968064e-02
9.538836405034081811e-02
4.096873134356827095e-01
1.121324996452757877e-01
3.318893166156621777e-01
2.314492848155535326e-02
9.159090760723474778e-02
4.539568989434030616e-02
5.206288944316821155e-02
9.254767756136005052e-02
2.732335354469264330e-02
6.078772810767026774e-02
5.557182928013301021e-02
5.779532230214413924e-02
8.934984016740989132e-02
5.929163009696442749e-02
6.712938486103883773e-02
1.065603211553281526e-01
9.115763516429287172e-02
5.943522517250101472e-02
6.383845018401929083e-02
3.708560247813545707e-02
4.559256863843760832e-02
9.256121721164087268e-02
2.031890372675929368e-01
9.256121721164087268e-02
1.451540989890766076e-01
3.609540315992412762e-01
3.986182625025835174e-02
7.140700961951218506e-02
1.040109525275282887e-01
1.160303584929284204e-01
1.306855802140978462e-01
5.404891356983559242e-02
2.736057985951695914e-01
1.651208803480190279e-01
2.849366496417684580e-01
9.232120559626032230e-02
6.701306378596198765e-02
8.645524793618289405e-02
2.989899378415196082e-02
6.572495429314453852e-02
2.648727185227128245e-01
4.552868762882314457e-02
6.192812699311440322e-02
6.461296219667758689e-02
7.297339094624760714e-02
7.392796333441691015e-02
7.615974425336320686e-02
5.719913598498472390e-02
1.490053573842344548e-01
1.006106536866707007e-01
9.119458905352685607e-02
9.119458905352685607e-02
3.839155636487231321e-02
9.117347281984762575e-02
6.323685014905122692e-01
7.465239477339474794e-02
8.380788421059638671e-02
1.151731511054516072e-01
9.670330170419001725e-02
1.179320664167093913e-01
1.016244331167113907e-01
6.976699201330197053e-02
6.004221736054437403e-02
1.311877610555098606e-01
5.816236698384952275e-02
5.393446383843063935e-02
7.305888933354022508e-02
1.515646592735215292e-01
6.076880582685333099e-02
5.961406869820249504e-02
7.239880455387787128e-02
9.985794527188564251e-02
5.052534169989138235e-02
6.999171183771092375e-01
5.739627376709955514e-02
1.642309557776087392e-01
5.685419526974369031e-01
3.315188581705794113e-02
2.951701178790485866e-02
9.503523537646929586e-02
5.118632170447400681e-02
6.577150926835238776e-02
4.248479773575380980e-02
4.309484862391850524e-02
6.225771323369166943e-02
4.926635529356591936e-02
1.858450972087075936e-01
2.791284022445093549e-01
3.848768640328847912e-01
1.385016549868562097e-01
6.828069751783190366e-02
5.118632170447400681e-02
7.912569356295237610e-02
2.869799746240613708e-02
9.191635391854173498e-02
1.434244115459986091e-01
6.048333787361170194e-02
3.444078264606954820e-02
7.291131616419613271e-02
2.052811149541925173e-01
7.824230123165482054e-02
1.417932498922335749e-01
3.370964193050545593e-02
5.118632170447400681e-02
2.359656198068978972e-01
4.725458120941695150e-01
1.386615793062279944e-01
8.988948046943287529e-02
2.225045837750661282e-01
3.576597181788531560e-02
8.557084623884539387e-02
3.202591623422125222e-01
1.664063142942592832e-01
9.909041471349636088e-02
4.988005201309216735e-02
1.688848502115728456e-01
7.865125538773924674e-02
5.619136560404117825e-02
9.519340482261319514e-02
1.980945332921571211e-01
3.348292261354794686e-02
5.177803894273823315e-02
9.582040761510654536e-02
1.179246176787415029e-01
1.436058479028284873e-01
6.443028718468030158e-02
2.710410798673921207e-01
3.814399097107989273e-02
1.384660094571906752e-01
4.519930823436323769e-02
5.388986551759602367e-02
6.150897010677855437e-02
8.312564699124301570e-02
9.695374319162303189e-02
3.503834902578747412e-01
5.801438409702291271e-02
2.914640290640900799e-01
3.191784656575110124e-01
2.244206523281512197e-02
5.623037866140919716e-01
6.833643215334973819e-02
6.056910955105566929e-02
2.760070290484899491e-01
2.827808944471871255e-01
1.062661891626816846e-01
2.130137920497868209e-02
1.718561413849532538e-01
5.271698057820890793e-02
6.429838146734691284e-02
9.385450888720853202e-02
4.966925126451118833e-02
4.092677804695660226e-01
5.470011456798748450e-02
6.478364912085411709e-02
6.134868549769745966e-02
1.244373144198509668e-01
9.139038087690716516e-02
9.416432622325277002e-02
7.063020210572384938e-02
9.137672642876115692e-02
9.544191959083851706e-02
9.695922316995349288e-02
1.321868383128488034e-01
8.077292927158101488e-02
7.908864384559974314e-02
5.884151347438153212e-02
3.200225547676829874e-02
1.146621976733872977e-01
2.052469348697465445e-01
9.524002589101776550e-02
6.452359429041251704e-02
7.629934156131303047e-02
4.859361915990535463e-01
3.727949022009405255e-01
1.723860316365167789e-01
3.696447497294385459e-02
7.678190109764455873e-02
2.525528387157707222e-01
9.137094981947813110e-02
1.192309548687855159e-01
9.137094981947813110e-02
1.293639978305859695e-01
5.707982728170535314e-02
6.231810487783746855e-02
1.273366832470246846e-01
1.142835872039763417e-01
1.137910819184985989e-01
1.071408992969265228e-01
1.210331655790480992e-01
1.227059239162221482e-01
9.962734889192320642e-02
1.664923949259709823e-01
7.564765917530942574e-02
6.867869908818638458e-02
6.405141206274518606e-02
2.293638096390886172e-01
1.368448076447623396e-01
5.786389511581818690e-02
7.412030479992126608e-02
3.000630417776289569e-02
7.053453405225101891e-02
7.101877007179804857e-02
1.743646801830419646e-01
6.727264638368690708e-02
9.088770959931904980e-02
9.360925344061876707e-02
2.026836331860766283e-01
3.985193019603004705e-02
5.573511676437765267e-02
8.414879100621766583e-02
6.358870586393923219e-01
8.093483564630872540e-02
5.485747943671307608e-02
1.472812061015139062e-01
1.032795047993171483e-01
1.796595553523616939e-01
6.535204402578281835e-02
7.896379663561337026e-02
6.682737491846778288e-02
1.370231343497907150e-01
4.862741808340525357e-02
8.800525960820029803e-02
6.996935270528811812e-02
8.203302615606734849e-02
1.020094866614449508e-01
1.065228708397417123e-01
9.360925344061876707e-02
6.797883374467666995e-02
