8.804056986909722382e-02
8.008120825851582081e-02
4.915025178328251421e-02
4.917816829162810488e-01
3.503326941449215470e-02
9.909412327517316821e-02
4.207026188858964399e-01
4.201688232533781764e-01
1.076271684194892858e-01
8.807078705503253169e-02
8.886567886103184655e-02
9.360564497217811752e-02
1.698078049480946095e-01
3.018644172596620101e-01
1.129041031647409765e-01
1.214523596071543782e-01
8.090831329498132662e-02
4.393123567336230245e-02
7.283744366688210681e-02
4.915025178328251421e-02
5.983306578536132930e-02
1.274918890649402448e-01
2.656423562623596024e-01
1.180246145113161838e-01
9.093812509570152469e-02
1.074932447388228796e-01
3.533334028539047988e-02
6.139785610270660082e-02
9.309122140112736921e-02
2.816947404019213841e-01
1.025174265386685768e-01
1.154297378903852839e-01
6.621858533427252280e-02
1.492911552484058879e-01
1.387181269337313394e-01
1.023856548950991541e-01
3.138148508835144068e-01
1.064168115334303694e-01
2.447425200092526454e-01
1.231672703108152855e-01
8.678589503669544847e-01
8.062513317876246477e-02
9.290674767242347587e-02
7.228286536474430590e-02
5.951841018706414271e-02
3.418809396858962096e-02
5.261458043901803827e-02
7.589506963452746779e-02
9.112942476938164227e-02
8.104483235861131840e-02
1.475906510246355052e-01
9.810194552244641542e-02
5.358647291767169862e-02
6.615646346269402067e-02
1.266404693581661411e-01
8.965513748614045708e-02
6.566232097008095625e-02
7.037726801918968433e-02
3.418809396858962096e-02
6.368841563714584819e-02
9.304718855783948583e-02
5.931289099858319536e-02
1.427950954266641592e-01
5.123773447990225688e-02
7.718519792154462933e-02
5.436496452517221994e-02
7.902831454940004163e-02
6.591734829946126195e-02
3.418809396858962096e-02
1.449058605181559878e-01
1.185465483877649884e-01
6.307791370644375006e-02
8.678589503669544847e-01
4.878417223046501577e-02
6.377871201507031573e-01
5.392259882558432249e-01
8.569111555439955230e-02
1.702288544032111162e-01
7.662999780920751181e-02
6.094173666257986927e-02
6.364999056357874274e-02
6.310823289271709768e-01
9.083984765275766871e-02
5.516394625821912506e-02
5.702719583971409545e-01
8.182981969724920090e-02
5.892772956593147343e-02
4.874942637572058368e-01
2.589001799478788945e-01
7.953860935982529079e-02
7.812057786348546029e-02
5.197295601142855326e-02
1.667420700607159523e-01
1.321424757632058133e-01
5.516394625821912506e-02
1.098973314761275272e-01
5.321961977427094176e-02
7.712535919212801239e-02
9.243291991047544731e-02
3.691493761740761159e-01
1.541188013596980766e-01
6.294045477334525573e-02
5.321961977427094176e-02
6.682836078083466413e-02
1.366392205444164343e-01
5.516394625821912506e-02
6.288442696777386820e-02
1.152464900267166220e-01
6.393732233558954703e-02
7.637159872188838128e-02
5.516394625821912506e-02
1.049382026329348933e-01
5.516394625821912506e-02
7.366519384644591717e-02
2.093846979201615388e-01
1.494503341201304791e-01
7.711431260000470300e-02
7.712535919212801239e-02
1.894899340354746220e-01
8.662418350216280483e-02
6.755704134616273560e-02
7.361628656040440644e-02
1.024847811729467095e-01
7.000624304184510649e-02
7.506157708196856126e-02
1.428222788305815449e-01
1.811450897476458433e-01
6.565608459713995204e-02
1.068136251394506409e-01
7.431750810514739514e-02
7.431750810514739514e-02
5.519944653193765982e-02
1.263270143393345479e-01
8.620429862410068644e-02
8.129294077677325092e-02
1.561686422478852920e-01
4.975903935341833423e-02
5.979359211275166175e-02
5.726376676279319733e-02
1.036483549215076461e-01
7.780066695279151678e-02
1.572674370399933241e-01
7.303060792599759543e-02
1.672219573669921633e-01
6.634410277051887295e-02
6.945816882410858761e-02
1.219950048869935938e-01
7.336314665693394188e-02
8.293607819270130965e-02
8.788606162759453333e-02
5.501915713437859762e-02
7.841945131822297688e-02
5.133073150908310650e-02
1.678032690074814925e-01
3.418056724076623532e-02
1.378347023774165736e-01
4.782477496379772264e-02
2.903333806710309828e-01
6.103377043560907073e-02
1.898259653847516049e-01
1.421336836719641894e-01
2.174119365254444936e-01
8.838723035073280110e-02
7.104304824152059272e-02
8.338676541559139621e-02
1.430873327757038183e-01
8.957582577671505120e-02
1.469048263333633808e-01
7.104304824152059272e-02
1.138160882670026103e-01
4.755523202811711703e-01
1.448569441478154973e-01
1.540584751760635807e-01
1.278284597243212473e-01
9.193345297982553899e-02
1.046923199812431760e-01
8.779451361510649809e-02
1.017462679126869551e-01
7.101561463283066755e-02
7.337197668380607274e-02
7.104304824152059272e-02
7.213615208913407018e-02
1.025487524622321067e-01
9.005780001891759701e-02
7.798297233537657136e-02
1.030138570283988253e-01
1.866029535191169597e-01
9.055178860192622525e-02
3.752181046635968409e-01
8.249879118423705804e-02
7.215210896636886639e-02
1.006314284246498936e-01
1.645530007029739894e-01
1.006314284246498936e-01
9.156256922489942884e-02
5.345758726869150879e-01
1.440437288326894827e-01
1.344299281845043881e-01
9.746894963686525415e-02
6.198996276653181287e-02
9.606435787481243382e-02
9.144861058521770725e-02
1.870719870828856934e-01
2.590594097582705202e-01
1.171052008144768536e-01
9.646533634304990668e-02
9.561228430916106358e-02
1.013939040859426072e-01
9.121600703981967706e-02
1.286530809567993927e-01
2.320537043137097799e-01
6.403777505453392416e-02
9.200318182563763103e-02
6.940358164882189096e-02
5.717205286917561441e-02
1.241991074012270824e-01
1.071889906067011039e-01
1.415262662329347665e-01
9.547186910567496965e-02
1.102796024320084750e-01
9.188435867595128037e-02
9.188435867595128037e-02
6.855423921011551125e-02
9.055864654562326144e-02
5.356737262252897480e-01
7.842362749045450609e-02
6.814997919864608511e-02
1.359005417793875126e-01
9.764140260646654579e-02
1.443485799748858156e-01
9.419277502569806115e-02
9.776161605542693644e-02
7.459048459008060794e-02
1.135068256342170595e-01
9.067992022620156856e-02
1.081800965670609294e-01
8.674467547312522675e-02
9.882766716633832604e-02
1.092156685069180511e-01
6.113652898153759674e-02
1.104780087811905870e-01
1.527657189340035082e-01
7.715390600122933040e-02
5.657187437893718140e-01
5.125362473143297432e-02
1.373604554184155169e-01
7.240826465096611431e-01
8.191735989097935489e-02
6.318979043672164064e-02
1.131590226529433779e-01
6.296227110632944546e-02
9.147096075005838045e-02
7.963591315727266973e-02
6.845225044059256858e-02
9.985406121262992152e-02
9.705774841925872420e-02
1.522125353454880092e-01
4.910820229486901334e-01
4.637859846043283496e-01
1.144513810322251995e-01
1.041293385460212856e-01
6.296227110632944546e-02
5.702970562800591114e-02
6.138398649473553875e-02
7.887336732381830529e-02
1.174268968481769482e-01
9.495615776054802670e-02
4.377809928878238777e-02
7.491205638766502972e-02
9.618105441280090651e-02
8.089137314031484560e-02
1.496127986633253859e-01
1.078846035635153688e-01
6.296227110632944546e-02
3.326884539900967219e-01
5.224466879867214475e-01
1.939124168867172038e-01
1.206185747209663900e-01
3.032047088445790628e-01
6.213014201444603396e-02
8.441743683700432543e-02
3.971841284137994643e-01
2.013800839541065868e-01
8.269048694030696478e-02
7.550514860812884699e-02
1.073533584672227703e-01
1.350644778197762075e-01
8.880448037131064010e-02
6.283822222166883520e-02
1.862378857536179655e-01
5.277139897631861337e-02
8.072916651945931388e-02
1.113419193055062290e-01
2.311093696116764129e-01
8.953885980725032057e-02
6.121198544966549582e-02
7.781471236226734922e-02
5.597398938890428555e-02
2.039592333924427348e-01
6.261076774828673586e-02
5.871604081739731362e-02
9.927747708471630628e-02
8.788859459777868810e-02
7.863484964331057814e-02
6.512429687479271978e-01
7.157079383925593619e-02
3.380798109906166804e-01
1.381256093869583090e-01
5.597398938890428555e-02
2.253760290052095050e-01
9.610158099504138851e-02
8.170903628331489810e-02
1.162511025108647483e-01
3.073433356438097230e-01
7.882209378589395687e-02
6.917912327377070958e-02
9.042949130907250443e-02
7.604932064145147885e-02
8.238949226656924751e-02
1.275502051949667093e-01
7.333210264629730357e-02
3.003743017185998010e-01
8.994369922271237827e-02
1.293757777294667899e-01
6.081732014745360598e-02
8.276104941758503919e-02
6.598832151686986891e-02
1.012652534190369019e-01
7.838041187801746135e-02
8.328477732256894805e-02
8.208490962967450455e-02
5.692016655469498559e-02
8.425365307672078030e-02
6.793109558243591584e-02
9.145174850309173431e-02
7.996837166408583830e-02
3.935846268257597175e-02
1.116896305898297109e-01
1.342213725652325607e-01
8.096907793845839474e-02
6.075434898371264575e-02
6.199799640970984210e-02
4.418899384403720543e-01
8.223331523603062410e-01
7.904787774234332820e-02
5.657216593273250993e-02
5.746115334775703243e-02
2.967450210553942980e-01
8.208490962967450455e-02
1.247781694225928995e-01
8.208490962967450455e-02
1.217414456047435645e-01
8.645631150617345828e-02
8.286504462297236695e-02
1.774246695964921405e-01
8.720049981460237243e-02
9.186881537461996650e-02
1.117347353914497077e-01
7.165371408891470228e-02
2.244098685528753134e-01
9.283396497829513039e-02
1.078950135701865348e-01
5.950145356052990997e-02
6.058565402490174306e-02
5.467492136408826781e-02
1.756965405577014527e-01
1.299918139127324290e-01
7.854756150519108526e-02
5.514514200230005714e-02
5.035904783934543744e-02
1.803726824851267507e-01
5.480781837856511796e-02
3.711497869641988134e-01
6.329988678044484729e-02
7.354203773709985792e-02
7.671653577816425762e-02
1.269630148032892814e-01
5.106690230629225974e-02
4.087343022481861737e-02
5.756179810237735395e-02
5.055179575388519808e-01
5.713019001704586208e-02
4.964630219459876398e-02
1.185840244947659466e-01
1.135590311583804801e-01
1.311940717519884114e-01
5.528192049187015400e-02
8.950200867422523909e-02
5.819985957224699247e-02
1.106282353577794642e-01
3.619292820096613184e-02
1.743848480896426911e-01
5.350785310294887964e-02
7.669250475293461211e-02
5.973235970177938337e-02
1.072190323070294909e-01
7.671653577816425762e-02
1.617084872453131983e-01
