1.488236895387824721e-01
1.346381703269925456e-01
1.089960745991259000e-01
1.236092424694361369e-01
1.216080591279805334e-01
1.236092424694361369e-01
1.271191415273455472e-01
1.201665551298838480e-01
1.124559714207974126e-01
1.129649134050179082e-01
1.061002700043569558e-01
1.216196753183515639e-01
1.488236895387824721e-01
1.122031132600570941e-01
1.224406493026278381e-01
1.271191415273455472e-01
1.119377484505281184e-01
1.173035084354979302e-01
1.424779171349268569e-01
1.129649134050179082e-01
1.236125746509491308e-01
1.236092424694361369e-01
1.165508248956842741e-01
7.105212403669659837e-02
1.160028424061367858e-01
1.210346009751659679e-01
1.238978367304307410e-01
1.022651919480736527e-01
1.202978460953080808e-01
1.236125746509491308e-01
1.236125746509491308e-01
1.129510936240489954e-01
1.187975546612057565e-01
1.105582313561138952e-01
1.216406721688844395e-01
1.137850172712568664e-01
1.431194470046148748e-01
1.221841428236348920e-01
1.306798264015265054e-01
1.236092424694361369e-01
1.928510646987704191e-01
1.254988196739033612e-01
1.163114893178452958e-01
1.238561777298695793e-01
1.154516772647387196e-01
1.219150285281686702e-01
1.241318353850269507e-01
1.251478433870070739e-01
1.226918529007061248e-01
1.338088719070422983e-01
1.250390448000307242e-01
1.265482549664903866e-01
1.256421749732091198e-01
1.451284492820681393e-01
1.495773968833972734e-01
1.440022740808264701e-01
1.251478433870070739e-01
1.250390448000307242e-01
1.219150285281686702e-01
1.405964232666342406e-01
1.227806169543285419e-01
1.304054279711975295e-01
1.426634708398863138e-01
1.291196788143159080e-01
1.161904024503660759e-01
1.222798996491844120e-01
1.086253055956755420e-01
1.213583411850814031e-01
1.147853876045626109e-01
1.227806169543285419e-01
2.101716903098350131e-01
1.228856583368139604e-01
1.803119223060353771e-01
1.112562476882845153e-01
1.256421749732091198e-01
1.561419169740166923e-01
1.256421749732091198e-01
1.430039442880516876e-01
1.309554536440136752e-01
1.373017946808753331e-01
8.548663769012455893e-02
1.015733195873425865e-01
1.338357196227626666e-01
8.548663769012455893e-02
1.421851472031699926e-01
1.355229962938451216e-01
1.355290680068219344e-01
7.510431074427743880e-02
1.355478388887784436e-01
1.460330177805509722e-01
1.124826867259010738e-01
8.543764547963221545e-02
1.429495844532714111e-01
7.039021870716433149e-02
8.548663769012455893e-02
9.560602358335038020e-02
1.085243512919425307e-01
1.105735570177828336e-01
1.355683515915824811e-01
1.534739799085487744e-01
1.250034073713418292e-01
1.245501823253700180e-01
1.085243512919425307e-01
1.584087817864904824e-01
1.216624060424760928e-01
8.548663769012455893e-02
9.468368642036165128e-02
8.057239852423465909e-02
9.529511775323744327e-02
8.505396507199221301e-02
9.505210500135027885e-02
1.264768461244056286e-01
9.711946406338929638e-02
9.985712850605367452e-02
9.454072399473201216e-02
7.883283251208464404e-02
1.186101473664096101e-01
1.331330215454723243e-01
1.840447019384202354e-01
1.036377424073880449e-01
1.369194588935241652e-01
1.210972608070923912e-01
1.279980572572525510e-01
1.087363387966634870e-01
1.306287745632094544e-01
1.258556496182133833e-01
1.068539014753845801e-01
1.274457249292036409e-01
1.016851892514144401e-01
1.125594550565889584e-01
1.245907159088372879e-01
1.375034763984236408e-01
1.206738479987255058e-01
1.312183190836870572e-01
1.171525985262406866e-01
1.252054978245570604e-01
1.369194588935241652e-01
1.809339233566930327e-01
1.249524552198486432e-01
1.324689823634676022e-01
1.143927915036242193e-01
1.142637390201803327e-01
1.210972608070923912e-01
1.143927915036242193e-01
1.448864782940130214e-01
1.239881636800659465e-01
1.198650822155819251e-01
1.143927915036242193e-01
1.662944474240841131e-01
1.360836396448960872e-01
1.679555144857908244e-01
9.422323057327489093e-02
1.224017552115911206e-01
1.668360953736245655e-01
1.143927915036242193e-01
1.409498000854954580e-01
1.308913023570248413e-01
1.400521196060747486e-01
1.369194588935241652e-01
1.221793538834034798e-01
1.258995843812512616e-01
1.253164111044168527e-01
1.258618134051903148e-01
1.258618134051903148e-01
1.251897762069291431e-01
1.248686793540731421e-01
1.258618134051903148e-01
1.267883772626426653e-01
1.258618134051903148e-01
1.260159566154702704e-01
1.242223049136587376e-01
1.256783214590826425e-01
1.256818714197723841e-01
1.240407705542397043e-01
1.267569869456351972e-01
1.263040842838107636e-01
1.260609579088403931e-01
1.254078739170663148e-01
1.269128512337586168e-01
1.246139247864184035e-01
1.258618134051903148e-01
1.264448760265456106e-01
1.246574241611382167e-01
1.258618134051903148e-01
1.245582033678374334e-01
1.258618134051903148e-01
1.258445774703525477e-01
1.248107434070692551e-01
1.260737879331085831e-01
1.270209887795630821e-01
1.252884416779979082e-01
1.262686037323194621e-01
1.234339897409656994e-01
1.262686037323194621e-01
1.259071683713129108e-01
1.250005954272541409e-01
1.240295583806800411e-01
1.249383282373786458e-01
1.262536654475645281e-01
1.257419507839941941e-01
8.996332492067175834e-02
7.201304683917761351e-02
1.206876682228699565e-01
1.353508706975731224e-01
1.524262818389382490e-01
1.524262818389382490e-01
1.324401467587556502e-01
1.252624382218323063e-01
1.461932886548711619e-01
7.155911426612748816e-02
1.258240725283902295e-01
1.950981677372545797e-01
1.324401467587556502e-01
1.252624382218323063e-01
1.324401467587556502e-01
8.295198279892843085e-02
1.216636812735007039e-01
1.578373315765808083e-01
1.117723022000790406e-01
1.025588907833700075e-01
1.263185595295911456e-01
1.187992592892282984e-01
9.703193787991915009e-02
9.763757456478432128e-02
1.179447311918238733e-01
1.516766003839780663e-01
1.222976597313710917e-01
1.222976597313710917e-01
1.324401467587556502e-01
7.927535098740126629e-02
1.028962208712006776e-01
6.683956490252188076e-02
1.123583419482896556e-01
1.800392019712290792e-01
8.473857089640736417e-02
7.807981490856914786e-02
1.893581134985865555e-01
1.319983357791034428e-01
1.407849483815155900e-01
1.324401467587556502e-01
2.061619742669200672e-01
1.662251146485981546e-01
1.590513080947936753e-01
1.093748575079709906e-01
2.020666889288984525e-01
1.093748575079709906e-01
2.170842079247473078e-01
1.654231146348366099e-01
1.610271347758530647e-01
1.171672345270078908e-01
1.673786683633860517e-01
1.864193059877313485e-01
1.790826549604176976e-01
1.863713396689932467e-01
1.548949221537223864e-01
1.606874250654874992e-01
1.792066429936166605e-01
2.620852394824921272e-01
1.736472565606920204e-01
1.233474350317079055e-01
2.019312031246116579e-01
1.693424619246966523e-01
9.362498403467214847e-02
1.146823219522728338e-01
1.617269198684648801e-01
1.617269198684648801e-01
1.080245284351990936e-01
1.211210954549835628e-01
1.478007763552310616e-01
1.284612707004799959e-01
2.036657332697819900e-01
1.968712400303695986e-01
1.285212746010271911e-01
1.693424619246966523e-01
1.790826549604176976e-01
3.170241750264845559e-01
3.771505815309139087e-01
1.171672345270078908e-01
1.430176970759441391e-01
1.843539729648163983e-01
1.331194843018254637e-01
1.242041147134448631e-01
1.240797770111204124e-01
1.331194843018254637e-01
1.168460827176062422e-01
1.331194843018254637e-01
1.303053159811840278e-01
1.331194843018254637e-01
1.349957222869196116e-01
1.293933096028968832e-01
1.217936807776184571e-01
1.307662386250671438e-01
1.256836289751368796e-01
1.289237098316568242e-01
1.233040692989289117e-01
1.164822176145814958e-01
1.289686641372898013e-01
1.314802972240187717e-01
1.197254035592796306e-01
1.334710218229547274e-01
1.314802972240187717e-01
1.238210318555848649e-01
1.342973074247880427e-01
1.291645912741049562e-01
1.331194843018254637e-01
1.138126390992148379e-01
1.080260276598376534e-01
1.168460827176062422e-01
1.314802972240187717e-01
1.353549861283128153e-01
1.248918585994815422e-01
1.320615331261779102e-01
1.256836289751368796e-01
1.132830828673891538e-01
1.271817155009045408e-01
1.206708219573433966e-01
1.206708219573433966e-01
1.238210318555848649e-01
1.322919386842779377e-01
1.177888229845173579e-01
2.662358789649932334e-02
2.442679082270431679e-01
1.575993174980713230e-01
3.986762304312096994e-02
3.797130818855140588e-02
7.974528198990227246e-02
1.493813031034799399e-01
1.493593287188432484e-01
4.925431217109185744e-02
1.912266568169740111e-01
1.091402405718927965e-01
1.238942441703849845e-01
1.386399964195094703e-01
5.851206301694988898e-02
3.194763071758350836e-01
1.975956885011966868e-01
1.493593287188432484e-01
4.006558742257312900e-02
2.275866655125901583e-01
4.526410867394333598e-02
6.626816248348577076e-02
2.046513399971988667e-01
1.225725767821790740e-01
2.102806094871937925e-01
1.618654034067129321e-01
1.800758362799479567e-02
1.846827282782629032e-01
3.001207994603610762e-01
1.493661016870815317e-01
7.702623477245931771e-02
2.191546454483668527e-01
1.677429769193464759e-01
1.493593287188432484e-01
1.493813031034799399e-01
3.003820147990164321e-02
1.089363299119433526e-01
7.242930380807265089e-02
1.456012955867317382e-01
1.493813031034799399e-01
1.181933266989752124e-01
1.181812776626437467e-01
1.181569732929273475e-01
1.111059894451289082e-01
1.182192267503542060e-01
7.432120467605694836e-02
3.233901184281515739e-01
1.180743842603324129e-01
1.181436528055510304e-01
9.041900098571545308e-02
1.181436528055510304e-01
1.170059654870880678e-01
1.023365890957110419e-01
1.644799399111835925e-01
1.181933266989752124e-01
7.306642964559824371e-02
1.019814001075643739e-01
1.171798184006642984e-01
5.475328463882782326e-02
9.895750027151452299e-02
9.787939649086184468e-02
1.135355841392784032e-01
1.111059894451289082e-01
1.291164701648751245e-01
1.181569732929273475e-01
7.906768602389398215e-02
1.515416760176917510e-01
1.180727802061471432e-01
1.026628375448315339e-01
1.093491002932912709e-01
9.164898427499762468e-02
1.047698794699917224e-01
1.180727802061471432e-01
1.138072700451183555e-01
9.577831636156330930e-02
1.178081000425988262e-01
1.182214589938419130e-01
1.167118626704873458e-01
8.964618879727072331e-02
