9.816298379678202457e-02
1.274563382123686250e-01
7.489216696219694325e-02
1.265680138014801392e-01
6.120895477335138585e-02
1.326466689477645289e-01
2.017137113854170216e-01
1.265244359724823631e-01
1.183366749231585663e-01
5.379105315991613429e-02
8.631022535012733421e-02
1.295659927138586298e-01
8.013790203724502348e-02
1.286972854835739810e-01
1.169279273640442263e-01
1.316673261494592517e-01
1.243768723130729559e-01
5.383539227344701084e-02
2.247728407306642251e-01
9.571673446746004066e-02
7.078526139433115316e-02
9.038522523358834271e-02
5.386723092472182201e-02
1.278848709069075051e-01
9.816543302354235889e-02
1.273568496945627904e-01
7.431442180754943561e-02
7.252252832664377036e-02
6.147015897460644113e-02
5.378480045499692969e-02
5.378480045499692969e-02
1.077913602251074354e-01
9.802557088535070184e-02
5.273698823219149373e-02
1.178482631032311129e-01
6.123565133966198809e-02
1.196301710701657417e-01
8.915472269103498493e-02
1.284491010353699669e-01
8.111204290294421471e-02
4.506151511145112254e-01
8.648879145831749049e-02
6.666978682991216154e-02
7.928958289369798795e-02
1.043993387210182117e-01
9.238575027401590978e-02
7.364786608033757620e-02
3.689641591645777541e-01
7.992592320251107330e-02
1.601558612484406952e-01
1.624678513303842720e-01
7.671399068846009028e-02
7.961908502960689249e-02
9.922363898027945772e-02
1.619606103893186377e-01
2.500992347788635328e-01
8.831599207247423089e-02
7.105436432542466818e-02
8.396622705118617080e-02
1.217073103662693334e-01
8.663350241547011776e-02
1.259054583554010953e-01
8.898558501109980756e-02
9.857513680735534300e-02
8.245128937207352182e-02
4.358754653630642628e-01
6.134290779833682927e-02
8.670323804659203770e-02
7.944862437251724863e-02
1.114952119152346904e-01
2.697359338990301669e-01
2.605569821428025401e-01
5.418956281181280810e-01
6.299331718666462132e-02
1.932985429604226202e-01
3.082113271804383658e-01
1.190329011499901279e-01
1.002125514376286108e-01
8.956683036001453213e-02
1.583247107222348904e-01
3.798689026962374232e-02
1.371549695755710230e-01
7.485597782714742410e-02
2.952199962664586036e-02
9.968881682010396483e-01
1.070111186810262932e-01
7.244686749482280586e-02
1.364307644027365485e-01
2.321051437799190320e-01
8.198413793564418572e-02
1.335229901357638249e-01
1.089924286920169877e-01
1.451830854348867272e-01
1.386523161121934189e-01
3.798689026962374232e-02
1.470981977507961058e-01
3.437589187108752720e-02
1.319105691515496115e-01
5.135058016502710293e-02
1.402917002820066872e-01
6.678813768945413010e-02
5.026852198397190052e-02
3.437589187108752720e-02
5.189328052792556711e-01
1.290944771912662381e-01
3.798689026962374232e-02
8.792174370732054600e-02
1.321645870454147831e-01
1.260412313431889253e-01
9.403915691683535638e-02
5.014996982035961615e-02
1.516724296092849533e-01
3.877876432557661457e-02
9.022521749749103093e-02
1.292614609649226920e-01
1.379704300395209748e-01
1.322301712861125023e-01
9.910736009808306102e-02
2.312296414953525503e-01
1.468063908826810482e-01
1.038614631127487142e-01
1.018680740152407976e-01
1.017931730434967624e-01
1.643797852317876174e-01
1.584925821706727467e-01
2.254894823792173431e-01
1.530531259847807135e-01
1.117550630541940676e-01
9.133415360522260940e-02
1.124915755697372122e-01
1.185432759628444327e-01
9.121733507823498455e-02
1.172534787880409463e-01
1.033674860399820539e-01
8.284386933127807495e-02
1.101947291225947173e-01
1.130067810652365667e-01
5.522851491267682933e-02
1.130042237475581413e-01
4.262754186579034016e-02
1.584101276595351604e-01
9.730360400065903026e-02
1.658496203015524251e-01
1.857344057085655309e-01
5.839718261448934022e-02
8.912567057302236972e-02
9.219291948566765704e-02
1.596957672592413113e-01
5.896828630800377696e-02
6.434934767180855442e-02
5.348514178147890930e-02
1.787705853109372856e-01
9.549100101725707668e-02
1.538097641667835747e-01
9.819514090013324592e-02
1.340782120977115632e-01
1.314769575196055584e-01
2.260944113350902285e-01
1.130067810652365667e-01
1.210496394691397554e-01
1.048512456548399696e-01
1.320987110079933913e-01
7.062090828464674674e-02
7.254176063649954431e-02
1.348049776082977103e-01
1.349986764727717781e-01
7.062090828464674674e-02
1.065966918067335623e-01
7.254176063649954431e-02
1.310867550546089833e-01
1.466839354870876355e-01
1.323148224676556906e-01
1.479256439977651716e-01
1.357367564649116509e-01
1.313150559172757692e-01
8.367709037187930077e-02
1.120131800447065618e-01
1.243489239929248397e-01
1.307680020899851525e-01
1.295792909996406617e-01
7.062090828464674674e-02
1.576492801095622509e-01
1.339282158680025481e-01
7.062090828464674674e-02
1.471915820088395832e-01
7.399618974794550108e-02
1.366137800229978161e-01
1.361165671340526240e-01
1.352521270785423946e-01
1.077382812895104625e-01
1.197664396193839492e-01
7.538482840211060965e-02
6.261875085349404291e-01
7.538482840211060965e-02
1.018777348584317399e-01
1.464251111998619848e-01
1.147070928451091459e-01
1.295159136989713078e-01
1.307363733989803101e-01
1.209131271384696338e-01
9.940091128497938189e-02
7.452907346706728886e-02
5.662320551281307263e-02
9.927917620998560899e-02
8.739198970820737378e-01
7.095598346941750512e-02
1.111536070672057563e-01
6.358300942864550387e-02
8.853679088567720235e-02
7.117520291993532922e-02
9.555706000860728078e-02
5.745792338858020376e-02
9.886163267340238037e-02
1.223375291111870600e-01
1.667988207003291146e-01
9.397796081858039718e-02
5.754222903414332735e-02
1.219282560724275905e-01
8.351512459324716975e-02
1.165820531997869697e-01
6.282633809469789776e-02
9.035563032045292042e-02
6.117644010922855535e-02
4.823333409434976682e-02
2.205699682393941485e-01
6.340934305228922152e-02
7.283351078736771678e-02
1.039069425460889956e-01
2.281837592872041631e-01
7.885856559592205328e-02
2.055059338075651276e-01
1.155330430309019496e-01
7.730391170232343845e-02
1.258335293459549586e-01
6.760888183518878880e-02
3.715561043584259676e-02
5.249673067211763772e-02
5.722457903046207495e-01
9.939750040087122485e-02
1.111177681810719964e-01
1.302970604754583872e-01
1.235101115874864541e-01
8.661066679672002611e-02
2.702026162942125498e-01
1.110806863552035728e-01
1.391053460372614625e-01
1.273686023391153999e-01
1.140442017521972745e-01
1.045922698168662013e-01
1.307413922303781451e-01
8.708016591703100773e-02
6.576961266594920363e-02
9.967121039524735882e-02
7.233023626537583850e-02
1.285327918508635259e-01
1.460177069318042142e-01
1.069105856454521386e-01
1.300499709917120883e-01
1.523648771664292689e-01
1.211937838151986024e-01
1.339804624194732563e-01
7.294129944745884886e-02
1.329727048014090751e-01
1.289467294103856243e-01
1.334743602886329927e-01
1.195080412993553692e-01
7.404844893276417428e-02
7.294721506384536924e-02
1.110616133744207340e-01
1.280212473201132184e-01
1.162188016330938933e-01
1.301144397483772197e-01
1.280149108294336702e-01
7.294129944745884886e-02
1.255602639384187647e-01
1.524527584293611515e-01
1.308089136917374440e-01
1.085720463839828925e-01
1.073674078654294206e-01
7.293646574295574447e-02
1.089091836551879106e-01
1.285823366579463001e-01
1.210303290938688769e-01
1.247093327519410294e-01
7.999005221435864788e-02
1.432955424724943472e-01
1.261835195432019496e-01
1.272120291824861416e-01
1.068049094470284038e-01
1.332837162943908416e-01
5.659845051128389870e-02
8.453490152793675938e-02
1.601116611662385392e-01
1.316985148564964736e-01
8.507084389449942607e-02
1.159680405626489080e-01
2.134359907107399590e-01
4.530989242296708241e-02
1.287793346185276411e-01
1.085302787818914622e-01
5.821891659896188953e-02
9.342192909941654522e-02
2.034570472301422961e-01
1.684083151310838966e-01
1.200421635093372463e-01
8.639070390690052614e-02
1.203970389340516672e-01
3.373947406033787066e-01
7.512799816385067053e-02
3.443897571729798712e-01
5.848032196077340705e-02
1.202026930376500213e-01
2.238512894525508390e-01
8.572155732074415724e-02
1.161854561123002449e-01
1.197937987837609519e-01
1.410085615214383414e-01
8.023877583568582439e-02
9.530380530780573067e-02
1.316722068750098285e-01
1.242837775213383317e-01
1.280324744757700417e-01
6.433018117287847559e-02
6.793598475771414624e-02
5.682431933722097844e-02
1.116018333240174493e-01
8.693113497059344608e-02
8.745950851369323209e-02
6.055406073338111955e-02
9.077860162366939434e-02
1.227846234893640864e-01
1.244820686919091007e-01
1.399271967693046237e-01
6.037616114505200277e-02
8.398868622693064778e-02
1.184423246996892526e-01
9.125026050606481476e-02
1.098000794557617149e-01
1.323938014409378749e-01
1.249094966296594861e-01
9.884688897884739978e-02
1.242043517595386171e-01
1.315967447648309641e-01
1.371166287565692421e-01
1.175851224497881375e-01
1.008104885331052719e-01
6.875134533217416855e-02
1.275934350559267683e-01
2.090508069468904884e-01
1.286055925541458034e-01
8.685213305370965975e-02
1.263973600836598987e-01
7.797460297942357399e-02
1.284031131757602251e-01
1.597235936247165256e-01
1.275664351808911967e-01
1.271128810224154693e-01
8.205789492894734194e-02
4.152488682851391277e-01
1.728641689056657216e-01
1.632752979812835403e-01
5.391285611671159383e-01
8.350825681119963817e-02
6.423181147390320811e-02
1.101214224324349317e-01
2.068777930355666650e-01
9.916906091719503158e-02
6.151761537215302139e-02
1.172396469015377640e-01
5.901697958317804471e-02
7.054576701290835028e-02
6.570454550893699286e-02
3.310923987620590370e-01
7.742008341694205098e-02
1.400907558646653783e-01
4.745125323583067323e-02
9.827067582744331009e-02
1.354998360244388245e-01
6.802012213565543364e-02
1.151760297237196529e-01
1.190413641429256819e-01
7.720981163898615884e-02
1.387138172500353706e-01
2.989876383382157332e-01
1.043225694266458753e-01
1.924957136090310050e-01
6.146090492240738334e-02
1.142001339275421495e-01
7.259559484012446939e-02
1.114893856757935287e-01
1.113889680255131936e-01
5.536733479590734419e-02
5.578311596092060121e-02
9.225582289686266868e-02
2.439157296465881697e-01
2.126464940510283674e-01
7.791813174766830385e-02
1.329992206534195975e-01
