8.759714895182424410e-02
7.721120863690786318e-02
7.351090592070905205e-02
6.833725979742130696e-02
5.607649511548971899e-02
8.989441648827409259e-02
1.016118714228513020e-01
4.327759459848686679e-02
6.977262179327410607e-02
6.985097667414569278e-02
4.479769928725166328e-02
1.459462871052934763e-01
2.443046535678657094e-01
7.647784940222736305e-02
8.280730045909939774e-02
9.068047685606300812e-02
6.735185527260102722e-02
7.463132513730289519e-01
7.351090592070905205e-02
5.607649511548971899e-02
9.135147886772027048e-02
8.274571379714001917e-02
7.439240288461571038e-02
1.059184240264598037e-01
8.277953890782123458e-02
5.607649511548971899e-02
4.732933371387456484e-02
8.254024657574421386e-02
8.274571379714001917e-02
8.274571379714001917e-02
9.220159661085011726e-02
8.274571379714001917e-02
5.607649511548971899e-02
1.971807514423348229e-01
8.270963483620272227e-02
4.327759459848686679e-02
8.270009098923186697e-02
8.356687759493060252e-02
8.626594351234510849e-02
4.183509525752426295e-01
6.430635190432643089e-02
8.092867730606259635e-02
1.041043238028281637e-01
1.278509810177886064e-01
8.101944095010028823e-02
8.683654981033525622e-02
6.261716991091054174e-01
7.387601483618209952e-02
1.867480972779118342e-01
1.983435691174597615e-01
8.770345433919819744e-02
8.568760080882495411e-02
8.643935162465450628e-02
1.010403160371697723e-01
1.605051927027159597e-01
8.902748891062964298e-02
8.099022382455506319e-02
6.899124227203901061e-02
8.101914949866988180e-02
9.125766323259609791e-02
8.092608597948765248e-02
8.092869898127977302e-02
9.460306649865361794e-02
8.897623856963297884e-02
5.364842247903706118e-01
8.102012120269005968e-02
8.098324085799850358e-02
6.899124227203901061e-02
1.495949705350648473e-01
8.927102063700032009e-02
3.448763002944605915e-01
2.166667010386510717e-01
9.290999932251001181e-02
1.488636513034881370e-01
4.830077273091525902e-01
1.191796216537314990e-01
6.976556310987751253e-02
6.430635190432643089e-02
8.096919838895866306e-02
8.101776991577633313e-02
1.345170123811019192e-01
1.051626686293290203e-01
9.614774191315929308e-02
5.254127178781095031e-01
1.323282484322037544e-01
1.133036739390105019e-01
1.344540761224911340e-01
1.387006098668302212e-01
1.107089546243866240e-01
1.186335020192050838e-01
1.298696976223264188e-01
1.343335629004220599e-01
1.347608857605086252e-01
9.609771293198464404e-02
1.069495591861747419e-01
9.609771293198464404e-02
9.615198175361706900e-02
9.618527150471582743e-02
1.344549870844274353e-01
1.100568557186475949e-01
9.609771293198464404e-02
9.609771293198464404e-02
1.328043182856768201e-01
1.216058279257347802e-01
9.609771293198464404e-02
9.621779755609463636e-02
1.269355674179112603e-01
1.294330884584805608e-01
1.302553395901736299e-01
9.609771293198464404e-02
1.117752302452276886e-01
9.615197367371310089e-02
9.616026508093752923e-02
9.617359463447108792e-02
1.344291029259840342e-01
1.323325355534385184e-01
9.618527150471582743e-02
9.623436704331890523e-02
1.277590506279259464e-01
1.374292575804162142e-01
8.240954512220313721e-02
1.008589218212209843e-01
2.174786289226004199e-01
1.285937131254200616e-01
3.221997321774718870e-01
8.245297594763788263e-02
8.237823930668330963e-02
7.546911933532336747e-02
8.237823930668330963e-02
8.237823930668330963e-02
7.476134740662890299e-02
8.237823930668330963e-02
6.034077469756258388e-02
5.599508890019285617e-02
8.044658515902755602e-02
5.793073173608002946e-02
1.408701930699077509e-01
9.059360676867385387e-02
6.143002420036777766e-02
1.143921987499546822e-01
1.213226274220346596e-01
1.401964447886277221e-01
2.537171054341171850e-01
6.749256326426544828e-02
8.476719118924226637e-02
4.864730717074405159e-02
2.920455955666087511e-01
9.765301229685301176e-02
7.142686242451369572e-02
8.639461259470124221e-02
8.237823930668330963e-02
6.511116428050338356e-02
4.064665000618795654e-01
6.749256326426544828e-02
8.237823930668330963e-02
5.793073173608002946e-02
5.000000000000000000e-01
5.793073173608002946e-02
9.001259664361269119e-02
2.463084733943995408e-01
9.200602996692716640e-02
9.164763937865839927e-02
9.545484286060171297e-02
1.878401289255399731e-01
8.845406176840404922e-02
9.164763937865839927e-02
1.058690596242780196e-01
9.545484286060171297e-02
9.252175086040267948e-02
1.058068323699443702e-01
1.087009231222159505e-01
1.695376403322802483e-01
1.758889962477983848e-01
1.114955055723880761e-01
9.136287941772426591e-02
1.006594252397315786e-01
1.058303066175694945e-01
1.063450408734628178e-01
1.191669146005241847e-01
9.164763937865839927e-02
1.289546630465629729e-01
1.499916190122314030e-01
9.164763937865839927e-02
8.712711380617718659e-02
1.022155082721671743e-01
2.230466059005709878e-01
1.257169143861596450e-01
1.557656296342180835e-01
1.091670498667291350e-01
1.001724724806496020e-01
1.058690596242780196e-01
1.739998891951419768e-01
1.058690596242780196e-01
1.058690596242780196e-01
1.091263023524689929e-01
8.450550556432720462e-02
9.895980295649699221e-02
1.020318142722915489e-01
3.773414174031073376e-01
7.353578380578472407e-02
2.018002339820951785e-01
7.928035344201174450e-02
7.611645609034665971e-02
5.753993547600976255e-01
7.931049859616219611e-02
7.927711874190246366e-02
1.413342574463975210e-01
4.363986835861106278e-02
5.247725304270414032e-02
1.043420371113095158e-01
7.086457356978255462e-02
6.867114104176341716e-02
1.063179235448178245e-01
1.147894029416592354e-01
8.230718923808846843e-02
5.846684995447596483e-02
5.404043620974025713e-02
7.928035344201174450e-02
7.062627914625591030e-02
7.928035344201174450e-02
7.928035344201174450e-02
5.992668116801815048e-02
7.928035344201174450e-02
7.928035344201174450e-02
6.551382257657434316e-02
8.089008451872940764e-02
9.426141332098028625e-02
6.585481175304946921e-02
2.074623789538798391e-01
1.728348316570500753e-01
6.742410755063839300e-02
6.766893241385386892e-02
8.038017700183405778e-02
1.035305679264482692e-01
7.090513018172601989e-02
1.499417506974615455e-01
1.080993128751893545e-01
7.928035344201174450e-02
1.300668679497554991e-01
9.435223109031630473e-02
1.152398896154036290e-01
9.616745166317001992e-02
1.101341874705265289e-01
1.373209481972861024e-01
1.332135211514264839e-01
1.237811451953884506e-01
9.615476230357689058e-02
1.337887425084463289e-01
9.617708684909540007e-02
9.619908380617114840e-02
1.303456270317626675e-01
9.619908380617114840e-02
1.139531186562496023e-01
1.338227463150892527e-01
1.312796707608328839e-01
1.336119600408609553e-01
1.334678153556051183e-01
9.616745166317001992e-02
1.338048230500989699e-01
9.617708684909540007e-02
1.338177921077708665e-01
1.202770852913042088e-01
1.364225818561287940e-01
1.321349085595388828e-01
9.620723964529247219e-02
9.617477201862477398e-02
1.325592261859395993e-01
1.334719545362165749e-01
1.316202401821581214e-01
1.323779279218274540e-01
1.246895984277968245e-01
9.617708684909540007e-02
1.337244738281374024e-01
1.345650574107957465e-01
1.268006224887031630e-01
1.316983145329817806e-01
1.244943422996979548e-01
9.615656241792855385e-02
1.342262290929581992e-01
7.628692167260645030e-02
1.212237363898737291e-01
1.487290016330290177e-01
1.163491818289036361e-01
1.728372242213668253e-01
1.335754143864272547e-01
1.425239018769614008e-01
1.692052546244413036e-01
1.422999125585274194e-01
8.926497841827712998e-02
1.166413891560668797e-01
1.492340054335046517e-01
1.080203627544041450e-01
8.925692100141467689e-02
8.924896586814169697e-02
3.848431945453702485e-01
8.497849513710652170e-02
8.697481169277755664e-02
8.928676099067602012e-02
8.927346482268810890e-02
1.243030192946973228e-01
8.923740892072225261e-02
1.512807903316811253e-01
1.328369091513840194e-01
8.925572655076217943e-02
8.304101049054268824e-02
2.448361914824775942e-01
9.555724522870132076e-02
4.738626585889339493e-01
8.925692100141467689e-02
1.356634465820813762e-01
1.130186347862000701e-01
8.925692100141467689e-02
1.353831761649077758e-01
1.451170489230766969e-01
8.925692100141467689e-02
8.925692100141467689e-02
1.080650170312302538e-01
1.470785252805860144e-01
1.333818878798094798e-01
1.330404343418341850e-01
1.065515485942822443e-01
1.065918642533580374e-01
1.061076646966490067e-01
1.306639528766520841e-01
1.065422083810624587e-01
1.292775335041312645e-01
1.061076646966490067e-01
1.065735740480744792e-01
1.323549387521365250e-01
1.333973114000550075e-01
1.325298488680937969e-01
1.065753864995790390e-01
1.065481793426598517e-01
1.177484002780824351e-01
1.299965686109322560e-01
1.309482008002981757e-01
1.335533691070042717e-01
1.333263484466698789e-01
1.236874466471548223e-01
1.334441914774894544e-01
1.349442345656688969e-01
1.342315848292316427e-01
1.322695875195974424e-01
1.065470475213673024e-01
1.065567504512305169e-01
1.334632668424948765e-01
1.065422083810624587e-01
1.341148789566730670e-01
1.065422083810624587e-01
1.333484719649088990e-01
1.244722971703718928e-01
1.065843551737316319e-01
1.283615520742857063e-01
1.296694780723797180e-01
1.312028606136268205e-01
1.087313778190393959e-01
3.979422706898012585e-01
3.586724818643830526e-01
1.357472631720337830e-01
1.868985397701198592e-01
1.220449075007910000e-01
5.779875922783120346e-02
8.544771435542854177e-02
1.403122669973959902e-01
9.588374777336405863e-02
7.634946323488457642e-02
9.493025480519383386e-02
7.534770828788103780e-02
7.619263041505408562e-02
8.617226407104792985e-02
1.817204717980831219e-01
1.022523756074459889e-01
1.186539383268791770e-01
9.588374777336405863e-02
7.724610393749033188e-02
1.130412920507645053e-01
9.098850826311444262e-02
9.588374777336405863e-02
1.051606682086472372e-01
9.588587975353718429e-02
1.043401761978317022e-01
1.313522762204188954e-01
5.962821594053648727e-02
1.049259442386143992e-01
7.668808657147889452e-02
9.502845549243410517e-02
8.617226407104792985e-02
2.394587192519544716e-01
6.566921636228072179e-02
9.588019724023852386e-02
8.617226407104792985e-02
8.119631783187704344e-02
2.784374156809604206e-01
9.228325937634233866e-02
9.588374777336405863e-02
1.405677252847548353e-01
