2.474230993310044258e-01
3.925356176744722592e-01
3.229796411009451251e-01
1.776402958976726620e-01
2.289546828037642978e-01
1.980538545936783856e-01
4.724636966566968521e-01
4.852435790805943450e-01
2.142041699775811547e-01
1.822306877983759510e-01
2.697338297971580978e-01
2.343230193690405139e-01
3.591464992190197547e-01
4.869150249347390935e-01
3.093045250953534997e-01
1.999762323477747572e-01
2.440436857592395148e-01
4.005818603002860856e-01
1.595981756778888649e-01
3.059099525557291144e-01
1.934249133784604058e-01
2.605698598652074205e-01
4.486551118202285471e-01
5.535064214177216613e-01
4.247706079425093151e-01
2.464240950465064750e-01
2.509990564315220940e-01
4.088091475056259694e-01
2.502110474307052135e-01
2.550349535884441354e-01
4.368540160402734629e-01
2.550349535884441354e-01
2.970706263769000155e-01
4.195436270365639486e-01
2.142041699775811547e-01
1.949788720256546704e-01
2.170197411955666345e-01
2.028980254764552182e-01
7.478831085724270133e-01
1.734874648979237710e-01
6.754745014742191689e-01
3.098096919243496505e-01
4.526083563739439763e-01
2.906361011966365759e-01
2.991132658906922037e-01
5.913316813858903176e-01
4.725799588915461369e-01
2.820329385530895294e-01
1.999188420665821142e-01
3.921007768102296454e-01
1.900896858486656738e-01
1.441794585242417714e-01
5.743325193655713923e-01
2.142041699775811547e-01
2.757327076821541323e-01
1.524442329640053884e-01
2.590152840172503246e-01
7.207372235892779422e-01
3.617247515345773379e-01
3.683833857187374106e-01
2.878701498177290707e-01
7.217339416513008921e-01
2.142041699775811547e-01
2.588252911133300249e-01
1.993537896543287613e-01
2.279729347505809745e-01
5.929759948063745290e-01
3.835524337812334372e-01
2.093658043963133875e-01
2.356982421647755011e-01
2.142041699775811547e-01
3.067246123650294032e-01
1.595981756778888649e-01
5.277679506222994199e-01
1.509137408456458218e-01
7.355494099133373931e-01
3.357726074439730812e-01
5.193239400476288292e-01
2.772105827985528737e-01
5.138418453554597365e-01
1.377626146238004334e-01
4.193200191790099063e-01
2.934686449860457458e-01
1.867237506929439184e-01
1.820280272067297256e-01
7.367323606325015817e-01
7.669022757402326196e-01
1.867237506929439184e-01
1.972009231314106603e-01
4.071647001224987794e-01
4.433549215540529276e-01
4.857577939513542664e-01
3.521866382986495458e-01
1.914619854814831323e-01
3.682589570009501823e-01
1.867195053843701269e-01
3.817031788715631313e-01
3.625709238633759157e-01
2.032498261962900898e-01
5.270976134040229466e-01
1.063825700054387008e-01
4.757451366377411506e-01
3.282247765551367658e-01
2.243966405310763856e-01
6.562099534553907931e-01
3.670686631408593414e-01
1.076610518290627289e-01
1.979317676834487227e-01
1.082964319423191102e-01
1.813053666486396376e-01
8.002953776822255283e-02
2.230753810429211281e-01
1.867237506929439184e-01
2.916878533555479769e-01
5.155618765467546716e-01
4.729775643538475793e-01
2.074908818258879295e-01
6.320415999276306485e-01
2.476843988740069780e-01
6.458458000130619103e-01
2.420024759762684774e-01
2.413606002476397228e-01
1.866973969129688549e-01
5.229928227447606659e-01
6.261259677456006978e-01
2.029718753758955607e-01
1.273495196012999486e-01
1.939522496369744942e-01
2.900436109534925699e-01
2.214087874987871740e-01
5.147082324076542870e-01
2.275545955856463076e-01
3.940939323227505287e-01
1.417533945724481770e-01
5.663794072064946006e-01
6.356548895494645857e-01
1.375716582046962733e-01
5.482485505381158308e-01
2.113093747854239979e-01
7.369056476069647532e-01
1.503819049313994682e-01
4.773374187100604127e-01
2.416224820341210111e-01
3.927518439555632290e-01
3.661570672350584754e-01
1.772511989601848192e-01
1.568967507531841832e-01
4.668830556174077828e-01
3.684348308197543664e-01
6.400820158432517504e-01
4.387517356572297467e-01
2.228672119027794718e-01
3.643517158179177540e-01
5.523870140840689835e-01
8.589461747239561795e-01
1.816735489375330415e-01
7.171341494486100920e-01
4.234305871486265804e-01
1.454620881634461627e-01
1.996472618950673183e-01
6.423667149044303137e-01
5.299978453583499283e-01
5.638069035310880883e-01
1.988716647458490805e-01
1.762097485517033213e-01
2.804133484860115710e-01
5.618661991115514454e-01
1.459202050711593257e-01
2.005738317439793583e-01
2.006201402032256886e-01
2.064670019370630771e-01
1.689631090992292917e-01
2.005738317439793583e-01
4.405911427648374623e-01
5.512964597522395094e-01
3.151107361538353913e-01
8.480227656409462522e-01
2.857496324288391620e-01
1.966281423997610356e-01
3.058398241727041666e-01
2.607766215208893734e-01
6.144820820829811625e-01
1.903275836231501927e-01
2.224803710113551214e-01
3.452585312144928475e-01
1.504037334577335572e-01
5.772321128441698646e-01
1.365571741795176264e-01
1.892161456148276633e-01
2.097394439465058991e-01
3.820025705410914352e-01
2.752070368599819350e-01
5.872176001142528357e-01
2.061843045179170275e-01
2.513336419501451258e-01
5.322610217247553122e-01
6.775918996017095131e-01
2.263834772400035722e-01
1.699003496782127698e-01
1.999008063859998574e-01
1.651413442235137030e-01
7.288953602618588601e-01
2.326912986511202874e-01
8.494618582220124781e-01
4.811289453901636537e-01
3.094313414731144074e-01
4.670509450225743264e-01
2.123138397351770623e-01
2.988551420739655740e-01
2.237668535178394813e-01
3.035862959937616345e-01
3.509895209445751951e-01
7.423813934436264139e-01
5.000000000000000000e-01
3.133606386608300820e-01
2.007244349435112762e-01
4.518839452831633352e-01
4.123498711156028951e-01
1.339001442860549562e-01
4.705874973814743178e-01
2.581494413819898082e-01
3.735396235441191815e-01
2.990336870374845080e-01
4.709259335606305608e-01
3.495637344159319149e-01
9.012629434238591530e-01
2.619465873646893983e-01
2.979930735180930657e-01
5.462221169358052464e-01
2.739721451699993482e-01
4.566367716139376753e-01
3.534590876551984007e-01
2.249749196059021017e-01
8.398064958052111617e-01
5.984783322327865696e-01
5.697770381584952304e-01
1.726060807520254647e-01
1.110238060756361250e-01
3.341004870501613766e-01
2.530047701569169694e-01
5.912252686881162012e-01
1.824898086122851149e-01
1.774607712376980173e-01
1.438975916246585662e-01
2.553856497961740635e-01
5.814018555912870978e-01
6.011503849943923283e-01
4.647171613865819229e-01
1.412007493093953570e-01
4.469577854011015927e-01
4.060596516245190690e-01
1.402817231427523348e-01
3.522775842000918645e-01
2.342007260470352625e-01
1.117384328006069960e-01
4.402221778680125985e-01
3.159152765507087790e-01
3.731209370146303939e-01
1.780995748069853502e-01
2.743643490151743136e-01
4.461738441325267535e-01
1.625910870448998846e-01
1.576054293276763774e-01
6.175572936026869630e-01
1.487204305060222387e-01
2.999486122115543330e-01
1.486765543130985912e-01
3.367168222111262543e-01
1.576277980941495349e-01
2.446592776245473111e-01
2.206123963773040375e-01
2.915547133652719447e-01
1.250526214042672335e-01
1.576277980941495349e-01
2.160200744860399091e-01
1.771097865756381118e-01
5.867940978980916711e-01
7.167973429098534188e-01
2.571387052930093065e-01
3.018651537182593381e-01
3.973480804771978847e-01
3.390794135363635053e-01
3.588325369675462451e-01
6.156337827924424078e-01
3.747156128945076659e-01
6.853577792624228060e-01
1.761759877482103331e-01
3.712986226734191209e-01
8.669188505868514749e-01
8.348543899222958808e-01
3.639513438853675953e-01
2.422241706226555824e-01
1.798383456107880696e-01
6.992258081112001644e-01
3.675220563313580380e-01
4.178163898392476261e-01
4.057541558450737940e-01
5.000000000000000000e-01
5.151658557500786717e-01
5.302165192663579329e-01
4.340887470803959092e-01
3.345339514595824237e-01
4.909542047432050582e-01
5.157656843353120024e-01
4.374440099941538374e-01
6.702960285752971314e-01
3.227523055245469230e-01
1.597131471616776710e-01
3.802215267235017349e-01
2.771166920826895752e-01
3.747311049837320773e-01
3.353609404015119866e-01
8.558058322748071101e-01
4.760932830427664908e-01
1.883681791937860672e-01
1.449197117788558753e-01
4.762322600644471882e-01
7.349519873226475486e-01
2.199880043974694055e-01
2.735381895669116159e-01
3.759633302848819913e-01
1.755193234190360330e-01
1.915108231850687071e-01
3.325267315356216780e-01
3.754110383339193113e-01
1.352340594642085225e-01
2.484065835517590692e-01
9.013773080698504747e-02
1.074480115114883894e-01
9.378616986343282780e-02
7.407247820677978489e-02
2.629611154819150309e-01
6.970921434304412356e-01
1.646848774241919666e-01
6.782701362616638807e-02
1.679632224427264342e-01
2.183507330230925192e-01
7.121596015484358277e-01
2.909731995766500212e-01
2.898302815163196766e-01
3.624278216725004276e-01
1.488229741583293186e-01
1.307795663845232603e-01
2.059150238067557204e-01
7.149846769368037869e-01
5.320790532446201260e-01
4.490103817883230874e-01
4.270217414139976797e-01
5.181699177462497641e-01
4.093878465227530628e-01
6.646927906657710272e-01
5.480977049079994723e-01
5.275157941093040481e-01
3.543550859597987546e-01
1.952975584543366894e-01
4.096917438183269589e-01
1.265599229271734127e-01
1.562254840369810271e-01
6.821241297619231592e-01
2.541924669863052100e-01
3.465488028479603577e-01
1.482912745276560862e-01
1.960803298150636809e-01
2.088423231030267224e-01
3.302392460511962002e-01
1.008735829898841363e-01
2.284982557094587807e-01
2.352084806102356374e-01
8.305579653406951202e-02
1.139138159704207592e-01
1.679714563113293146e-01
1.679714563113293146e-01
2.859078887503222477e-01
1.679843721995425976e-01
1.583242864944194306e-01
2.765893740530102618e-01
3.444877945541733877e-01
7.593525016677822592e-02
3.542725593085855329e-01
3.137031448527000665e-01
3.299797370978238553e-01
6.063135982657495981e-01
2.834146836985390050e-01
3.771354921857472675e-01
7.260367758587620290e-01
2.742013530663761078e-01
6.097392617593089259e-01
7.669202536781878354e-01
1.679714563113293146e-01
3.774558905532059971e-01
5.734990470421008624e-01
1.922308987665150848e-01
3.898149900501454157e-01
4.643456288215404570e-01
4.140414430206748597e-01
4.636129169665823002e-01
5.774869700480834700e-01
1.535020789701961874e-01
2.476860916472733432e-01
6.458024557535415600e-01
5.719202613259622980e-01
1.977372162467459782e-01
1.662654680734274026e-01
7.220804725452081296e-01
2.981285154535776583e-01
1.025481665231144229e-01
1.440712535307150099e-01
4.417215965967020708e-01
4.014264001194413622e-01
5.670942738089644886e-01
2.105000431726581356e-01
3.041993662885622562e-01
4.800372181070965416e-01
2.654878891614629310e-01
7.813783703995229313e-02
6.236320365278701372e-01
2.138119598369674079e-01
2.600491482031720425e-01
2.947240330102952610e-01
1.535670207888024941e-01
4.566015417206032434e-01
8.344538462368183973e-02
2.179538233338151054e-01
6.460009594061114635e-01
1.534898877616656665e-01
6.825694118637081198e-01
5.116658953018916600e-01
1.290197046143946591e-01
6.189138364329070940e-01
1.486593266259817747e-01
7.621306596425109214e-01
1.108663804504361194e-01
6.372389442598748455e-02
7.094674399140189491e-01
7.845170798536220680e-01
7.000985137558256577e-01
3.369078584778720797e-01
8.040123286589873075e-01
3.841033465574734684e-01
3.782293925817075131e-01
4.682224592956305553e-01
3.906874256780825672e-01
5.307716189229205739e-01
4.059190515432150592e-01
1.718738062254855647e-01
2.790450079626661806e-01
7.137064793960166131e-01
1.606281982350008797e-01
3.308277000543946023e-01
2.047073142093247256e-01
1.336709912373874320e-01
2.569163335750628274e-01
1.269316633073477862e-01
2.496381987964516047e-01
6.731131337075620946e-01
1.070088119932880860e-01
7.040095546573225116e-01
1.417592535719768287e-01
9.175666978162431986e-02
5.563593420572041648e-01
2.562067274473289746e-01
1.099274780976927934e-01
5.481426768770282509e-02
1.276273128257557621e-01
2.267424601527785466e-01
6.779953436713593851e-01
6.365086049735985130e-01
5.679203237491184941e-01
6.414951010816309918e-01
1.556751065909274256e-01
1.535020789701961874e-01
2.850718262612984555e-01
1.409933330367216242e-01
2.876290260414436917e-01
1.441548784850295584e-01
3.765632425517343451e-01
1.543056361311508917e-01
2.446537170727930977e-01
6.737975251324253012e-01
1.953166551064215439e-01
1.538720915912711040e-01
6.419517569121426792e-01
8.654665184185496296e-02
3.149572390829661339e-01
2.621508445463723858e-01
4.096598804908584412e-01
1.504595757863594063e-01
1.881838920421568806e-01
3.443100008420109104e-01
1.184103196240039180e-01
5.060986806562647322e-01
6.463385931707474885e-01
1.898245108787782742e-01
7.211172180501607132e-01
1.582687192977540735e-01
5.804716440097336116e-01
1.935687379791966312e-01
9.529032348768766425e-02
6.463385931707474885e-01
5.232811967227078975e-01
1.848057417283230364e-01
7.203560548102042604e-01
5.347827191837004612e-01
2.883149186211602100e-01
3.436503490796592453e-01
1.350719275118113516e-01
5.442542614666058265e-01
2.922493749889395476e-01
2.126862389683197296e-01
6.328311461341378230e-01
1.848352276096632274e-01
1.508222105197972729e-01
6.976258418342585754e-01
4.696408875045217646e-01
5.432778730338194695e-01
2.793187013709895195e-01
3.595253899003139630e-01
1.798957288855011771e-01
3.986985181858193061e-01
2.411147336278693931e-01
1.872273383540127567e-01
8.523657836445875935e-01
1.935292384065433469e-01
2.209535542335373248e-01
2.442455632005949284e-01
6.863502257320610589e-01
5.171021178363325310e-01
1.855041595606027327e-01
6.020267735400518516e-01
1.496348801633422265e-01
1.880592238949526929e-01
1.606128626297496642e-01
1.902005646362499303e-01
5.795188014835284118e-01
1.910816129567103894e-01
6.263068891628473800e-01
1.020645472767066630e-01
6.228141931036541568e-01
2.795800296270589125e-01
4.727929229625723595e-01
2.227094803377934196e-01
1.914322078433507435e-01
4.895904031592305805e-01
4.001470143534557322e-01
2.965468788211544360e-01
1.720418191347371506e-01
3.007054873441477039e-01
4.052673565804289502e-01
3.587480886335778774e-01
3.068673339990967697e-01
2.621238644820283459e-01
5.633537592915569547e-01
2.725890513304528584e-01
1.925387549847500657e-01
1.686347070566320272e-01
1.280634079203757658e-01
1.832541839510449522e-01
6.719795534757394551e-01
2.192085703626096560e-01
5.094917124535056629e-01
1.777837224326746235e-01
1.964944357610751979e-01
3.276822376137331072e-01
2.410052615679421084e-01
3.226653208066243561e-01
5.157799822230807463e-01
2.228931668328262838e-01
3.169029844747072167e-01
4.155366924382790650e-01
3.218030237647058756e-01
4.131071308335512171e-01
1.997297941195513293e-01
1.978278135117323699e-01
7.774258516410514908e-01
1.498097853250831279e-01
2.785686746941946068e-01
3.688095942657484416e-01
1.496495383039284366e-01
2.719380891438610837e-01
3.436980662554804944e-01
1.861047371127662053e-01
3.389431165651145550e-01
1.902009983036402341e-01
2.108114669981734357e-01
1.726010148186837845e-01
5.127651907910791840e-01
3.354999647374393712e-01
1.997968254008780087e-01
4.229615917091354982e-01
3.050169586966571811e-01
1.487769324554130412e-01
3.057358393596553148e-01
1.998155376069074285e-01
1.885999435338233388e-01
3.599248338244656065e-01
2.638368985855025772e-01
1.277749949713655186e-01
3.913673813432881343e-01
1.854267078834345994e-01
2.115768691796211243e-01
1.854267078834345994e-01
1.270152897966848604e-01
5.000000000000000000e-01
2.299906864990624855e-01
2.347659240934240332e-01
2.093920925296682833e-01
1.911545653138553846e-01
1.955225582852170851e-01
3.483940473220159539e-01
2.228929522096284588e-01
1.841510643397500646e-01
2.050833727074855561e-01
2.395826155889356213e-01
2.018438356309902593e-01
6.955061772229824690e-01
2.097974987828723492e-01
3.570786744209544783e-01
1.418008150262357880e-01
1.888334003117415061e-01
2.212570368355246675e-01
4.245564205412607484e-01
6.839106211946379688e-01
2.963546409491736311e-01
1.997726139774060883e-01
3.131587701073909047e-01
6.372199896588454093e-01
4.822322837733690193e-01
2.460391394048428992e-01
1.840492106445786591e-01
1.928960191953056624e-01
2.220616544376387558e-01
3.140604487115261079e-01
2.175401920237679809e-01
2.495920137250297044e-01
2.245637579827383934e-01
2.682927583052533982e-01
1.873247474660974521e-01
4.144308499638169607e-01
1.899001811035904708e-01
4.099596808698523498e-01
1.909141821495761449e-01
3.091145452143989614e-01
6.257045898802907624e-01
2.114568810424876932e-01
2.361653592702628590e-01
2.203039075358175780e-01
2.359025223403506955e-01
1.652718296447188984e-01
1.984182286526081085e-01
2.687188802601134796e-01
2.076752205730251488e-01
2.820714224328181308e-01
3.419757725858034725e-01
1.483201196011814382e-01
4.720317084050940082e-01
1.513334684619723480e-01
2.033498651139017399e-01
3.213125593973584770e-01
3.894872471992741336e-01
2.343702072339255427e-01
1.507823238668877242e-01
7.816428033974258671e-01
2.953705237690251173e-01
2.326056292613515597e-01
2.593079874443604549e-01
2.451377508642537950e-01
2.088338804592493325e-01
2.261161367301030567e-01
7.242655773725746871e-01
3.655002294022724474e-01
7.658560864686934089e-01
7.272632030621983823e-01
1.870645037357843155e-01
6.728915747230271860e-01
3.167006651811891116e-01
2.203039075358175780e-01
5.272680255877207900e-01
5.092074872301408650e-01
2.232348442903021313e-01
2.148342996743040356e-01
5.726611305073061597e-01
4.077370014229573236e-01
2.057311096052910071e-01
2.285090101601397750e-01
5.917199826585451961e-01
3.040980144238284444e-01
5.176706020102318506e-01
3.561705568665151644e-01
2.203039075358175780e-01
2.594579824263017476e-01
5.389963696083426292e-01
2.053142286090512414e-01
3.166669962028753060e-01
2.527446211176625490e-01
6.708305896884985131e-01
2.167266175097002090e-01
4.140875585755813826e-01
4.194192512964247666e-01
3.212510492217451885e-01
7.781935433575795091e-01
8.557638837956068611e-01
5.162012254272593248e-01
2.261945838774952200e-01
2.814694039563013783e-01
2.614194710538810806e-01
1.577233701467012639e-01
2.090937576186976399e-01
2.253779328436285867e-01
4.459359325148493092e-01
4.187666830277161356e-01
2.922291609935755985e-01
1.569142593227424998e-01
1.184180420205576956e-01
1.904439728646626917e-01
2.192617014368950790e-01
1.167074458305078638e-01
1.446266566047976210e-01
2.226707465737329528e-01
5.788044139354039386e-01
3.992403906714428463e-01
1.103212657910000449e-01
4.948940094511819487e-01
2.261525419286816163e-01
5.620283468702736984e-01
2.134291870166666882e-01
2.130636391017506348e-01
1.253089242346442922e-01
6.209234302552839591e-01
1.994221614822512811e-01
3.367782764820080321e-01
2.627092500864706692e-01
1.690944545966799883e-01
2.744550432663155903e-01
2.826302618975866099e-01
3.044899637798303416e-01
1.369431994989467050e-01
1.913537369658428189e-01
3.438243843399665933e-01
1.531811270232823208e-01
3.346924697398380721e-01
6.751218472369110435e-01
1.644987267945733356e-01
5.252872476648744460e-01
7.374298196483700663e-01
2.288823428464452359e-01
4.644439552205382737e-01
1.062372508153533041e-01
3.632332557401530826e-01
3.787102891109141445e-01
3.510189903339105966e-01
1.334516267008650781e-01
1.362787286650633534e-01
2.895947607246941446e-01
2.168588322856280781e-01
5.394743171426749084e-01
1.257903908289657313e-01
7.473308896215336006e-01
7.537133950746667255e-01
6.860400091146158230e-01
1.612279861098224465e-01
5.549563945418424238e-01
1.920350047658926640e-01
1.615810498087889568e-01
1.155108058125050990e-01
3.418241865380269862e-01
3.295487301298498650e-01
1.190099609680566745e-01
6.057874534382574616e-01
6.466455444197244384e-01
2.804201140746894194e-01
1.714797256019411631e-01
2.895947607246941446e-01
2.443875511680053680e-01
2.536095894374068571e-01
7.888960650107534889e-01
4.134262511424325326e-01
4.509170825545517625e-01
6.932596567919709907e-01
4.927832388337390346e-01
1.797280020291377733e-01
4.043177826133150243e-01
2.056150499117499753e-01
7.306644016843284462e-01
