2.113680184809136886e-01
4.709250450887430550e-01
3.958878375059032839e-01
1.914343365112334550e-01
1.902542425320535857e-01
1.419342894191362170e-01
5.299514894193307901e-01
4.050698583130748487e-01
1.717695453246524950e-01
1.496010601102241433e-01
2.810677494913632057e-01
3.208330792858113956e-01
3.784482154954921795e-01
4.550630971625858612e-01
3.340686209731569822e-01
1.843965483688978224e-01
2.344146304574324380e-01
3.956218860302188056e-01
1.594093940368511986e-01
5.548777454983593316e-01
3.493897566543748834e-01
4.284435121498461618e-01
4.038104569134697286e-01
4.463493204290906458e-01
2.379356204628683691e-01
3.162921128462357623e-01
5.894698615798995567e-01
2.478204603311333354e-01
2.373667895345136503e-01
5.536892810690213773e-01
1.909672700443251769e-01
2.909189964213302892e-01
7.080886702540589717e-01
2.554507943327942732e-01
3.118920425987811162e-01
2.491216101758190749e-01
6.319641603408057140e-01
2.409198633813694757e-01
5.726857940636830291e-01
3.714141712823083585e-01
3.956640508356433772e-01
3.973471988515378528e-01
3.119060629078456715e-01
4.398070592784816268e-01
3.993734652219499970e-01
2.266354588466562292e-01
1.697988474571054118e-01
4.386346380070973439e-01
1.920099341667509396e-01
1.819412056722528870e-01
5.421277721954087525e-01
3.624625105325323116e-01
1.494861340795932969e-01
2.142708456958358210e-01
5.960785670797084101e-01
4.092138702633200675e-01
5.000000000000000000e-01
3.293906554879903470e-01
7.351605723992330477e-01
4.114795066044782956e-01
3.190425314035056359e-01
5.000000000000000000e-01
4.174815975938477308e-01
3.356098941985942719e-01
1.804164364598550008e-01
2.878940938552553286e-01
1.594093940368511986e-01
3.991335278416477395e-01
1.447578535483328155e-01
6.626227969610184454e-01
4.315103715311811583e-01
4.870556774361127217e-01
5.524152532207872168e-01
1.571241667921902951e-01
2.924789586265422736e-01
3.939683338808747104e-01
4.099303877595057433e-01
1.765360573942199585e-01
8.326483279525009884e-01
4.907657175068337319e-01
1.924952706506792843e-01
3.788105300112234453e-01
5.620231049120724132e-01
2.932568378005097065e-01
2.036037098385324040e-01
2.483762116220220029e-01
4.474666934032489607e-01
1.805322485588283787e-01
5.274848641082441336e-01
4.764296526630897866e-01
1.695489039833955047e-01
2.611393245504041727e-01
1.620852773455865870e-01
3.712760176484740104e-01
3.501868161453303152e-01
3.778667331313000366e-01
4.670388475117213667e-01
1.800034043453848098e-01
2.040789628140369794e-01
1.800339706379705251e-01
1.670901237649889681e-01
1.662298123361210245e-01
2.367909016741480410e-01
3.028038912260125337e-01
2.389569453099988638e-01
4.274129564650014368e-01
4.166879847113034163e-01
1.823654442705344436e-01
8.643818955838561413e-01
3.812753771433151084e-01
5.707024183089518532e-01
2.477832059370092821e-01
2.163881377134546924e-01
1.783499398302011429e-01
5.158829685368940821e-01
6.348106027152115027e-01
2.131875042469623949e-01
1.538491846416440989e-01
2.305817956923920109e-01
2.406150580676796047e-01
1.799616283028860064e-01
6.662968462115631540e-01
1.869167554419102761e-01
3.551682810566236248e-01
3.903991658512586671e-01
7.164368626835024845e-01
6.788193190095210827e-01
2.341335854443770126e-01
4.423305777239420200e-01
2.060197473502864973e-01
5.334827900014360580e-01
4.697760124209494625e-01
2.134205210490843774e-01
2.206254138467728387e-01
3.642269043303528187e-01
1.762138174114727396e-01
2.231805108910228652e-01
4.609316831172549089e-01
4.668509094718553687e-01
5.386413854145442048e-01
3.989273157588192342e-01
3.081082515225105900e-01
3.936985545397410635e-01
2.027985787966471720e-01
1.798750564392875839e-01
5.488428340324399413e-01
4.948751357215245839e-01
3.902806178072164567e-01
6.505668196461341646e-01
2.857964428273968571e-01
4.482438915475320251e-01
1.726716336269313312e-01
1.868891336731693109e-01
3.403902567772869592e-01
4.573951988800392110e-01
1.863961884673867031e-01
1.725913947565242135e-01
1.681964441919780173e-01
5.574277129405632580e-01
3.818211924218875564e-01
4.306618653741546288e-01
4.437239974578988666e-01
8.161552796439562885e-01
2.412420153375444409e-01
1.568426723328309735e-01
4.166345147212375810e-01
2.817885220404136581e-01
5.418007035414498240e-01
2.515871680151717249e-01
4.361850272024857533e-01
3.816969653388099237e-01
1.697656030812082772e-01
4.444537225489718080e-01
1.408227438740252135e-01
2.414011257187337056e-01
1.749179506833527797e-01
4.100416442777440329e-01
2.571071535124916374e-01
6.829101382923205010e-01
3.585627670625889385e-01
4.262361000058042526e-01
6.210479372707263801e-01
2.972296596882382791e-01
1.657018722661874888e-01
2.150519372264945717e-01
1.727751125850873759e-01
6.107124673723763886e-01
3.387060892352931618e-01
7.768576750726516877e-01
3.943498324239226305e-01
1.774145289495272781e-01
6.625858906603149245e-01
1.835621687929715751e-01
3.809733335010213606e-01
2.929730319748297118e-01
3.926367791023138709e-01
3.712323740743732614e-01
4.815285296520110947e-01
6.427762016042294357e-01
5.263514615712873157e-01
2.168822802644644332e-01
5.237556518108619219e-01
4.862960391975757468e-01
1.799214232026027094e-01
4.651706128203195734e-01
3.618418483589614376e-01
1.725913947565242135e-01
1.753157668785941536e-01
2.001892072591893168e-01
3.588696146171101997e-01
2.320270659822763759e-01
2.700139360216766149e-01
2.234828859599096162e-01
5.752197786460183648e-01
2.149673394452218944e-01
1.793228370749203049e-01
6.621807076702206363e-01
3.612331378873342436e-01
3.310153566421595306e-01
4.095169540212416637e-01
4.058174366927805865e-01
5.141941639384530749e-01
2.971913914801027068e-01
2.098395745726412132e-01
8.232695639199870685e-01
1.776117303090361532e-01
3.930039294477060130e-01
4.109432063845793737e-01
4.021121177007841996e-01
4.079015480591640097e-01
3.994262595918305903e-01
3.986240334343064684e-01
1.102871995449051373e-01
5.308107049861406912e-01
1.311310301501004416e-01
1.624107327814222346e-01
2.838380678421388859e-01
3.920410523478022879e-01
3.985349779943103132e-01
2.548434310271361913e-01
3.634296385553030806e-01
4.212117550242922559e-01
3.380158280870736442e-01
1.206261238349398274e-01
3.515085204103547412e-01
1.265923030982721298e-01
4.046642528851169263e-01
3.491972102951456103e-01
1.206261238349398274e-01
3.367413002627498986e-01
3.998949839209137713e-01
1.944592620471181643e-01
3.870534927200065534e-01
3.978558199191121747e-01
3.195239568775509742e-01
1.576736138693145550e-01
3.796261533415667411e-01
2.588476808599730061e-01
3.968391429702473605e-01
4.835161481905034253e-01
3.507512330752519114e-01
3.627422090799569676e-01
3.984732076468483486e-01
3.985883472327749755e-01
3.986344469792036938e-01
3.756792218489500845e-01
3.986173234441487412e-01
5.477105333784921815e-01
3.983343906431772163e-01
9.187169339005649693e-01
9.017051638992698015e-01
3.190404793945824102e-01
1.180298348190429725e-01
1.534314160016260198e-01
4.104480938845177507e-01
3.438031447648677297e-01
8.345801527356316862e-01
1.331962813069417217e-01
3.994294289538122822e-01
4.018322854197867167e-01
3.930453795241989901e-01
1.660197525566274035e-01
3.615895194395014611e-01
1.265923030982721298e-01
4.047868676429499102e-01
3.986432565995592925e-01
3.987264773099538639e-01
4.020722634994255418e-01
3.998950741349752702e-01
3.912628282824235915e-01
7.027950773542801510e-01
4.005213115225777498e-01
3.985230338710283871e-01
3.986534544233077959e-01
4.382628350523224969e-01
3.931499441648191318e-01
4.001103863783486148e-01
4.168107691033338114e-01
3.986672324726511230e-01
4.033129352729019068e-01
4.612236930774898935e-01
3.994056165160999594e-01
1.653150214366312376e-01
2.984173694203436922e-01
2.163823620859972596e-01
3.358313833343208321e-01
1.014651708199580116e-01
1.103525725360056803e-01
3.059188989967516203e-01
3.482812195740003225e-01
1.920383668971238633e-01
1.607537947747598728e-01
6.220645772539860063e-01
1.611280852036139355e-01
2.814220888770806450e-01
7.115558969323593219e-01
4.020397929511462798e-01
3.776106429794661157e-01
5.000000000000000000e-01
1.611945198966834580e-01
1.645440143528213994e-01
1.561004878312631516e-01
2.443373801023179803e-01
1.645440143528213994e-01
5.381544579580347376e-01
7.276237452796924243e-01
4.878328197199487959e-01
3.896175654293532742e-01
4.378094482913106322e-01
6.225407377877121284e-01
5.918619203981729804e-01
6.115141941015714844e-01
4.017629503749476361e-01
3.730389586015733228e-01
1.767952949343563340e-01
3.544005226542276121e-01
4.172349995668637179e-01
2.019379604803714090e-01
5.507172509638853519e-01
3.668877101107941296e-01
4.724084432099170949e-01
1.462781921647132444e-01
1.611758793143370228e-01
1.612623183316155007e-01
2.533817335168745410e-01
3.545911011656184830e-01
2.552646398413226381e-01
1.613528817458162734e-01
1.451348366294613612e-01
3.344964835426310623e-01
1.663685724525424403e-01
1.746463543188690182e-01
2.613449453721271021e-01
1.112046037017663386e-01
5.000000000000000000e-01
1.706216025557368843e-01
4.052153581849990971e-01
4.858245045623360014e-01
3.914576464752960727e-01
5.000000000000000000e-01
2.809925291088146704e-01
4.813186886187525437e-01
4.039392515711769382e-01
4.055730948704230898e-01
3.218128218965844445e-01
3.011160146520771019e-01
4.483113306235810835e-01
1.490214683842705501e-01
3.024933361538018062e-01
5.527582853920905981e-01
8.129507608807484687e-01
8.365661742416155011e-01
6.135999252389366942e-01
3.985339244642335799e-01
1.732098594255085666e-01
2.330516585813548480e-01
3.613958638220489128e-01
3.889410298794506171e-01
3.489404276236049984e-01
1.291811577481435935e-01
3.326305161544558797e-01
4.443397507199423613e-01
4.480291848472458538e-01
3.874534447542045124e-01
4.176646000281515891e-01
3.327194795963123730e-01
6.185363383110701330e-01
3.750807107879279290e-01
5.268697719361854492e-01
1.443876406717375105e-01
3.909484180176006074e-01
1.835176962238127818e-01
4.086450679964381827e-01
1.477423631366853174e-01
3.502012456289534392e-01
1.932338551608194510e-01
3.604621393264238471e-01
6.382290204271652279e-01
6.333645223862082174e-01
3.994094404159375666e-01
3.377600664495202243e-01
3.866265849350983275e-01
2.969206885730550916e-01
8.127069187363833436e-01
1.982204101433354404e-01
1.652960304262653113e-01
6.583281395784812418e-01
6.960060013460509509e-01
6.577299221240419103e-01
4.527803615880440224e-01
8.491058354666228825e-01
3.505733734806227297e-01
4.842347515434215488e-01
3.705160459725301836e-01
3.789601768687299033e-01
4.610320051934692076e-01
5.288738222401269118e-01
1.505652652071284014e-01
3.524966778954238822e-01
5.658172373255876408e-01
3.441140337296412777e-01
2.532349277617456096e-01
2.254765658167833253e-01
3.741939798488867486e-01
2.810796734660958029e-01
3.304286412761851532e-01
1.883528182303408072e-01
3.609579103405097800e-01
5.513427890418534094e-01
2.538757000875901393e-01
7.941796146627794206e-01
1.665580001822928036e-01
2.059992233446499565e-01
3.865211514619522615e-01
2.916700576675898549e-01
1.473260665587956264e-01
1.563913157798569320e-01
5.316486972751495177e-01
4.394387681363461362e-01
8.134165448079224703e-01
4.679220242823324827e-01
4.802334349242472489e-01
1.690560026584023157e-01
3.891815692737283228e-01
2.909782704970249045e-01
1.691476522682693329e-01
1.469215487356903549e-01
3.747002326297845243e-01
2.640327279549377071e-01
5.507840229741991500e-01
3.147212372601092545e-01
4.349236074403211583e-01
1.781164045543744134e-01
3.555831303488097284e-01
3.995394891649277636e-01
1.679409514265616521e-01
4.387332246709856332e-01
3.891990668895279337e-01
1.456581580346255345e-01
3.397697383963407258e-01
5.933887668632609191e-01
3.948480535704160244e-01
3.984325393227138856e-01
1.730434910706868112e-01
6.887407247942459732e-01
1.899349405650038458e-01
1.248329944909629952e-01
5.933887668632609191e-01
4.499224522863183306e-01
1.700879856664359036e-01
5.785133603372073496e-01
4.614462622383911361e-01
3.285864822439085176e-01
2.286992143227439822e-01
1.101991241545473010e-01
2.227713416828965842e-01
4.783937950253523974e-01
1.434443347122284496e-01
5.259406359105631701e-01
1.636945140302744628e-01
7.706711666317727083e-01
1.597423729371018897e-01
2.318327336568090369e-01
4.920916347355395737e-01
2.746529739315338170e-01
3.978483946940082894e-01
2.113716857895462931e-01
4.123847946611233772e-01
2.741514536631036725e-01
4.198361641766328867e-01
8.529679446915738872e-01
1.654219828388568403e-01
2.878966195578419596e-01
3.689122000455035133e-01
4.902005470006827181e-01
3.407265730168484441e-01
4.947425532606540832e-01
1.508853601045738180e-01
1.577203561955698996e-01
1.462918113056392577e-01
1.784906187502193486e-01
7.785360114845507606e-01
1.597421680198855554e-01
7.854586462548400760e-01
1.246144299098611991e-01
6.995713207302880488e-01
1.458203618595824425e-01
4.357158860540288892e-01
2.886908420094989047e-01
3.173145793464779985e-01
2.946967154034000891e-01
6.109696755469076201e-01
5.858736715059329470e-01
3.445491611437711543e-01
4.199166213874943043e-01
2.897027925339773491e-01
2.392959648888749735e-01
3.743285968086945137e-01
2.179712368283400759e-01
3.786552400899818038e-01
2.946598495381671512e-01
4.385087957228511191e-01
1.793652413811452073e-01
1.593382689690055753e-01
1.594706374555937556e-01
6.224521741394285490e-01
2.940827194090868124e-01
5.393098751440493777e-01
2.057900915573313283e-01
2.249522056646384993e-01
3.279097626886277594e-01
1.786684125784429034e-01
3.519711686226177916e-01
5.554458788318775708e-01
2.518234968509359128e-01
3.173670816215209411e-01
4.533409136507952630e-01
2.905562709555931655e-01
4.299331015038485582e-01
1.933551119271247065e-01
6.513423879286190932e-01
3.192356263037698927e-01
4.107772019698252564e-01
3.594845821330434621e-01
1.597244359422301807e-01
4.145883738963540566e-01
4.318939112954056081e-01
1.819567868362510221e-01
5.659603393779631952e-01
2.256538503227690229e-01
1.838376681530305701e-01
1.642857520630389978e-01
7.014909642320197314e-01
4.438910952236110874e-01
4.288470803358799821e-01
4.195640066153744629e-01
1.728002348309081171e-01
4.034956636303372868e-01
1.998570003178785914e-01
2.629579140619719424e-01
4.195418608579010167e-01
3.006996802479589559e-01
2.154398335651349639e-01
1.392313081673627051e-01
3.134296733643101018e-01
1.793320646017022013e-01
2.493602766092284095e-01
1.793320646017022013e-01
1.746600552791520711e-01
4.532732487187877690e-01
1.794430560670120245e-01
2.761633218833853265e-01
2.452033816904586605e-01
3.069753514286038265e-01
6.321102314898273677e-01
2.671939056139981394e-01
1.958321092683740217e-01
2.032043926507543230e-01
2.641187123444693197e-01
7.735325388702360971e-01
3.597886490843658081e-01
1.842291668995863219e-01
1.939068462173577367e-01
2.243273241484647351e-01
4.159221980445331202e-01
2.111331477016354374e-01
1.453897682992940921e-01
1.830272897715570224e-01
3.444124064290404741e-01
3.944104669915302064e-01
4.884009025414868810e-01
2.206444885940702094e-01
2.083423201529556179e-01
4.080627643470334798e-01
4.215340316093422190e-01
3.894408589715734892e-01
3.038021232949450479e-01
3.234484831639574121e-01
3.192279764455455693e-01
3.445263839713492149e-01
2.282040613656150796e-01
4.048676700977111298e-01
2.353122359349944237e-01
2.576495124496261946e-01
3.749979405961606505e-01
2.280265257852954475e-01
3.733715964042176316e-01
7.896715380584919952e-01
2.394570504395889810e-01
2.489838502614228621e-01
3.570003871037924492e-01
2.513867851539564602e-01
2.643656956150582382e-01
2.944731417196972401e-01
2.462589246871134119e-01
3.502396044589270452e-01
3.564141412846060231e-01
2.278033306778095013e-01
5.204055020466439307e-01
2.313964792030200335e-01
2.183510121362138012e-01
3.631919894532990578e-01
4.149459068547882157e-01
4.034460972640159793e-01
2.274382434484999715e-01
5.601956777811345489e-01
3.201550798093801276e-01
2.712596373996242205e-01
2.639929729106145206e-01
3.062971404215343307e-01
2.650225503333586974e-01
2.869504206767986010e-01
5.369213908931222967e-01
3.590086112231531401e-01
6.461150299097951910e-01
5.542176824077245101e-01
2.417167945986223310e-01
4.700951614168596970e-01
3.599820030962148087e-01
4.803890653162503077e-01
4.313091493521962194e-01
3.047857865035499825e-01
2.906168730343319795e-01
4.485802645799440991e-01
3.660520887958592651e-01
2.378289208429331669e-01
3.274590593370558800e-01
4.130538256809085373e-01
3.014198568367921771e-01
4.038821482120132922e-01
2.544770113391884303e-01
4.760184244306246426e-01
3.496965995508382608e-01
4.781217732419706379e-01
2.445854138888125806e-01
3.515842602656097382e-01
2.867576135498574597e-01
4.894218050156610156e-01
2.379605533708057385e-01
3.184956959970156598e-01
2.152469848982813683e-01
2.462589246871134119e-01
3.291960932391113093e-01
2.408717171136101065e-01
7.171761439285743167e-01
7.068078672139932461e-01
4.447229668289927607e-01
2.401559996789870977e-01
3.182432335021457837e-01
3.330258887773003829e-01
3.020766853632220750e-01
3.910224906636385889e-01
3.992645052933846972e-01
2.803934475082038302e-01
1.520270250762430220e-01
1.513075136515494301e-01
2.542287325978386248e-01
3.465770555870693603e-01
1.196275171035156570e-01
1.650627203268250909e-01
3.229206739299768647e-01
6.708433040403347647e-01
4.103720488061501359e-01
1.459001706698752066e-01
5.432011659412154803e-01
1.553973090757134745e-01
2.941649596181556414e-01
1.651089734594738123e-01
2.462816741541054844e-01
1.634263349293901546e-01
7.153375167178804839e-01
2.043496417371447049e-01
4.052404057770056522e-01
1.717642527015327825e-01
1.425923989235027278e-01
2.509065293775140093e-01
2.865952448519321072e-01
2.727056006252013276e-01
1.713948122470866087e-01
1.407096346294373357e-01
3.476500979358328469e-01
4.393764807355339252e-01
6.446247544128819174e-01
1.660400950678974086e-01
1.584399057676815492e-01
4.444115744319617201e-01
5.694156734165450873e-01
2.320216536798509477e-01
4.769330348418812093e-01
1.581559298987417483e-01
2.781335592013413072e-01
4.423613436160431234e-01
4.371751513972317316e-01
1.698532833556963273e-01
1.425923989235027278e-01
1.651377571839046099e-01
3.376330775205205748e-01
4.365982202933859635e-01
1.308512334071160466e-01
5.710366764711778398e-01
6.934881859819934657e-01
6.742735080342798781e-01
1.652016423191415007e-01
5.704114763137139166e-01
2.109467850030820879e-01
1.290594726489005528e-01
1.572473663539753763e-01
3.987186162698179714e-01
2.856812022277149254e-01
1.386095065326574116e-01
7.469056673597768148e-01
6.825473794983989428e-01
2.918239226015379439e-01
1.540372271535507265e-01
2.164619776493306724e-01
2.244673032417720260e-01
8.152808894525273020e-01
4.783512041053121222e-01
3.386905745419014346e-01
6.563209847900846050e-01
4.345402940869905750e-01
3.865615327308901672e-01
2.048823881873391983e-01
6.866667953691067972e-01
