2.841668282906976151e-01
4.624408062363081773e-01
3.422133359996461510e-01
2.045129439812422012e-01
2.562976173854516482e-01
2.457617716939618502e-01
3.792194434671148362e-01
4.586535536912970112e-01
2.049520417347324708e-01
2.654355155758152951e-01
2.840500696467219144e-01
3.816307270474380564e-01
4.434442457945783622e-01
3.111941525716940271e-01
2.473560459004645329e-01
2.534164799886836628e-01
4.037362421172486782e-01
2.309588295524653834e-01
3.310858448728726255e-01
2.956651406366743728e-01
4.545207543321246879e-01
4.697748234682431190e-01
3.830555328285109029e-01
2.742650056782995893e-01
2.905487497246072581e-01
4.477875417353600618e-01
2.917977914123038863e-01
2.907514799819577722e-01
3.795775942044813389e-01
2.907514799819577722e-01
2.897038064189026429e-01
3.644611200568689813e-01
2.502867466904372673e-01
2.533701237025667297e-01
2.716951899804457837e-01
7.166867659687470304e-01
2.468893135343766532e-01
6.009115257973414170e-01
4.145935350682480314e-01
4.428410833058086249e-01
3.199140069030372291e-01
2.827441266004489528e-01
5.463832464518801890e-01
4.625828728579471361e-01
2.251114110195972795e-01
2.433760921938704913e-01
3.737190634980039339e-01
2.242933839584266009e-01
1.911588989355804957e-01
5.000000000000000000e-01
3.031821197806599533e-01
2.045612276457581813e-01
2.587048626184629829e-01
6.761195315976208375e-01
3.137813810055749553e-01
5.121409743912036516e-01
2.490446448925573431e-01
6.763425335913486602e-01
2.535925017817903249e-01
2.824320832454922381e-01
6.796584378506830282e-01
3.820503240479063978e-01
2.596624663978233105e-01
2.675802458677651319e-01
4.146266392392365385e-01
2.309588295524653834e-01
5.860240016393762907e-01
2.035616190268224324e-01
6.566096882702413540e-01
3.696845743936780782e-01
4.694158952873047075e-01
2.999237399231238221e-01
4.688224418869568755e-01
3.576476318739204574e-01
3.473069916307209848e-01
2.843399024064731662e-01
7.931127190622694334e-01
4.406637421098620333e-01
3.411931532816418478e-01
4.095235827993072841e-01
3.143841155395043496e-01
2.851376484809373113e-01
2.574438888760501309e-01
3.513396776706653180e-01
2.877194098419452728e-01
4.148630532387569958e-01
4.915241357297273073e-01
2.496564949082605289e-01
3.670853875997630578e-01
2.130853969101005330e-01
3.676040766829675177e-01
3.082444998501538969e-01
3.685811104839711860e-01
4.116177327048137768e-01
2.251746396598917621e-01
2.618592761194576957e-01
2.567630480005566040e-01
2.153986987754799298e-01
2.488100931430617946e-01
2.794259245093276833e-01
2.818941017576199748e-01
2.852083370192495249e-01
3.677628205569625219e-01
4.286261552326780522e-01
2.559809790038843902e-01
7.931127190622694334e-01
3.809014554271130670e-01
5.000000000000000000e-01
2.895445486047124040e-01
2.621938796874525024e-01
2.548596497612641287e-01
4.663577452051409500e-01
6.428466911337556988e-01
2.369058810647814428e-01
2.622013182585501423e-01
2.639277183448409114e-01
2.544955369428037462e-01
5.495045168612530118e-01
2.300049327429142254e-01
3.088111821957523206e-01
3.607467914829367572e-01
6.308455677279136697e-01
5.000000000000000000e-01
2.764925520717056995e-01
4.166809842773019357e-01
2.830525969734247749e-01
4.468971451190985045e-01
4.138269335714628849e-01
2.673720650709614510e-01
2.635134118403400505e-01
4.178448335053177587e-01
2.407464664089688511e-01
2.505931798341221040e-01
3.768545496630494318e-01
3.579383786469637063e-01
4.443709817830304165e-01
3.559816292993311371e-01
2.993086406443531966e-01
3.663286171811300784e-01
2.306864562435985144e-01
4.352243578694554582e-01
5.606078403160141832e-01
2.760229461817069740e-01
3.340944973706133636e-01
2.392780870335753929e-01
5.299240193818905986e-01
4.064272647427681351e-01
5.000000000000000000e-01
2.392350538783822589e-01
2.098182906335149811e-01
2.947362275457506287e-01
6.381820265781904533e-01
1.780615128650408496e-01
2.393068540011449308e-01
1.918153117244216221e-01
4.037455545126401590e-01
4.741924232152917029e-01
3.522279162334709945e-01
7.852051546063647525e-01
3.508213339403525866e-01
2.353960854488881260e-01
3.492916006041211219e-01
2.914457745491053076e-01
5.097555649225048446e-01
2.860581030352630227e-01
3.736561441921729676e-01
3.479286742072684180e-01
1.935040858758585725e-01
5.088511920110508902e-01
1.972563911880899357e-01
2.373726853460948749e-01
2.285458962384195603e-01
3.885927431309387781e-01
2.574101119453776065e-01
4.896496846467964237e-01
2.833824252250137787e-01
4.500797604074662228e-01
6.490918440357592578e-01
2.818495053775393333e-01
1.838110253908918357e-01
2.393527910078474819e-01
2.169775582834102268e-01
6.616055097162262255e-01
2.823525044037986653e-01
7.797011131105479054e-01
4.352025729193055859e-01
2.418402686851402472e-01
3.906097740341867297e-01
2.471981290073398674e-01
3.468588572037716311e-01
2.645510825784715969e-01
3.813124376560905748e-01
3.014830024175599865e-01
6.909689785893872171e-01
4.359665737597804847e-01
3.425298109411282210e-01
2.308646788802411198e-01
5.358214039927541306e-01
5.190472758813836629e-01
1.870337251961371738e-01
5.436696628321542324e-01
3.393265109284111514e-01
3.006538759243589376e-01
2.818083766032253856e-01
8.816518881767717586e-01
2.787505303804978518e-01
2.822275777367985738e-01
5.510268354269017843e-01
3.381039369258803662e-01
5.000000000000000000e-01
2.833741857514422979e-01
2.210744497750764259e-01
8.066726043757411757e-01
5.560371839900885016e-01
5.000000000000000000e-01
2.075570981177159990e-01
1.571842163741495046e-01
3.521189416116981552e-01
2.797675289996293668e-01
5.990005174446644265e-01
2.231887015821039377e-01
1.706404180553838801e-01
2.973993757763399026e-01
5.058922233911050670e-01
5.744592146377914821e-01
4.385162230586792109e-01
3.926552615833818205e-01
4.263227109479230670e-01
1.991904585341492118e-01
2.666150495805990617e-01
2.075268516671820995e-01
1.826154805909942502e-01
4.803947627811502863e-01
3.364043853761008451e-01
3.778978336636800162e-01
2.077630956470790102e-01
3.197631819145205223e-01
3.533490080060634475e-01
2.397709455559336733e-01
1.605000936728508132e-01
6.500163287795019951e-01
1.880241376754834548e-01
3.184448923854784064e-01
1.605000936728508132e-01
3.295426551456222541e-01
2.075416609709244686e-01
2.019156912868552700e-01
3.001499650388163021e-01
1.797775563834219936e-01
1.982341448778340287e-01
2.347328283581875674e-01
2.063753160501050621e-01
5.000000000000000000e-01
5.958214529062195730e-01
2.553590733204819108e-01
4.274118913175015688e-01
3.956250201068440830e-01
3.039659349056539894e-01
3.800291213108702437e-01
5.490414425864624803e-01
3.819776588740819712e-01
4.695221945650863149e-01
4.094176391378024360e-01
7.264989108788453276e-01
6.988169522926892530e-01
2.279579015499986760e-01
2.245601798012049066e-01
6.943475173243336407e-01
2.646354996916400193e-01
4.414013328355311794e-01
4.248053999729264341e-01
4.621926427986313701e-01
4.724591529847185778e-01
5.062076036658997857e-01
3.616898961199394025e-01
3.083801177154583684e-01
4.457970442219812424e-01
4.579401349669313115e-01
4.418756212374355119e-01
6.327808581953910938e-01
2.908461417016884321e-01
4.767176873295671524e-01
2.266388285735340680e-01
3.864601149827999182e-01
3.949804379534356258e-01
7.954807042153865249e-01
2.120774877486687748e-01
1.721022155445096347e-01
5.219743240242922244e-01
6.908533659088142986e-01
2.018507763233832186e-01
3.530752127806357499e-01
2.788258280945929424e-01
1.883619514807252093e-01
4.626912115360549693e-01
4.166578372849490397e-01
1.958129595335758311e-01
2.746118475203596643e-01
1.862379489012772893e-01
3.214205993896890878e-01
2.018919186848133485e-01
1.451020493545429058e-01
2.902764659073451825e-01
3.414182147724170169e-01
2.102725845043806330e-01
1.462844098634582812e-01
2.019043649107239158e-01
3.215738412605220753e-01
6.489766354148523986e-01
2.508283480804193166e-01
3.721088355594503461e-01
3.570192980075607148e-01
1.883619514807252093e-01
2.370089375307750934e-01
4.603551026118319345e-01
6.708461278746123968e-01
5.232638659947737025e-01
3.876012356241800294e-01
4.433506586269768124e-01
5.415203658560230338e-01
5.000000000000000000e-01
5.437486533847336601e-01
2.899558900097903291e-01
3.569916025502305468e-01
2.018740059677903986e-01
4.609168655936193848e-01
3.293547601747421338e-01
2.018302823456812611e-01
5.079290576739750041e-01
2.856783252263878636e-01
4.320204728940576500e-01
2.018147140727752920e-01
2.018549861049289684e-01
2.018759860255305572e-01
2.560250410852624725e-01
3.311831369546480719e-01
2.673766481564348041e-01
1.726056948130227087e-01
1.615578172619628883e-01
2.786124606151407779e-01
2.017515746228367435e-01
2.683335956962444868e-01
3.602537133769772026e-01
3.824217890117557750e-01
2.357683189765687470e-01
6.384538007675145677e-01
2.649640971254144106e-01
2.904526687091685266e-01
4.335481889896234953e-01
2.615879744767104498e-01
5.138358598990450110e-01
8.092023318858562186e-01
7.027954651677881248e-01
5.752737820789977086e-01
3.946527175691968981e-01
4.409691511769902594e-01
3.993640230059119500e-01
4.227353321203499714e-01
1.644493612564315033e-01
5.590115942068165644e-01
5.546482583517772236e-01
4.238534536431031730e-01
4.259464349742549949e-01
1.880991968887258114e-01
5.097469154695226656e-01
5.546482583517772236e-01
2.674862027900762884e-01
1.678486913833543703e-01
5.546298034532483046e-01
3.307099544109150524e-01
2.107970891528231361e-01
2.423529655981551956e-01
2.818175078739256767e-01
3.068330022105592025e-01
1.552786343067293073e-01
2.089390485096254135e-01
4.542886614445055815e-01
5.232666218674609793e-01
9.082259285492054468e-02
5.205439601762054114e-01
3.123045799875434625e-01
3.717993526692553452e-01
2.674847787391795295e-01
4.567441928200937640e-01
2.674979204930917343e-01
5.000000000000000000e-01
3.532961536152665061e-01
8.347807324120977146e-01
7.816785662725108663e-01
2.514945785832224390e-01
4.702547269005675212e-01
2.409545433908343304e-01
3.802733410958879512e-01
1.693463745510610519e-01
1.118011472502046244e-01
4.717931763406408852e-01
5.540447980067056966e-01
5.116255100174715853e-01
4.213296819906809376e-01
5.545682057973525536e-01
2.761624259978303630e-01
4.164221147962856029e-01
2.952508910022040856e-01
3.090210525620481485e-01
5.882395991780033917e-01
4.635523789696210928e-01
2.056724100278219114e-01
1.645928981181435102e-01
5.609237544417082777e-01
3.028097300538072911e-01
3.219390995678889644e-01
1.473690948609242268e-01
5.641034541101012240e-02
2.566035577732546646e-01
1.787962002201197997e-01
2.372051999681398793e-01
5.852895936276312217e-01
6.772603336727721357e-02
6.512526835805012571e-01
2.269852083855922187e-01
1.978345702678910578e-01
5.000000000000000000e-01
4.017008815735229610e-01
1.630087733517767423e-01
1.492359138238175675e-01
5.324657704897973742e-01
8.874548786704222758e-01
3.952379180640246403e-01
1.634823074896417650e-01
4.585723493004330575e-01
6.638898321528686752e-01
1.832756801628113164e-01
3.277763993925236208e-01
2.437933491075365278e-01
1.713150605136982141e-01
1.460373405471090957e-01
3.936061102541835166e-01
2.638806918167686533e-01
4.653314749307440601e-01
1.516768512507652988e-01
2.860564305044732136e-01
4.041981594165119374e-01
3.324079534272295633e-01
4.042406626228453037e-01
1.713150605136982141e-01
3.810247445307153868e-01
6.968098142773045955e-01
3.655388450094398944e-01
2.625873978191878289e-01
1.943846248450730174e-01
6.480133452789381687e-01
2.278534249210568963e-01
1.486315696534642183e-01
6.968098142773045955e-01
5.000000000000000000e-01
7.619580651707731356e-01
4.731224621751369264e-01
3.484273956041233355e-01
2.515613970741842897e-01
1.312281327961052901e-01
2.353496963462562985e-01
4.572692489925795356e-01
1.761902951649113036e-01
4.896790977124103050e-01
1.478176707567011028e-01
7.292857491290483107e-01
3.079494104632020113e-01
5.239011150958644558e-01
2.961958832723602941e-01
3.983888283799731922e-01
2.062157788388102875e-01
4.226430551937425117e-01
2.156847589820554689e-01
3.786659694292884293e-01
8.483744657137207712e-01
1.928164738205415674e-01
2.362529561782299448e-01
5.000000000000000000e-01
4.372848050777642936e-01
2.749455584596042224e-01
5.128384223417196131e-01
1.343125734345917699e-01
1.831831152635749194e-01
1.680593789254488657e-01
1.898755577855860410e-01
7.463696692078909400e-01
1.832756801628113164e-01
7.269036582449250883e-01
1.593695952411428030e-01
7.170384388784338814e-01
4.759708546251346095e-01
4.940486330034879470e-01
4.356146367378016526e-01
2.636873801591274602e-01
3.531442602957783894e-01
2.767006478335630737e-01
3.751555440891566340e-01
2.611344406371743920e-01
4.220445288458543054e-01
3.335091184826832755e-01
2.864764753887039661e-01
2.958788149217711494e-01
7.705966106465236276e-01
3.349346286508481652e-01
2.956727657585809244e-01
2.437870184509878246e-01
2.086861564017193083e-01
2.097045839288718405e-01
5.933879310880842972e-01
2.928405310220271729e-01
4.778203834290567498e-01
2.523465051124780811e-01
2.766366233676593178e-01
2.893601812125891071e-01
2.617853585644898673e-01
3.656307305084925963e-01
4.563751805277714846e-01
3.434551329997876379e-01
2.893238687273168019e-01
4.093788600596704463e-01
2.982546756546895494e-01
3.952482895272580454e-01
2.927665082482542314e-01
6.826564554240548421e-01
2.945189842945001857e-01
3.332248809954864166e-01
4.142402293043954686e-01
2.581624865090990650e-01
3.553063692115573380e-01
3.770047981229539547e-01
2.393141315000247571e-01
4.549958876439170186e-01
2.573243413189655882e-01
2.980178341669001418e-01
6.416172853548183230e-01
3.826675902645910177e-01
3.789712778439379703e-01
3.642924020103588956e-01
1.948095346233384151e-01
3.808460835714747028e-01
3.198806678646240464e-01
4.017305037039184956e-01
2.513672998130201397e-01
1.867666370686631161e-01
3.118528779822165586e-01
2.138633664325072792e-01
2.987501075027004793e-01
2.138633664325072792e-01
2.125804721196636049e-01
4.823743913760498159e-01
2.231305491111471306e-01
2.854357556823287068e-01
3.101282366267242296e-01
2.715849990191527841e-01
3.888742136766594193e-01
3.068180009444557710e-01
2.555176230586845842e-01
3.358512782198292412e-01
3.058874841053554894e-01
8.866741806110295387e-01
3.283798136001347401e-01
2.350773036895748014e-01
2.611139048131220775e-01
3.641034299250248685e-01
2.191271431726179997e-01
5.150328933760315309e-01
3.146909357312210886e-01
3.693910631848684178e-01
5.426576217943549496e-01
5.467461986564944310e-01
2.401870748388952037e-01
2.537788427767437294e-01
2.974136118192814426e-01
3.743937822386647074e-01
2.841921950443457856e-01
2.868074323483229549e-01
2.760367201432574746e-01
3.363812462584402918e-01
2.560966091354581753e-01
4.036381127039134764e-01
2.627701764992866895e-01
3.896478599596450709e-01
2.275807243676325198e-01
3.428044811796510660e-01
7.632916567367197258e-01
2.537394736055364475e-01
2.641681344013500077e-01
2.810573523057765533e-01
2.537230206438134683e-01
2.363051919537724754e-01
2.702262567651353420e-01
3.654238942051208916e-01
3.564150878537565292e-01
2.304508264004637152e-01
5.436355558919953035e-01
2.338324965117311860e-01
2.309794022317138706e-01
3.397650844383791613e-01
4.122924337191725686e-01
3.323818251200431617e-01
2.304508264004637152e-01
6.368328037777059025e-01
3.209149899098178160e-01
3.037200639713996675e-01
2.981534688229776076e-01
2.928847846552280476e-01
2.793896101046838276e-01
2.836463217018227456e-01
6.362244285089897478e-01
3.858531603847542568e-01
6.310542579905992211e-01
6.618541854263858548e-01
2.174628577722588496e-01
4.837684500042816471e-01
3.364197729690885375e-01
5.000000000000000000e-01
4.899202976226617601e-01
2.975384713932162639e-01
3.001464495637413132e-01
4.686478656722437020e-01
3.711479489179020375e-01
2.529306976473373880e-01
3.283864807223308979e-01
4.271658227569279931e-01
3.014428443836943416e-01
4.046036592369374740e-01
4.222120126655917738e-01
3.374354247513325356e-01
5.000000000000000000e-01
3.434045542090483072e-01
2.726234840234799672e-01
5.670589863018025145e-01
3.316440842582733528e-01
2.471672678330184003e-01
3.200916973451393144e-01
7.547726560591853096e-01
7.212665708835600542e-01
4.400187339960056065e-01
2.513075246553524433e-01
2.816399739764675614e-01
3.141888364801730948e-01
2.326571180295857189e-01
4.272881796712009184e-01
3.415292514118740130e-01
1.946759615973748803e-01
1.150031587436070729e-01
1.511085346878519031e-01
1.909138628947702754e-01
3.569223338249685740e-01
1.295425603030636308e-01
1.909056828240923431e-01
2.459090938270176718e-01
6.256851559637645055e-01
3.742789278731138980e-01
1.413401313636804268e-01
5.136343897602860809e-01
1.593850236163619205e-01
1.735692806718792114e-01
1.909192915997211248e-01
2.892971175793701000e-01
1.382138409447185023e-01
7.087405022483200812e-01
2.389647742890784465e-01
4.278476339033667197e-01
2.783430170661612690e-01
1.364033547498886834e-01
2.954787246500981679e-01
3.411510266080475806e-01
2.794151531377975228e-01
1.699253385537413674e-01
1.908929550239463480e-01
3.626026200740716798e-01
2.303378492558308122e-01
6.729199535814023303e-01
1.594215791939709304e-01
5.000000000000000000e-01
5.169547692858910137e-01
3.031186901931295918e-01
4.417300650214018298e-01
1.633808454897861528e-01
3.199271654363018413e-01
4.402308935886796726e-01
4.058267980630129723e-01
1.376176897739882221e-01
1.364033547498886834e-01
1.769842029855714927e-01
3.603101788339365119e-01
1.476852526767180596e-01
5.543617683721373535e-01
5.797983786528904115e-01
6.210796346519477096e-01
1.873470856083657710e-01
4.422524124648300470e-01
1.958356200660213708e-01
1.727025099154737842e-01
1.680143751795800111e-01
4.228446648351493753e-01
3.401178272495797295e-01
1.437706215855091285e-01
7.086295318015312095e-01
6.553201964817334524e-01
5.616668787932386220e-01
1.791891669193132752e-01
2.508915970849514565e-01
2.624904775117852251e-01
4.416055374351249285e-01
3.958763307222617489e-01
5.372783281745581174e-01
4.329183690224349124e-01
5.546387649237483064e-01
4.834947649470188180e-01
5.268069612619721287e-01
