1.369831315928853599e-01
3.634450918652328277e-01
4.023083480893935304e-01
1.713003471471367112e-01
2.072739747563790147e-01
1.105398884228957213e-01
6.093489566057530560e-01
4.012574394113239129e-01
1.583704245290483148e-01
1.648833079663365453e-01
3.357635535136379579e-01
2.784312465402631886e-01
3.431061970134212658e-01
5.879462622298806673e-01
3.198237733924907400e-01
1.991810753710841764e-01
2.456926042184139625e-01
4.740679782313949042e-01
1.355748667544107167e-01
5.601214777373618725e-01
1.544750767228776078e-01
1.724847441122464853e-01
4.449607040724363194e-01
4.617757014777003066e-01
4.888601459965898899e-01
2.681721805368363909e-01
2.402657545463765809e-01
5.000000000000000000e-01
2.523480044916343035e-01
2.549308378517961549e-01
6.984156208093010854e-01
2.027755700844120490e-01
3.944553852331106891e-01
7.277345836338350304e-01
1.785041371628689200e-01
2.096763185750451508e-01
1.782391434082266080e-01
2.635199773760221742e-01
5.961394993421428312e-01
2.298259048385314640e-01
4.764079507329983532e-01
2.970876447709851487e-01
4.878146703442512444e-01
4.249346852016931408e-01
3.187864594182598377e-01
3.698802121399030196e-01
4.754482934222891144e-01
2.324860633395392784e-01
1.258113513003353834e-01
3.796375162860283203e-01
2.029291966464843167e-01
1.528553904059259949e-01
6.699872492037766136e-01
1.785041371628689200e-01
1.895026231321745858e-01
1.267205267728220841e-01
2.291994372200378827e-01
4.097613049404031371e-01
2.869350050761864668e-01
3.290232255807190587e-01
2.487435809533074804e-01
6.707403946400886108e-01
1.785041371628689200e-01
3.697048794877209610e-01
1.726588601744774298e-01
3.235136657287991935e-01
3.477947266593015008e-01
3.800354078654923917e-01
2.310828643634181556e-01
1.857535675708131828e-01
1.785041371628689200e-01
1.889237386329958857e-01
1.355748667544107167e-01
3.153387012518107935e-01
1.632859237839011934e-01
7.181762426748826700e-01
4.500407708434107645e-01
4.404071008743312698e-01
4.739669095941284049e-01
5.000000000000000000e-01
1.411496602198615558e-01
5.547236223733347238e-01
3.727963912730984375e-01
1.400524748859924840e-01
1.165499186717404573e-01
8.493987848367909876e-01
5.731883374574815448e-01
1.400524748859924840e-01
1.833868925942000183e-01
4.228664985427728618e-01
5.660284069256956707e-01
2.991779878664143077e-01
2.538543547580850435e-01
1.707196799237474527e-01
4.111953062193795527e-01
1.400971316426897761e-01
4.902909565228864008e-01
4.427664366136276342e-01
1.238172693676352076e-01
3.515642495160548608e-01
1.167357570131848377e-01
4.115895046738937690e-01
3.958376134138102964e-01
3.757439467230437868e-01
4.903367936664657645e-01
2.959361453095830097e-01
1.822461836843881078e-01
1.477214858871912784e-01
1.333287478902165091e-01
1.123398067966634301e-01
2.206438551096962242e-01
2.409412239477947137e-01
1.400524748859924840e-01
1.931236129432657989e-01
4.832965543604713643e-01
4.198548130035796300e-01
1.362553581680599202e-01
8.455259057191338856e-01
3.938217093677010561e-01
5.869074518847475774e-01
1.721466400711376965e-01
1.793907633586804551e-01
1.415553302770806710e-01
6.205007213939214283e-01
6.960064276049132692e-01
2.333890766087178548e-01
8.732140526988188545e-02
1.898594766778566589e-01
2.033344565824840577e-01
1.517511618244146709e-01
5.479214798460906310e-01
1.424434173685849847e-01
2.800125379115562807e-01
3.739817858251840432e-01
6.836073521264268704e-01
6.505406214897679895e-01
2.061209244909652238e-01
4.161139747190269467e-01
1.702490838615441371e-01
5.207027496887833840e-01
1.404372316871969895e-01
4.736676318806540831e-01
1.786408386242837598e-01
2.985170459297235013e-01
3.304323850029222132e-01
1.507191548339284204e-01
1.688881169407775718e-01
5.400078468962242750e-01
3.631836369653150820e-01
6.678561563006486512e-01
3.781540311929963427e-01
2.742211523704582432e-01
3.748085558709833842e-01
1.543067461806237883e-01
1.400393651418158913e-01
4.655843112262036398e-01
6.737635163835976604e-01
2.833752085644007934e-01
8.046726121552022493e-01
3.982983212095578818e-01
6.414505227136437782e-01
4.265170955383525420e-01
5.245600993079602148e-01
1.908005014268635835e-01
1.855277515716443615e-01
2.737709618855382332e-01
5.169173711176334729e-01
1.799348117083524601e-01
1.948978879555305910e-01
1.948651196409622310e-01
1.974122259684239489e-01
1.691451169661484233e-01
1.948978879555305910e-01
5.092277286422157712e-01
4.752734265929443036e-01
3.529735939631291064e-01
7.759203306617442619e-01
2.753111032370428313e-01
1.598888997695943892e-01
2.979761253112309660e-01
2.438213543636072178e-01
6.619010744667574997e-01
1.771841681970076632e-01
2.202728569776535028e-01
3.389594196301670137e-01
1.678419547329735861e-01
5.403158023002420096e-01
1.479867153347976250e-01
1.811142612837772781e-01
2.018311899439217960e-01
3.629932026084888297e-01
2.736775885869420222e-01
6.093394744727610446e-01
2.028745655715392671e-01
2.709576738189002909e-01
5.534363135442866843e-01
6.512729650327835351e-01
2.471316336922972645e-01
1.644104542771792909e-01
2.261455861926484623e-01
1.579881452403656406e-01
7.130986011099871291e-01
2.711261835068100590e-01
7.501687051353256308e-01
4.563479216790062298e-01
3.023836729612164320e-01
5.000000000000000000e-01
1.993610063295258306e-01
2.806016614718190860e-01
2.360663141649830821e-01
3.360281133201572512e-01
3.692313302862569313e-01
7.212014519099159138e-01
4.700112535966828875e-01
3.705624707757831926e-01
2.068540574575224722e-01
5.438975948483425471e-01
4.247759789428144916e-01
1.414989330064029827e-01
5.000000000000000000e-01
2.636216679397611617e-01
3.666091841492453707e-01
1.887245676374795234e-01
3.090386598338777935e-01
2.823856216468452196e-01
3.756180454602480179e-01
2.865136793044172347e-01
8.720205772894911167e-01
2.952339456752007263e-01
3.003033239981336977e-01
5.144212403594077276e-01
3.189335274223094596e-01
4.300676121597877266e-01
3.502165958699871573e-01
1.889229961067271091e-01
8.164141923130282530e-01
5.783031359750069322e-01
5.959501376532250205e-01
1.676649563542574606e-01
2.348539175900224152e-01
5.138458532511919197e-01
1.817103364936566157e-01
1.963545308372807441e-01
1.613314034529207130e-01
2.750033249934008550e-01
4.928771614865038453e-01
5.215662880845894911e-01
4.550141402179847527e-01
1.471877543909332620e-01
4.046237156430067539e-01
3.783216977779323420e-01
1.114385029976495828e-01
4.118419451051600344e-01
1.903350891231081754e-01
1.275614226620724045e-01
3.032888067244784436e-01
3.001781329390633690e-01
3.578214042616521540e-01
1.780519948856892909e-01
2.503629509576907330e-01
3.781551454943322121e-01
2.094555741944341687e-01
1.469541228607226524e-01
3.475564500345731944e-01
1.386375762973206804e-01
2.789288374535570658e-01
1.426248071219964331e-01
2.430710902588039957e-01
1.470139897852314470e-01
3.125368736171297290e-01
3.129396985868166392e-01
3.111415502712345793e-01
1.328110160704723264e-01
1.470139897852314470e-01
2.342104316925137097e-01
1.887327481085867842e-01
4.604203987435383505e-01
7.787839797236770778e-01
2.300486409666153143e-01
2.454965967198819710e-01
3.706078721347391136e-01
3.606853655132800096e-01
3.639171807609435927e-01
3.647233238755751006e-01
3.710326402158813930e-01
5.756699986352887821e-01
1.735448825613963297e-01
3.736088836115147305e-01
7.788980224085794157e-01
8.719409600934804327e-01
3.787018216403592041e-01
2.386808090880202793e-01
1.581402618757167533e-01
5.915394933568559610e-01
2.165751665968022044e-01
8.887578722975477685e-01
4.642186909450678467e-01
3.388879910635367310e-01
4.351074788369569402e-01
3.923806057704604111e-01
4.675150037733087904e-01
5.316032696565476945e-01
4.922471148562345133e-01
4.002994961484560577e-01
4.726967671672667182e-01
4.618457163745384175e-01
4.153785671740972685e-01
4.122394997035724873e-01
6.748331546175881934e-01
3.648922610697769020e-01
1.463373644241544314e-01
4.066356839284925306e-01
3.589091349399932684e-01
3.705971893459873989e-01
3.641570218598048636e-01
6.564703914059817347e-01
4.522376896355393971e-01
1.781318673645651274e-01
1.904217134519691212e-01
2.556949448742436015e-01
4.294084494207008329e-01
2.764221287119915105e-01
1.648407096960707863e-01
4.184214960778439019e-01
3.565039360235511823e-01
1.393517431735989409e-01
3.174432029884599604e-01
1.491747114767672244e-01
1.213867608575933815e-01
1.001920593793733383e-01
8.292990031677305307e-02
2.808222109942503097e-01
5.135911811220835732e-01
1.752557812818120175e-01
7.808040833077529996e-02
1.660575362848465686e-01
3.034571988269136322e-01
7.599961106230389563e-01
3.815827900415406648e-01
3.771959337359453990e-01
2.549476366301909880e-01
1.660850483986688608e-01
1.660798096952561809e-01
1.127739732377633225e-01
2.640910882479299282e-01
1.660850483986688608e-01
7.666106102928069710e-01
4.627848851852043865e-01
2.957443688139537730e-01
3.624284370735814109e-01
4.166376288399538108e-01
5.575136683799457593e-01
7.363691018502533936e-01
7.067290546767839299e-01
6.482534291166315299e-01
3.794838268853151786e-01
1.963723386887766265e-01
2.429479443416344420e-01
1.641008408896559856e-01
2.738770685776151792e-01
7.743198924756981016e-01
2.948028690858865986e-01
3.749906153636044515e-01
1.371635108749068022e-01
1.702935088869205471e-01
1.774469417943696226e-01
2.150544294359621189e-01
1.182562165803456439e-01
2.893081895581792184e-01
2.393427897460648768e-01
1.039815671565430533e-01
1.455684877882741646e-01
1.660832623366355343e-01
1.660832623366355343e-01
3.340989439576586562e-01
1.597946374437143602e-01
1.570845070932065657e-01
2.399454687062405056e-01
3.401975455935243309e-01
9.879099657775214371e-02
3.902031319730857040e-01
1.760129182282965943e-01
5.838641874575545287e-01
3.062048213963207144e-01
4.261611669246617717e-01
3.555618784473094096e-01
3.866683846358937582e-01
3.600265748512400665e-01
6.578379909402546355e-01
3.351766215553568240e-01
1.642777914252423477e-01
5.154241376061058366e-01
6.150087423423652444e-01
1.660832623366355343e-01
6.154290590101946234e-01
5.571575063714253595e-01
2.233277153597675591e-01
4.235088269420894114e-01
5.263907881847955661e-01
1.137145219177742861e-01
3.945864982381552255e-01
6.653281281494088928e-01
4.104504929536612612e-01
1.875367187381085932e-01
3.451195350147636121e-01
8.537056584399262960e-01
3.142637154036315161e-01
1.157036609158708096e-01
3.212649599183630689e-01
3.452759480458041930e-01
5.780142052720782520e-01
4.038748328948681410e-01
5.075475501238756459e-01
3.484506590650615632e-01
5.314794763257378873e-01
3.961257044050578435e-01
2.991164829740811659e-01
8.845969501409857438e-02
4.656890293844700990e-01
1.589304478762518236e-01
3.218350251811413210e-01
8.536060804580395400e-01
6.818292396107307474e-02
4.947449499716315424e-01
7.254562304170238118e-02
2.627694030189230978e-01
3.572809159829938297e-01
1.137456059216917365e-01
4.115853948773778304e-01
3.883733937467627184e-01
3.204937293124422992e-01
5.612459891856351746e-01
2.744455273748175883e-01
8.350954067713264317e-01
2.389771094213628821e-01
1.068325905781061375e-01
8.626678973874885026e-01
9.152786724580225242e-01
8.889021071227664050e-01
3.523541361265317140e-01
8.561970443289244059e-01
3.109436407750993392e-01
4.808628967403047461e-01
4.043099404819288645e-01
4.942430443864129774e-01
4.283436895850747939e-01
4.576986272652973087e-01
1.523812494615222057e-01
3.797388318862999768e-01
4.542201395080713300e-01
1.729575431743850811e-01
2.607753647401061525e-01
2.477049998969043931e-01
3.657115244354211536e-01
2.164578736104690593e-01
3.113797032895009864e-01
1.104234940696289247e-01
3.531778549353201124e-01
3.393130950706517712e-01
2.260150005424735042e-01
7.268529667699837882e-01
1.158725792460796183e-01
1.576536331867658958e-01
3.992532485954167765e-01
3.399464979787490959e-01
6.760149661797826282e-02
6.197410808654253006e-02
1.253017550660254498e-01
2.225010016325194295e-01
5.000000000000000000e-01
8.367168605140605786e-01
4.647040495451223996e-01
4.522843272785336266e-01
1.060263693157077608e-01
1.137145219177742861e-01
3.359854432574316263e-01
1.559555959211544607e-01
1.855385051212025127e-01
1.883105872813997106e-01
3.498707060040951444e-01
1.563011012268821498e-01
2.519694477473153893e-01
7.908755777687057620e-01
5.075649415843906942e-01
1.893432089764568726e-01
5.539523807259570942e-01
7.029186139196834382e-02
3.494430643685321747e-01
2.644779464020191040e-01
2.646389553834927466e-01
1.753228315890817679e-01
1.562876789886634143e-01
3.554391691610961357e-01
1.278073926217752343e-01
4.908734991798109348e-01
7.158539419986182928e-01
2.298492687747644148e-01
7.908434231549734683e-01
9.733723610767658352e-02
6.739616491752111749e-01
1.469890491623656037e-01
9.926485652840516538e-02
7.158539419986182928e-01
4.814824512754839470e-01
2.195427378633127979e-01
6.995423307911455835e-01
5.464696066172668454e-01
1.836718704973834271e-01
2.212980921358929931e-01
1.005114715640605533e-01
4.913412244809093887e-01
2.169238641089041575e-01
1.649747166748547766e-01
6.996717627164370512e-01
1.893380156486800525e-01
1.375498158846944763e-01
7.302557351360214888e-01
1.559909535092074417e-01
5.145224607366607472e-01
5.000000000000000000e-01
2.440346399744766914e-01
3.206185357539311775e-01
2.067728506264660537e-01
3.935808931536787236e-01
3.989602593922653706e-01
2.374957830596561570e-01
9.313653787347369040e-01
1.750744747144384605e-01
1.823014608687034965e-01
2.577866317190378176e-01
5.244633802635206843e-01
5.976015607916150829e-01
2.715996057055636292e-01
6.566064586279929394e-01
9.956855169797332317e-02
1.726155436387447617e-01
1.168631382584408018e-01
2.264126045848537661e-01
6.193655517656684317e-01
1.559804739396465356e-01
6.876614658819669712e-01
8.842755129978925599e-02
5.880511588398247280e-01
2.037086456210381591e-01
3.129711995613745912e-01
3.196826212863582151e-01
2.871153398532326206e-01
1.851992040706124665e-01
5.000000000000000000e-01
3.135326758034094885e-01
3.108630230251640536e-01
1.362770084207864107e-01
2.832939008530059866e-01
6.178432958061450542e-01
2.820086618466542405e-01
3.516602620301327864e-01
4.120370553850967732e-01
3.446451896589523001e-01
2.532972303551435655e-01
1.459098693455879447e-01
1.394669238935961064e-01
1.625285496131317342e-01
6.206469408953222411e-01
2.512808127637555233e-01
5.870277293283198139e-01
2.142833021401300275e-01
2.190498611752930980e-01
3.769861957504008765e-01
1.807725960417364275e-01
3.341742295981669497e-01
4.756945450805589726e-01
2.497168924727757311e-01
3.702279468548107522e-01
4.473055663364795542e-01
3.445235910161768000e-01
4.572255230058066000e-01
1.674774593039380921e-01
1.980489935661461365e-01
5.777125398688865987e-01
3.347333100916346504e-01
3.165984308641499601e-01
3.393441315629695532e-01
1.619318887356445691e-01
4.349810245728680802e-01
4.605177675706781382e-01
1.525213060899707762e-01
4.948502475335294082e-01
2.095658856803498116e-01
1.635244566844937242e-01
1.292883711772712385e-01
5.884764571770173536e-01
4.417698773591738348e-01
1.674512889545289318e-01
4.829288410653133634e-01
4.006558429543755073e-01
1.681688429487345759e-01
3.889890469963476205e-01
1.837643385299700949e-01
2.508433019021805710e-01
4.099441009041843165e-01
3.957880469417339730e-01
2.016546238397475821e-01
1.227837603902451336e-01
4.013936872878591799e-01
1.675127362407303200e-01
2.720553787839980475e-01
1.675127362407303200e-01
1.575123811379580407e-01
4.907932658643116564e-01
1.735177574298253644e-01
2.718143043318393404e-01
1.733809637398035786e-01
1.931089019174395960e-01
2.870827850611363252e-01
4.789883039786225760e-01
2.469971731680484783e-01
1.642935312780970381e-01
1.891534866289438510e-01
1.988007631726454727e-01
2.215750424860694900e-01
5.746464095368222225e-01
1.755150458401863178e-01
3.636118216062855790e-01
1.824551026377843610e-01
1.900220277726197837e-01
2.311275937840563122e-01
4.317539268906763761e-01
1.958054736973433851e-01
5.194283145270190971e-01
3.474626830305338476e-01
1.892540248664234259e-01
3.611830555247981245e-01
6.103345003211522179e-01
4.447643216801201449e-01
1.441155528856552515e-01
1.602769596532467311e-01
3.158201681907042424e-01
3.643127445330303638e-01
2.786763520182568565e-01
3.742067544248899869e-01
3.153150510929712547e-01
3.486044408598906741e-01
1.620000079686712280e-01
4.227386880163164218e-01
1.637716052243847753e-01
1.852208336245320386e-01
3.829445109151393689e-01
1.415845134031113728e-01
4.650344596303941924e-01
6.777565288911231445e-01
2.129460524823535705e-01
2.074495879778630869e-01
1.627906465575047756e-01
2.933438878021542018e-01
1.766090180023266454e-01
1.919890931400786427e-01
3.284181465646833220e-01
1.775587304405522870e-01
3.490907215841356215e-01
3.626819201915078006e-01
1.207790884127027398e-01
4.439926442771451875e-01
1.257399819876877101e-01
1.231505417735779817e-01
4.166496314364858677e-01
5.230929358542041330e-01
4.220085249649904169e-01
1.199640260307699574e-01
6.028247116356660884e-01
2.765267884976453372e-01
1.901283818350412713e-01
1.951295616112274645e-01
2.689673875685371640e-01
2.019556395926624393e-01
2.581784255275950679e-01
6.348406855340077426e-01
3.138730960694152139e-01
7.159527622199584052e-01
6.705465331944512331e-01
1.181853731834876658e-01
5.061653488297854775e-01
3.929983267741123387e-01
1.627906465575047756e-01
5.370427113472494574e-01
5.744770317070431176e-01
2.751154293405195239e-01
2.116936700485480549e-01
5.083240644932165431e-01
3.832020835401311887e-01
1.627789581028244725e-01
3.175116828817423076e-01
4.340651899641055911e-01
3.413873325248905632e-01
4.769088596318903361e-01
1.706853210340998073e-01
4.690438668076106210e-01
1.627906465575047756e-01
3.407986123249070465e-01
5.954802251251100076e-01
1.619610234659152048e-01
3.716789329931933228e-01
2.677473300607649542e-01
5.437135929610139584e-01
2.125186759523134961e-01
3.595673252655494090e-01
4.205169169249948768e-01
2.585856784398401498e-01
8.052855653255297508e-01
7.643549742384905255e-01
5.712514780302073714e-01
1.832732392071872163e-01
3.378402145604460505e-01
3.065474526441590575e-01
2.169746030510570911e-01
1.986478481693040032e-01
1.403096711401371210e-01
3.078616918423126014e-01
3.756979127877905777e-01
3.417987151598216311e-01
1.778134008591000514e-01
1.138177661519139544e-01
2.258329874537951254e-01
4.381377560770556845e-01
1.729995248296440080e-01
1.453779971994098585e-01
2.195738387701362815e-01
6.489099822141344287e-01
3.552597971166832624e-01
1.112884976216839544e-01
5.781314025328840867e-01
1.616848395744976685e-01
4.209261619618495098e-01
2.175671855566486956e-01
2.009129801874075250e-01
1.769441573806811441e-01
6.265839976549816281e-01
2.430335923085722716e-01
4.094853580441753516e-01
3.797376005431938872e-01
1.991646385531766483e-01
2.613743817800599500e-01
2.395920694107167848e-01
2.253890204306565337e-01
9.767067518914823721e-02
2.131738468244545603e-01
2.139601092529728743e-01
1.767438585160626130e-01
1.757269021691594546e-01
6.464742920627594147e-01
1.295391383832877052e-01
2.074470471592547993e-01
4.736805617638752408e-01
4.573993692536215128e-01
1.978554615397306593e-01
4.029960389016343791e-01
1.257635062584945562e-01
2.492888384295127713e-01
4.509508692738302127e-01
4.130682116868558129e-01
1.584387831392338186e-01
1.550373383346665690e-01
3.913689855209847579e-01
3.806821035552837018e-01
5.414920371460250070e-01
1.613475518900466532e-01
5.530059566993064113e-01
6.089303210428761437e-01
6.748821102604420918e-01
1.932691708425539889e-01
5.677191839905113557e-01
1.496240765446796850e-01
1.599479337700272508e-01
1.493158494271814296e-01
3.918355686585089925e-01
2.539958867415292310e-01
1.599811662669225198e-01
6.215777571619348629e-01
7.350049644144099892e-01
3.441554166733121756e-01
1.809675660219123849e-01
2.419978816527207366e-01
2.806992960956374294e-01
2.020748272786882238e-01
4.369114081369899760e-01
5.768663724038078922e-01
4.662019522727955945e-01
6.261709135390711722e-01
3.946085220508552260e-01
2.179992612631329318e-01
3.971502904022849445e-01
2.605882752943685654e-01
6.918443215981905370e-01
