1.731964183489569931e-01
5.521156151259105638e-01
3.886312290997842034e-01
2.189299685554295660e-01
1.955187666806131042e-01
4.120481270669095752e-01
3.364599568520613149e-01
2.254618654177221737e-01
2.053736813455155352e-01
2.205699660338471813e-01
2.236481627773507785e-01
3.499303644354875287e-01
5.836389099299026384e-01
3.201574825381899858e-01
1.260964893504123718e-01
3.136857320641545654e-01
5.943699575432859206e-01
1.352111201401665908e-01
7.244733751315710624e-01
1.326788448066265613e-01
1.943394976002613128e-01
3.167577928876144644e-01
3.888675199846125530e-01
2.787948840503851611e-01
1.683021538017105412e-01
2.622000700262003825e-01
2.504552984142859318e-01
3.692899414156864402e-01
6.346359944398921593e-01
3.841858368666533630e-01
5.929723082972551129e-01
1.682086199155695960e-01
2.285356161046173118e-01
2.357520281393316319e-01
3.294987597183677841e-01
2.019566763231127604e-01
3.622312848476206826e-01
4.737535705084114368e-01
3.049180264929531869e-01
3.679832874861138636e-01
3.624890376345190068e-01
2.275691705769141981e-01
3.396799941748588347e-01
3.725880368706326884e-01
2.237861092563580567e-01
1.569545080195887954e-01
3.321043195299658302e-01
2.804821688640675714e-01
2.550818453376241801e-01
4.056392212315991785e-01
1.682086199155695960e-01
2.081888282113168176e-01
1.962257457108422531e-01
2.629135756529584200e-01
1.682484483595209357e-01
2.420103745432338471e-01
3.217965680636979964e-01
3.635050761368422423e-01
1.682484483595209357e-01
1.682086199155695960e-01
4.491665826574190445e-01
1.683058245636669947e-01
2.852458689091226240e-01
3.359952701751590110e-01
3.499967301649525853e-01
2.884129167517181513e-01
2.677491686343513311e-01
1.682086199155695960e-01
1.924424726369272920e-01
1.352111201401665908e-01
3.382991756575162157e-01
1.941230035245680441e-01
5.302341431065387134e-01
1.797912682787030370e-01
4.369533781090429447e-01
3.757913704783313324e-01
1.494215168970375318e-01
2.029039313552603585e-01
5.572261826910376303e-01
3.001070337485511330e-01
1.923087358068388819e-01
1.680909463100538626e-01
3.854142325078202536e-01
4.545104594065326742e-01
1.923087358068388819e-01
2.577412258445363480e-01
5.522357477144986815e-01
6.300435065513655397e-01
2.721773721176626859e-01
3.763865742293125427e-01
2.306217318054722132e-01
3.312050388351693297e-01
3.557566240359709697e-01
4.862427420844874226e-01
2.138446966092788781e-01
3.381569218838879620e-01
1.686174205803546988e-01
3.184858550974580260e-01
4.456556312896592931e-01
2.800644619552088432e-01
5.416061256013151581e-01
4.271173952686792563e-01
2.364069758690403866e-01
2.598156248482672015e-01
2.095232817141438608e-01
2.120457338246356516e-01
2.309552598066398066e-01
2.732756110862286647e-01
1.923087358068388819e-01
1.923931787051617881e-01
6.652281200180623078e-01
2.955253995662947553e-01
1.920119428652306282e-01
3.038616856803215138e-01
4.422602661367622812e-01
2.160692341170781794e-01
2.074378644255044091e-01
2.169398072494494456e-01
1.994126356630157859e-01
6.181980708166626703e-01
5.265385584180128919e-01
3.946914796618556376e-01
2.176118637631749009e-01
2.645623427554538165e-01
2.162642472915714542e-01
3.566206560521634761e-01
2.644004232803074395e-01
3.099468698133596156e-01
3.329808097879147222e-01
4.143101598366459304e-01
4.929110154809377420e-01
4.126863273706257162e-01
2.298851805099284829e-01
4.917453144566509282e-01
1.685009412897259529e-01
3.380134144776223426e-01
2.879234437025265936e-01
3.695584379366894101e-01
3.837815567022843100e-01
1.984215534472686393e-01
2.068635343288926787e-01
5.438579344746893307e-01
2.196371453813927288e-01
6.586118700154630634e-01
3.423993347080508398e-01
2.575390503046041113e-01
2.906913843402682551e-01
2.201334457902317243e-01
1.924057303404785313e-01
4.873507609816935537e-01
3.593970933846011295e-01
3.133647995968841804e-01
7.740624407435306997e-01
2.892580369866084022e-01
5.505771155443741627e-01
3.132388036902672424e-01
4.626054587497573367e-01
5.000000000000000000e-01
4.803810954671784428e-01
2.004783678402232150e-01
2.987109501776377685e-01
3.018101841861608459e-01
2.699781162816952129e-01
2.581396799235750605e-01
2.126580693431135149e-01
2.149778880490074151e-01
2.041060121775323255e-01
1.944470679770067267e-01
2.126580693431135149e-01
5.128799224450696359e-01
5.570150187126829966e-01
3.144596751824650371e-01
6.182806814569824505e-01
2.478017515697127915e-01
2.012501661180312318e-01
2.581160116148708550e-01
2.098840524992128809e-01
8.008106347094053890e-01
1.550968330936995654e-01
2.151005412962713470e-01
3.518155800744924289e-01
2.325971881627844629e-01
1.826049519444145064e-01
2.171789362430215087e-01
2.225648568201497590e-01
3.553008900425603800e-01
6.812776194615950409e-01
2.191152733298853128e-01
2.824655133614838998e-01
6.215080046027545713e-01
4.832610519248186076e-01
2.446426329146627054e-01
2.118583363360611038e-01
2.751208174075771562e-01
2.199761048255366724e-01
8.008106347094053890e-01
3.457197472627190904e-01
4.510375018236812417e-01
4.348178991973093988e-01
4.452320141415226362e-01
4.506444481194655793e-01
3.197883738096297668e-01
2.204897054472686191e-01
2.621809247534899190e-01
2.771009073141819101e-01
5.524387617111181648e-01
5.670855096141835805e-01
2.953394313931421711e-01
3.274508447551868762e-01
2.863685528206682540e-01
2.577288476777953585e-01
3.326139214856589921e-01
1.914488039516095974e-01
3.145087593427530193e-01
2.331184456420002105e-01
5.608096531301217658e-01
2.372394935094467028e-01
5.335816937680131211e-01
4.921298999777708461e-01
3.541982455503138172e-01
4.564737900189287378e-01
3.523683249929129846e-01
3.560571023153726311e-01
5.627241303794250360e-01
3.380030499194627280e-01
2.057809575493748100e-01
5.071796707629198098e-01
3.003204260682477145e-01
3.088603156540404848e-01
5.809289087782012473e-01
5.447997239282017512e-01
2.266462367556370816e-01
2.834792537203056351e-01
4.173986442691615117e-01
3.553628584473634278e-01
1.962947463931782877e-01
2.404555883140226391e-01
3.342885143486127308e-01
3.355608659685462292e-01
2.903617289382686706e-01
5.501529748876859971e-01
5.860046942865342334e-01
2.445392310705200301e-01
2.103657075679731536e-01
3.432152919678192471e-01
4.588147176992932175e-01
2.111769337818289738e-01
3.277347734423975423e-01
5.354844760836184880e-01
2.421027217506857565e-01
2.499452847101737429e-01
2.123867989031250070e-01
3.176878668301733044e-01
3.447339768306727503e-01
2.213638638046540874e-01
4.153746240390115974e-01
4.097072314697089990e-01
1.442932502529480909e-01
2.622188081510987145e-01
2.135194052345462112e-01
2.735032706967752136e-01
1.752118532228406078e-01
2.111568782889602647e-01
2.111796033192004096e-01
5.349424120340677824e-01
4.297723131159978394e-01
3.308934714292318113e-01
1.462569219808024235e-01
2.111796033192004096e-01
2.308828172771298648e-01
3.385676988014813538e-01
6.980116994585591206e-01
1.986959786627492397e-01
3.321187029214716646e-01
4.705903928264625335e-01
4.232957359810496922e-01
2.364539821385329699e-01
2.182209075130636389e-01
4.454436902728620140e-01
2.112243420281519346e-01
3.279836184383176367e-01
4.222655420032788154e-01
6.960503471729525549e-01
4.897328615602955515e-01
4.361840291159774230e-01
1.764731594863456210e-01
4.798347698056196209e-01
4.282076460017067987e-01
4.499903286137869052e-01
4.755821083285684536e-01
4.723665917521466806e-01
2.548356370357531264e-01
3.167879057661153186e-01
5.253768051954038620e-01
3.769580157524068387e-01
3.016118293935020622e-01
3.790664455372149688e-01
2.955478416474691672e-01
4.216592542344480554e-01
4.263066320996060088e-01
6.174708259625024676e-01
2.962452911814594803e-01
3.276504134882029518e-01
3.638144842323458028e-01
6.103031538369805276e-01
2.655015113337649280e-01
3.305405178304504643e-01
3.022865589486803395e-01
5.988830424297870714e-01
3.164582261737700630e-01
2.069649006873688635e-01
2.468137087896856985e-01
8.048672793246073320e-01
2.358880087861148778e-01
2.822191280430335070e-01
4.489821698727350929e-01
3.337794916724527439e-01
1.818560258253858197e-01
3.212976052134985383e-01
2.813756201748538466e-01
1.583276493785525652e-01
3.285938821517200847e-01
3.432154354224530857e-01
2.939646795319798001e-01
1.411374901634047940e-01
1.410912461733963563e-01
2.219950164150273908e-01
3.710869896503551368e-01
2.500744020169135551e-01
1.706964382057346852e-01
1.707326462955672808e-01
3.933580093784855847e-01
7.358201913251584125e-01
5.000000000000000000e-01
2.990316541238762227e-01
5.737588719104235180e-01
1.953707596086278198e-01
5.737588719104235180e-01
6.438519847910931793e-01
6.222035032676778155e-01
7.169310022697897855e-01
4.538969301385654131e-01
2.925686162785000044e-01
7.167271359265134922e-01
5.907214919075950421e-01
7.167271359265134922e-01
4.618625821679001597e-01
3.159122374988799220e-01
2.197267762017653669e-01
3.938711121467601273e-01
4.686564039644546820e-01
3.955081261558252015e-01
6.949911758628637415e-01
3.771626770007439067e-01
2.352518545543783590e-01
1.320762835965950122e-01
2.235948578796712327e-01
2.233089585886504636e-01
1.674832708683605120e-01
2.635939904491533814e-01
1.932481688286701027e-01
1.597677659580177267e-01
1.674071518046910678e-01
1.532910868417042272e-01
1.532910868417042272e-01
2.884102679714610762e-01
1.390613205918935780e-01
1.843867085106233039e-01
2.590237233954517104e-01
3.151967190660792673e-01
1.577321823113505828e-01
3.499061705334899908e-01
1.817607048370513123e-01
4.105476493060288279e-01
5.756424578463226194e-01
5.407655708528193994e-01
5.253160963374285952e-01
4.183306624188849465e-01
8.135144638516502713e-01
5.347459628466334491e-01
4.665217737562374900e-01
4.527299392551242252e-01
3.176600889597263055e-01
3.339803511541920567e-01
3.703721505532254210e-01
1.532910868417042272e-01
2.350144263060369998e-01
8.436736551437286069e-01
3.110343990087820476e-01
3.423944987418033881e-01
5.341931611772892108e-01
2.155294363729635954e-01
2.262641062194880592e-01
4.298339374030126780e-01
3.350959945585315070e-01
4.374605774983651996e-01
3.609682606734393451e-01
3.127231877338926824e-01
2.466666845519766837e-01
4.681015974218221687e-01
2.511787019435596791e-01
5.070323532999531091e-01
1.932330987841355263e-01
6.570741265319509639e-01
2.582061736791860795e-01
2.335693809650232766e-01
2.167726542103240728e-01
4.389613362642684757e-01
2.095950965257595000e-01
5.960452228978009304e-01
4.159138227815870059e-01
1.718999076164583195e-01
4.021464904536007356e-01
1.605558528886714686e-01
1.307959947748310869e-01
4.389613362642684757e-01
1.869474032100488514e-01
4.678231120645520713e-01
5.311252932852859043e-01
1.970753258969310251e-01
4.845717568365179861e-01
1.899591593509819265e-01
7.322922199188865999e-01
2.494237519040098106e-01
1.919135153252823633e-01
5.458614295492516533e-01
2.552723547428610296e-01
2.552723547428610296e-01
5.000000000000000000e-01
6.308725968918528215e-01
2.643203476733833046e-01
2.155114685708354738e-01
2.557846555967994706e-01
5.434200848587410482e-01
4.806249588989260912e-01
4.568546557066766600e-01
1.970798663563768094e-01
1.918900096376797149e-01
2.235730136363260068e-01
3.333329019945819316e-01
4.669171385188921053e-01
1.753423370048710073e-01
6.583892037894487625e-01
2.742581133267465998e-01
2.688403981534051579e-01
2.897640677145769672e-01
5.826191536604051757e-01
3.536497909398306216e-01
3.443480035313594145e-01
6.827398939894310237e-01
2.154798223890478648e-01
3.154161838214346036e-01
3.741703739932923378e-01
4.160418110025936866e-01
9.985549146288306976e-02
1.524956134065650615e-01
1.422131876010339080e-01
2.723498144769187501e-01
5.636230373670630955e-01
5.917903254246408284e-01
6.827875686334561323e-01
6.317336302434123363e-01
2.411400933220631815e-01
2.155294363729635954e-01
6.549006486042890929e-01
1.718999076164583195e-01
3.333329019945819316e-01
2.163057445128245548e-01
3.080899725365460751e-01
2.135081460973893008e-01
3.644253591420308358e-01
6.862126367682856998e-01
4.028402670569324884e-01
1.706699988802931611e-01
2.625154552215852588e-01
2.180507288080492934e-01
4.713155493545110875e-01
2.429758370802473366e-01
1.773949039316828347e-01
4.809458956261953300e-01
1.798241770488023250e-01
1.883922661677253363e-01
1.196204116829846370e-01
2.429465964834669756e-01
4.663117986876801346e-01
4.312106228283953957e-01
6.861740695052532812e-01
2.916854588919878810e-01
5.717315239601079568e-01
2.179068409646140181e-01
1.196204116829846370e-01
4.663117986876801346e-01
3.790197325229703318e-01
4.111159884478285398e-01
5.816547553761985956e-01
2.493341629178785213e-01
2.575428429922033691e-01
2.087022608248801370e-01
2.086839374139545511e-01
5.315529777401505340e-01
3.906045215080912736e-01
1.985247936686357073e-01
4.278773014450188983e-01
2.269364507662265384e-01
1.658046592767458416e-01
6.860279725916859084e-01
2.639982418010762277e-01
5.198316185336043782e-01
5.610505941703025634e-01
2.244061279500816908e-01
6.906299590875473182e-01
2.334713168310458553e-01
5.728238676327628287e-01
3.203027855821330427e-01
3.048341097665013266e-01
6.774764972451121636e-01
2.280905387282376184e-01
2.836915943026960818e-01
2.651751084235856037e-01
1.472028796494996294e-01
3.816640094158307295e-01
4.445729691843909315e-01
7.498206527022615031e-01
1.607348775081441083e-01
2.280905387282376184e-01
1.981807427284533463e-01
1.990085513087477553e-01
6.223832658359504943e-01
2.970802278460299428e-01
2.639982418010762277e-01
1.196204116829846370e-01
6.861480544555659256e-01
2.174643810908877539e-01
1.806357878423777985e-01
3.832086381978067058e-01
2.717022062420755835e-01
3.405718506744390695e-01
3.810180780589385030e-01
1.407298301734617174e-01
2.107414628879586693e-01
3.769096857951548807e-01
3.541906866500323936e-01
2.611506915758117775e-01
1.491213155961579606e-01
3.573017436866450236e-01
3.340814250303868471e-01
3.311138311468759809e-01
2.407826373315990198e-01
1.646983505080804877e-01
1.798540744821613135e-01
2.301562591133398394e-01
6.586241475618812569e-01
2.838474235728587480e-01
4.705053440184461255e-01
2.250201116833321913e-01
2.307583218048681328e-01
4.417088429972538255e-01
2.125821211358465135e-01
4.211056952360608951e-01
1.997123954476714702e-01
3.696068172318165423e-01
3.886087652851185625e-01
4.465336837085872035e-01
3.543059089020245689e-01
2.246627063737836327e-01
2.379913083112302208e-01
5.000000000000000000e-01
2.056236019077765931e-01
2.623259045602114869e-01
2.085256492197949951e-01
2.310426855085910280e-01
3.624348278006032098e-01
3.072366630300714663e-01
1.980751073217787983e-01
2.657417495117164741e-01
2.913169412811500991e-01
1.940340224796162638e-01
2.893070842304816814e-01
2.623688912479364976e-01
3.814282738465827882e-01
2.187841453982782292e-01
4.591028079498341019e-01
2.047501054795682340e-01
2.144992845018293681e-01
2.824520056726402828e-01
2.283635017882437446e-01
2.080579917942281809e-01
1.997693903497588797e-01
3.551717445996350198e-01
2.934655756089118994e-01
1.895416252569052662e-01
3.935349857707160504e-01
2.246113176258625332e-01
3.592461596574910154e-01
2.246113176258625332e-01
1.982360901848799484e-01
5.000000000000000000e-01
3.010182481969727597e-01
2.195173027738184790e-01
2.088565722482428610e-01
1.817149951564921151e-01
3.118059465765921634e-01
3.328237510315072423e-01
2.136044346819001849e-01
2.246083393486461022e-01
2.708388418163118483e-01
2.862552321756936524e-01
1.992506267012663923e-01
2.737620204589550910e-01
2.094320050880915662e-01
2.812677275381143538e-01
2.176648174702485727e-01
2.730314566842458879e-01
2.755739445128578824e-01
4.916085954008781456e-01
2.222611677556278476e-01
1.803604825037772585e-01
1.751650766956654726e-01
4.918615750330194158e-01
3.364756686423664434e-01
3.441902900137922550e-01
3.517221165065120836e-01
6.833236348017321937e-01
4.721463356023840041e-01
2.186228735900964948e-01
3.211243182733034551e-01
2.003783254492873811e-01
3.182129470653460301e-01
2.966577241986211311e-01
2.600785875259961077e-01
2.570032205987271001e-01
3.833227757929564827e-01
2.914574297683918958e-01
2.281374396119824899e-01
4.045742107318898162e-01
2.472710499257433359e-01
3.430732681558771868e-01
3.567335262314225153e-01
2.521734301846632609e-01
2.850348834850791602e-01
2.576397725906414693e-01
2.982357361352565572e-01
1.825785871525134330e-01
2.950583977528807300e-01
2.905662072002649920e-01
2.776395792828639797e-01
2.535553698431216585e-01
2.755907125729207818e-01
2.216268040766204150e-01
3.215542087405224292e-01
2.334110768231945632e-01
2.594670901049012657e-01
5.280407688803183675e-01
3.650226376199874889e-01
2.671165565489773130e-01
2.335937474759471333e-01
3.925044503463180345e-01
2.488599675317804960e-01
2.473731112956372435e-01
2.631762909626139679e-01
2.962926517201299181e-01
2.397022238078496958e-01
2.754038533950133316e-01
4.729474637691522543e-01
2.641600303157455309e-01
7.249447265737924972e-01
5.059524897020418743e-01
2.693405505547029066e-01
7.283108491642649174e-01
3.368554182498860183e-01
2.576397725906414693e-01
3.064816235112881593e-01
4.261531740859006434e-01
2.529846168010051466e-01
2.231139215888167382e-01
2.962863580409986763e-01
3.132705960730935990e-01
2.640865493172995793e-01
3.385742832613376496e-01
4.633311153968576179e-01
3.581116952801926545e-01
3.942749885374418062e-01
2.444620641496005886e-01
6.108069501442270344e-01
2.576397725906414693e-01
2.629413668652026415e-01
3.103438789533913278e-01
2.841064759241537230e-01
3.920599741836393037e-01
3.089726694982745103e-01
4.031542540455071988e-01
3.075221190693602780e-01
4.020307889233030729e-01
2.354086143401895037e-01
4.637884194960550932e-01
3.386594167845006220e-01
5.370143101837852040e-01
6.787720588643589847e-01
4.911854547868179655e-01
2.981018701601656495e-01
3.729910392044470391e-01
2.857156202661155220e-01
3.138727406848751955e-01
2.732082747474118833e-01
3.573900058391610846e-01
3.388326635736581549e-01
4.050106660298179451e-01
3.004998769891657484e-01
2.259412148425755107e-01
3.217590774584315749e-01
3.230718237285808980e-01
2.310476058005039857e-01
2.276723767790256869e-01
2.690363850277336377e-01
4.359412618930018080e-01
3.017250351428147903e-01
2.179113933868778163e-01
3.206627664837354841e-01
3.564147544008780533e-01
4.446903656255780657e-01
3.130305245075499787e-01
3.010172057197860185e-01
2.577594012030527404e-01
3.548435779195130424e-01
2.509249148994692202e-01
2.669425199057716136e-01
3.616890370685663658e-01
2.651641604347853010e-01
3.474614316838299244e-01
2.959096239395044292e-01
3.151454850591458579e-01
2.366283708902461591e-01
4.469758994142423170e-01
3.063004309775364531e-01
2.599790930565032410e-01
3.280757977967313499e-01
3.841176454056172140e-01
2.681228572417770906e-01
2.564269380843320900e-01
3.123949840911620646e-01
3.929615501195561356e-01
2.833106769660178048e-01
4.243225043862232093e-01
2.134021674818881997e-01
2.524046358478958529e-01
4.760138453302282247e-01
3.779081492899291073e-01
2.618780887833375148e-01
2.599790930565032410e-01
7.492421446413313202e-01
8.421030263953549477e-01
4.068324241572858213e-01
2.479250438181843652e-01
7.510805017190625987e-01
5.259545165510375320e-01
4.796443944016031136e-01
2.488556868771810981e-01
6.980007471648350670e-01
2.795441467967553217e-01
2.814351769109182944e-01
2.266352077191397529e-01
2.975976108763955796e-01
2.926409417378009192e-01
2.406727190978621977e-01
4.467716228994050298e-01
3.885050507770675954e-01
3.089931937165505405e-01
2.631927158085402563e-01
3.641341987555038462e-01
3.379060872385903913e-01
2.703831873666249219e-01
8.185690297509515823e-01
3.334462747168214780e-01
3.094533119801862742e-01
6.570725532885127729e-01
4.392848578091910761e-01
2.508990776923267219e-01
2.820262491681364003e-01
2.995107046165606524e-01
4.755316688835028449e-01
