2.352726727408457619e-01
2.856941599078369753e-01
2.357163262508642221e-01
2.265596225559967647e-01
2.319449138066562999e-01
6.892184164566055316e-01
4.892960727234395568e-01
2.316619880677641408e-01
2.239395699726156597e-01
4.408474825732683344e-01
2.480655921923934915e-01
4.638843344136635016e-01
5.893880014029480030e-01
3.523420286674794899e-01
1.760065777849216528e-01
3.335718996504185574e-01
5.000000000000000000e-01
2.001818339454300155e-01
2.145548282708962806e-01
5.893880014029480030e-01
3.689697146325612298e-01
4.804726985948355455e-01
2.978473267860207163e-01
2.748203908911268645e-01
2.529556900384591911e-01
6.317928445254982206e-01
4.342464827708229502e-01
4.662200841076126201e-01
2.316619880677641408e-01
2.070945535497445700e-01
2.352726727408457619e-01
2.316619880677641408e-01
6.483590203986504541e-01
2.553496142771732313e-01
4.516856816642800254e-01
2.289563862130093996e-01
4.384061382562965958e-01
2.675193955388481259e-01
2.940350850144917705e-01
4.259938946814666449e-01
4.906643798022359282e-01
4.418978845025010038e-01
2.360979408819668113e-01
3.319710395147553172e-01
2.352726727408457619e-01
2.059237223615430490e-01
4.728271902535718940e-01
2.316619880677641408e-01
2.532705948985460309e-01
2.285217140360299437e-01
7.562751455435927639e-01
6.483590203986504541e-01
5.000000000000000000e-01
2.951847561276107479e-01
4.879097970052282962e-01
6.483590203986504541e-01
2.316619880677641408e-01
2.705361155583392296e-01
2.288934669385802589e-01
2.059237223615430490e-01
3.314226821426955460e-01
4.638528573465016125e-01
2.301324955197292521e-01
2.722350469207618362e-01
2.316619880677641408e-01
2.152371254634720121e-01
2.001818339454300155e-01
2.829338226145944324e-01
2.059237223615430490e-01
7.009662928912808733e-01
2.370116654631959363e-01
2.288934669385802589e-01
2.337532417827996589e-01
4.447574637142320264e-01
3.063944751115925125e-01
3.450582717225242346e-01
3.328345625610343306e-01
2.024785470046990277e-01
2.024294640097548947e-01
3.789620359652252080e-01
3.407918099261824096e-01
2.024785470046990277e-01
2.024073191613795231e-01
5.898490110281269239e-01
2.024124622039925325e-01
2.954395488087670496e-01
3.710087912004641497e-01
2.024644838003760716e-01
3.346304966105259626e-01
2.024124622039925325e-01
3.118775969760333999e-01
3.328949869606467327e-01
2.023993363652791810e-01
3.432091710793229167e-01
4.219790223204235580e-01
3.331280116226733590e-01
3.922170103689035514e-01
4.290497758646913962e-01
3.292247317880762636e-01
2.997668063557391571e-01
2.778233986500102670e-01
3.039198718821823353e-01
2.024124622039925325e-01
3.146772564822088447e-01
2.024785470046990277e-01
2.024022696408639965e-01
7.208178093933900188e-01
3.718548758078273897e-01
2.263609782354555344e-01
2.024036158499016025e-01
2.587508051808746212e-01
2.023957989156549842e-01
7.207662267045105153e-01
2.023313099854621433e-01
3.635324466163544210e-01
7.207662267045105153e-01
6.527783221614129605e-01
2.023964421163820249e-01
2.024785470046990277e-01
2.849565094330551163e-01
3.329380706815925350e-01
3.086081825022464198e-01
2.024785470046990277e-01
3.231198238144399326e-01
2.962295926195737672e-01
2.024124622039925325e-01
7.208365516212645874e-01
2.024128316123527671e-01
3.518077438643507082e-01
2.024581028883090938e-01
2.023964421163820249e-01
2.024124622039925325e-01
2.667067304551878903e-01
4.138735897827114374e-01
2.696952225536786152e-01
2.823443476178842948e-01
3.466643872592760078e-01
2.205916911475765962e-01
5.583704631625158177e-01
3.323752375770249734e-01
3.170110281309068134e-01
3.294210483195320616e-01
2.023810280533515915e-01
2.023622214271244835e-01
3.329745106740372718e-01
3.322430635708308877e-01
2.994225990056639253e-01
7.207661574815463768e-01
3.461986988034937984e-01
5.859095397325778665e-01
8.280918896380253802e-01
5.336652985959803308e-01
1.813670250538451378e-01
2.215459081749664161e-01
2.523073139905718798e-01
1.393548656951073272e-01
2.139434754448448772e-01
2.216058844162021035e-01
2.131700055777409897e-01
1.853905208733850618e-01
2.215103174287770538e-01
2.216058844162021035e-01
5.114291767392302734e-01
5.990945328810334258e-01
2.215103174287770538e-01
6.292129244704647295e-01
2.749445844328481381e-01
2.215141645253533853e-01
2.022646008442483823e-01
2.137948842726536958e-01
6.292129244704647295e-01
1.205074679100246737e-01
2.215065613015003432e-01
3.840319845862618653e-01
2.215779285892619521e-01
6.385722251550953743e-01
1.421092999357783659e-01
2.216058844162021035e-01
2.190305335100058426e-01
2.243722397502209975e-01
4.535979750308595793e-01
6.292129244704647295e-01
1.753917709763433697e-01
2.215103174287770538e-01
5.573912520144225224e-01
4.313936236005193603e-01
1.677996896433635865e-01
2.073695687274861033e-01
1.720636236915059347e-01
2.055214071091704398e-01
6.292129244704647295e-01
2.096957893643520976e-01
6.292129244704647295e-01
4.912111299812481624e-01
5.972572546770372748e-01
3.615069065310986263e-01
1.520139245962769670e-01
2.058684744589316939e-01
2.204916660805421313e-01
6.385722251550953743e-01
5.443092762985245470e-01
3.999636136827725008e-01
2.215317850892740137e-01
2.526464852857067123e-01
1.945898069992497148e-01
2.492587486947134001e-01
2.215985013265054093e-01
1.064119654522426989e-01
1.936028241492414592e-01
5.282919587749042023e-01
4.340732469183852804e-01
6.368093703187285293e-01
6.201130919498647476e-01
5.130002950734408040e-01
3.808707281128161926e-01
3.374955189802968381e-01
5.330749284241664832e-01
2.215932922883235567e-01
1.961917159837139046e-01
6.880831138514947876e-01
3.700891299882781427e-01
3.348714267858379223e-01
6.480899467647144307e-01
2.316868286028242463e-01
2.663554013498027895e-01
2.402782784998745980e-01
2.395797938896067902e-01
2.357682004739339587e-01
2.329557685055210769e-01
2.332752365821421092e-01
4.592919606958840162e-01
4.307406661798209302e-01
2.531835380839509986e-01
2.360952951430163038e-01
5.817307757252950795e-01
8.916907738380636106e-01
2.308858996367626482e-01
4.936271387713317971e-01
2.630399891702460136e-01
2.211576859817173391e-01
2.795908792315405789e-01
2.103115384292507939e-01
1.791540327188085036e-01
2.352041372749437698e-01
2.482819413522515117e-01
5.691892284146407022e-01
2.328745344897947822e-01
2.154651534685395609e-01
2.349705099561104904e-01
2.587242803000748270e-01
2.323972176908022103e-01
2.144450777340572711e-01
5.549655590910415048e-01
2.356111974519268237e-01
5.829250922149356029e-01
4.090975790687700897e-01
4.541704593728721484e-01
2.345358440171858572e-01
2.361193271445351238e-01
1.467311024873211578e-01
2.356111974519268237e-01
2.559898516013917602e-01
2.800907345548827032e-01
3.657720083848104431e-01
6.015961959607206699e-01
2.323972176908022103e-01
2.743376434995535851e-01
3.105572081613682256e-01
4.126991550038554557e-01
2.593385633462971795e-01
2.498018695728973504e-01
5.691892284146407022e-01
2.323972176908022103e-01
2.647870948309622441e-01
5.691892284146407022e-01
5.691892284146407022e-01
5.696763460867163564e-01
4.649005343078694286e-01
8.905095662076059071e-01
5.483291717135506671e-01
2.345358440171858572e-01
5.288819772812658471e-01
5.566481338125824907e-01
4.862875879960441017e-01
5.817307757252950795e-01
4.451291919415727438e-01
4.652762895284975331e-01
5.700721601667373406e-01
8.974192673022123312e-01
5.549104809019451690e-01
8.950526363739320646e-01
5.691892284146407022e-01
2.790800046803210699e-01
2.214071994509387298e-01
5.695948257070360121e-01
2.424771843325553844e-01
2.406181742445774874e-01
2.324926098047648548e-01
6.390391827153056870e-01
6.690390857320189788e-01
1.764400015368731978e-01
1.854957714180066608e-01
6.311930323783395691e-01
2.431228875619657614e-01
2.032009645838648848e-01
3.637191751328315847e-01
2.331494709800698284e-01
2.324434163061179226e-01
2.324434163061179226e-01
2.263042286386266477e-01
2.472183890056231514e-01
2.303543290544611266e-01
1.735888858882199959e-01
2.324881695567457829e-01
7.386988518505790413e-01
2.969641126121855268e-01
1.658948841587397638e-01
5.963096065242076138e-01
2.097352214679449323e-01
5.175087842699346297e-01
3.691007708991144165e-01
6.179542670309204899e-01
3.495655866089363295e-01
3.882897558477504951e-01
2.324881695567457829e-01
3.468464329019137482e-01
2.565324779569026492e-01
1.807798320230046829e-01
6.398024903533927610e-01
7.010339259036453274e-01
6.018785904300267831e-01
5.710722356546563683e-01
2.399386765408242916e-01
6.018785904300267831e-01
2.324926098047648548e-01
6.018785904300267831e-01
2.324583039179934085e-01
2.471055982639727977e-01
2.324434163061179226e-01
6.018785904300267831e-01
2.297201986281345309e-01
2.325446928986281692e-01
5.963096065242076138e-01
2.530297726231663935e-01
4.382499550867832161e-01
1.458667031687956306e-01
3.324336464767078114e-01
2.208664092736124518e-01
1.637887508356510036e-01
2.324434163061179226e-01
1.458667031687956306e-01
1.804505104194308041e-01
2.324434163061179226e-01
2.324434163061179226e-01
2.447494327504004252e-01
1.470798087973411439e-01
1.889989784841656639e-01
2.548356566848081761e-01
4.846983014065082140e-01
1.262412913252276558e-01
2.554012555583612398e-01
5.066569635512119252e-01
5.710722356546563683e-01
4.081000844605073286e-01
6.018785904300267831e-01
6.684861780669888454e-01
4.286438415270066304e-01
6.154765463351258292e-01
2.173605818762590902e-01
2.324926098047648548e-01
6.136574022344171153e-01
2.401129625289027958e-01
2.202730487701503870e-01
4.336495479702437428e-01
2.401060833082197532e-01
2.401183510604159022e-01
5.641635304435442810e-01
1.266699012011013870e-01
7.508982515111374267e-01
5.771626397281973686e-01
3.640569738697860824e-01
5.556127962214083005e-02
5.226100475909257748e-01
2.401411881213707800e-01
4.096805767625803507e-01
5.722285291891539005e-01
1.880604054578089990e-01
5.771626397281973686e-01
5.771626397281973686e-01
5.560168616879765935e-01
2.093316182947737580e-01
4.614584964425620939e-01
1.827668683885596557e-01
2.883192992571530500e-01
2.286298564257465415e-01
5.771626397281973686e-01
5.771626397281973686e-01
5.707390221831383226e-01
5.771563486332211834e-01
2.313060317932691956e-01
2.592391612434014614e-01
1.756873117070445744e-01
2.401073843599636493e-01
5.771626397281973686e-01
2.401411881213707800e-01
3.524823682271499559e-01
5.000000000000000000e-01
1.125224161747871571e-01
6.785000042823078337e-01
2.224431053460020624e-01
5.722285291891539005e-01
2.333274714119399906e-01
2.278599104368805583e-01
5.000000000000000000e-01
2.134904626162155428e-01
4.581506343555689087e-01
4.057750651009098264e-01
3.321417543537603101e-01
5.722285291891539005e-01
4.309474273095730279e-01
2.401343833506918157e-01
2.755937940386815055e-01
2.093316182947737580e-01
2.482235571254759188e-01
2.401199122959059851e-01
5.727973920729044766e-01
4.439144933679630145e-01
2.645825481363813236e-01
1.266699012011013870e-01
4.173596256330033283e-01
2.401343833506918157e-01
5.771626397281973686e-01
2.400988063385467164e-01
2.401199122959059851e-01
2.431563299714591952e-01
3.514934683628590517e-01
1.150854671370468568e-01
1.756873117070445744e-01
1.912686562478260743e-01
5.487326911839321975e-01
5.771626397281973686e-01
3.188138419145092883e-01
2.401060833082197532e-01
2.400982437329520769e-01
2.313060317932691956e-01
6.555425349309307315e-01
7.556599875616800688e-01
3.425231549320912894e-01
2.041205266936491347e-01
1.553736424802582283e-01
2.586874219850681111e-01
2.041099481497788415e-01
5.672646960868018562e-01
6.554838614405366082e-01
2.417525272429318361e-01
1.507201740336426843e-01
4.441554012049352962e-01
2.342297907605708496e-01
5.182324612482552828e-01
3.463730536298279539e-01
2.703695315446311143e-01
4.582324315716835850e-01
2.040662733612548796e-01
1.575307101704269130e-01
1.611579769343264856e-01
2.040931903219856125e-01
5.558217774694450553e-01
2.737730120315888249e-01
6.555139677179040447e-01
2.854935060506955669e-01
4.519019075321705214e-01
2.858301597705115160e-01
1.611579769343264856e-01
5.558217774694450553e-01
3.655648507989985863e-01
2.041587965406113925e-01
4.659762031384362402e-01
2.041587965406113925e-01
2.136538339164683331e-01
2.041592304278960768e-01
2.041587965406113925e-01
5.677773389982645469e-01
2.040972677399953417e-01
2.444141444315670875e-01
4.461272150565564476e-01
2.041237272871911645e-01
2.491503547016591935e-01
6.555100233018733569e-01
6.264765352143049082e-01
7.271007716972995860e-01
2.531641591211772901e-01
3.916207995748158810e-01
3.625046611833346866e-01
5.603777541711577603e-01
3.086197819898931494e-01
3.114454364036139955e-01
6.164583964746483957e-01
2.041461283480616729e-01
6.527261347544629499e-01
2.040747092513376659e-01
5.295555404440565050e-01
5.748494858194141965e-01
2.041592304278960768e-01
1.915657134498974512e-01
2.041461283480616729e-01
2.000667996145021332e-01
2.040747092513376659e-01
5.558217774694450553e-01
6.554273365745633129e-01
1.611579769343264856e-01
6.555709705093947237e-01
2.041592304278960768e-01
4.441554012049352962e-01
2.349308390098127364e-01
1.517701911662525383e-01
3.193150114421879349e-01
3.061730111464871507e-01
4.628292792845630221e-01
5.558217774694450553e-01
3.808035376006624340e-01
2.632349362229811640e-01
2.951499208225505932e-01
4.445328044695412428e-01
2.322264301833319167e-01
1.863542442167495372e-01
1.984195810101352653e-01
2.450075398393755932e-01
2.341055549009398995e-01
3.475037997518858335e-01
2.820481905369081055e-01
5.889470133027027154e-01
2.275381776939757184e-01
2.540558406642905998e-01
5.415521304259720559e-01
2.315670674774962523e-01
4.806516822840429248e-01
2.065855022280567721e-01
5.000000000000000000e-01
6.152691695646957948e-01
6.470209784537445108e-01
5.999990624220370439e-01
2.309254103257316060e-01
2.459707392311377694e-01
5.635951560777296976e-01
2.307697961628563110e-01
2.535416328315789891e-01
2.193260496231002610e-01
2.224426400390427661e-01
2.631965529821040373e-01
2.540558406642905998e-01
2.275332521720454249e-01
2.292484428865596002e-01
2.312660887458843073e-01
2.318588807503026428e-01
2.566663521595783370e-01
2.312660887458843073e-01
4.790540218633907998e-01
2.318588807503026428e-01
5.999234689112826757e-01
2.312660887458843073e-01
1.995550627629121276e-01
3.164087094715224424e-01
2.313113954953963103e-01
2.318588807503026428e-01
2.342730777972471534e-01
4.471909551556424445e-01
1.539031025899426364e-01
5.325729197287188965e-01
2.311105706546044969e-01
3.434969601971484821e-01
2.311105706546044969e-01
1.715282162413271916e-01
4.928645452962335805e-01
3.034589786934458466e-01
2.279477674087829753e-01
2.350997623651202018e-01
2.316202603128256765e-01
2.318588807503026428e-01
2.312660887458843073e-01
2.310335997146460152e-01
2.305197045336046802e-01
2.816304591425421999e-01
5.889470133027027154e-01
2.311105706546044969e-01
3.573149417259189331e-01
2.307340817193054838e-01
2.285330469552934729e-01
2.328558919543131378e-01
6.152691695646957948e-01
6.378827384888179353e-01
4.088074870417604534e-01
2.312660887458843073e-01
2.312660887458843073e-01
2.449205985253007090e-01
2.489404973271010235e-01
1.817032914081569139e-01
2.449470535844882890e-01
2.449667666487262696e-01
5.167389059987948646e-02
4.353666959759430188e-01
1.668891067120889526e-01
1.340614937797426354e-01
1.779006328894678357e-01
1.778587523403467874e-01
4.690343696516931504e-01
1.449037271847171127e-01
3.988006881106689328e-01
2.856380564667327926e-01
6.459936576349016857e-01
2.247669727775572224e-01
2.449738170106243174e-01
2.450003062881321303e-01
2.449837590222904982e-01
5.577894005037540293e-01
1.747561889497637189e-01
2.450098362222881965e-01
2.450003062881321303e-01
2.447424123778481619e-01
2.450020206094600805e-01
2.449550618575523087e-01
1.647045878832825161e-01
3.184989009055436138e-01
1.817032914081569139e-01
2.450003062881321303e-01
5.631794804654680631e-01
3.173082522061085320e-01
2.450003062881321303e-01
1.817032914081569139e-01
6.659121698010207480e-01
2.427606495964885758e-01
2.449550618575523087e-01
3.230699941065632297e-01
2.449738170106243174e-01
5.548318986638234307e-01
2.862724040414799664e-01
5.577894005037540293e-01
4.373135312057020441e-01
1.006190808491148198e-01
5.419174175370123914e-01
1.333025045107265882e-01
2.450003062881321303e-01
2.940476159020984914e-01
5.318715555482245172e-01
2.281485859455828491e-01
3.495862731862359740e-01
2.539540719197506125e-01
2.449470535844882890e-01
3.060040822688772644e-01
5.873184096765977635e-01
3.820012109870767336e-01
4.852637452844132948e-01
1.160808178439578370e-01
2.450003062881321303e-01
2.449667666487262696e-01
5.267607979394831608e-01
2.363439975279505167e-01
3.517164212991910621e-02
3.006628922837534801e-01
3.707802583871768198e-01
2.688611780978105714e-01
6.763763034707898081e-01
4.105572021938937444e-01
6.977517993025410536e-01
6.459936576349016857e-01
8.003525328343034095e-01
5.577894005037540293e-01
3.391819545928603796e-01
2.163124166624056655e-01
4.420218176586589443e-01
2.227760745500022288e-01
6.798881145033678353e-01
5.849229358523559963e-01
2.112269839317270637e-01
2.227511147447596429e-01
1.037159740414848735e-01
2.227498698835433943e-01
2.227900100902450720e-01
3.433701856010768494e-01
1.559393281046169977e-01
2.227333737836382777e-01
2.066816250619106787e-01
4.856723858763932200e-01
2.150825883489370649e-01
1.037159740414848735e-01
4.107161431813408092e-01
7.050556301585444441e-01
3.350933428093589850e-01
2.160356163508423410e-01
2.227680766566369763e-01
2.227680766566369763e-01
3.581933387916517164e-01
1.632822351155966412e-01
2.139726948740621471e-01
1.416521078813271495e-01
4.357038813952493483e-01
1.037159740414848735e-01
5.853526056117441811e-01
3.946168911604814866e-01
2.082233150113873277e-01
4.746110794287373147e-01
5.272516346894813299e-01
1.422293587041796870e-01
2.926649341077909305e-01
5.853526056117441811e-01
2.138248127836554768e-01
3.457174740323288309e-01
1.037159740414848735e-01
4.110243483649292928e-01
4.503731886980237298e-01
2.226878737607692615e-01
2.082233150113873277e-01
5.853526056117441811e-01
4.575622011712910941e-01
5.791159550989911642e-01
2.227786556299466147e-01
5.907512922370374842e-01
5.855381019361755035e-01
4.624773634451599946e-01
2.226878737607692615e-01
5.624413937950074605e-01
2.041276836356844815e-01
2.240221273832599946e-01
1.559393281046169977e-01
2.236716373691648441e-01
2.896466824830977727e-01
1.145777670041688151e-01
6.061709055464795659e-01
4.065734195894895597e-01
2.227498698835433943e-01
3.283886727639649394e-01
5.853526056117441811e-01
6.641666771153147408e-01
1.870118264235004768e-01
5.853526056117441811e-01
7.790975722396351610e-01
4.236672055142404747e-01
5.821181162311593882e-01
6.445235527229794537e-01
2.403138354799498333e-01
2.035793702481073220e-01
6.535009385957895045e-01
