2.412333196136840774e-01
5.714950906891673732e-01
3.338390645146437907e-01
3.365410870140935762e-01
3.983114420221949836e-01
3.663143309569378281e-01
2.510670565636335394e-01
2.510536870780802898e-01
2.730808700311339043e-01
2.378216891037615854e-01
3.059277763766276581e-01
5.203378821776060148e-01
3.165065317428672476e-01
2.510991845030607905e-01
2.826448187310981464e-01
4.933343986428914696e-01
1.265150695998086550e-01
5.714768220800515719e-01
2.572191833087418833e-01
2.452686359016387208e-01
3.554212497197438703e-01
3.017056277429037703e-01
2.510621662060762982e-01
2.521307414585929330e-01
2.510718560573966807e-01
3.903048074618478691e-01
3.431382554925440642e-01
5.715075414775881990e-01
2.511002289048091529e-01
3.731061802541611461e-01
2.836657695811072855e-01
2.510895966023837800e-01
3.693720767250281423e-01
5.714095060858345176e-01
3.593896332076152444e-01
3.955248296305463596e-01
3.894137854077556193e-01
2.458227676448430932e-01
2.510122328153310822e-01
4.121761501442444686e-01
2.446048128046449111e-01
4.249035928321636679e-01
3.599350945861508611e-01
2.538350622594762740e-01
5.496052756658346139e-01
2.510658779360400161e-01
2.510536870780802898e-01
2.510650479354411546e-01
2.510563652960906000e-01
2.427100218105683604e-01
3.424575656777980592e-01
3.862826845173043533e-01
2.510563652960906000e-01
6.264566918537669560e-01
3.586371841440517128e-01
4.403314082732208701e-01
3.611548084051731666e-01
3.302432990085661380e-01
2.510530511034966272e-01
2.511048665715464590e-01
1.265150695998086550e-01
3.593497434847510719e-01
2.510536870780802898e-01
3.004944240881758377e-01
2.510718560573966807e-01
2.551415832997948607e-01
2.510718560573966807e-01
3.515211977975693514e-01
3.500524624739514423e-01
3.647310849037908032e-01
4.092581425259079753e-01
3.222677522259207450e-01
3.496178562613058705e-01
3.606374522574517516e-01
3.493162234866992732e-01
3.406280913599883386e-01
3.333993734298796863e-01
3.485257425170903423e-01
3.467793147367569939e-01
4.261068782221085760e-01
3.506405202509001451e-01
3.860136453973367354e-01
3.789071178566176812e-01
3.098333382348068543e-01
3.101254700160053224e-01
3.101397913882829038e-01
3.097687338860768413e-01
3.100228686265553701e-01
3.101960521706780272e-01
3.101397913882829038e-01
3.198797077653996457e-01
3.098461844602753978e-01
3.355450023757412525e-01
3.492263125691811854e-01
3.101960521706780272e-01
4.030932656549284787e-01
3.369249660708760197e-01
3.378432931594431143e-01
4.784786412382425191e-01
3.497491911214005156e-01
3.097779156941070089e-01
3.515707911097355476e-01
3.298376262211253351e-01
3.285813500377495200e-01
3.496826416610539501e-01
3.895842210512769910e-01
3.482921182565097418e-01
3.548550491938822216e-01
3.492230422627646269e-01
3.097533206645484150e-01
3.691996413762050344e-01
3.474160281570849440e-01
3.498289795584459960e-01
3.613044897591457527e-01
3.530837567828310486e-01
3.506618345834588979e-01
3.401730260632800373e-01
3.482255755583082979e-01
3.541351711461369067e-01
6.173362159117786740e-01
3.491484368156796414e-01
3.493295353131785630e-01
4.030932656549284787e-01
4.011325427934526733e-01
3.573969432850551686e-01
3.491442733438887003e-01
3.835643656961184034e-01
3.477684958613815880e-01
3.317831415720108867e-01
3.098474216272983917e-01
3.530957279716559483e-01
4.291370274191457224e-01
3.493284096701875230e-01
4.344792247917388939e-01
3.324328049417383801e-01
3.599457120314641934e-01
3.074487329746907194e-01
3.143633304684185781e-01
3.707080996430996422e-01
3.145766543227149770e-01
2.319319515248574604e-01
2.437314242111532081e-01
3.512489440722968981e-01
3.600706485682464431e-01
3.864381995363265210e-01
5.551779266476325470e-01
2.319886799958965629e-01
3.813765758313807375e-01
2.563116241782143478e-01
6.968296583453043036e-01
2.318972121113116458e-01
2.319902868101303417e-01
3.387584415636407109e-01
2.388254927858560750e-01
2.918733477444521163e-01
2.318730746232895990e-01
3.278963023777538011e-01
2.319723630172365880e-01
3.423860794702175969e-01
3.204885619476998126e-01
3.378167080638719844e-01
5.065986939598881023e-01
5.950559794307656025e-01
6.968754220288823076e-01
2.906486090092179064e-01
2.227577500048403270e-01
3.310050383852847222e-01
3.087115454741256593e-01
6.968296583453043036e-01
4.790295554118809696e-01
4.138493504602147599e-01
3.506239088851386132e-01
2.319793349375601499e-01
4.406530208623880562e-01
3.888566835871623550e-01
3.313981697483639466e-01
2.713300065581922271e-01
6.801289569737349883e-01
4.155183889310764545e-01
3.532325191514625318e-01
2.318923377392289042e-01
5.672164197618799752e-01
2.319646601207493442e-01
3.797545116980564628e-01
4.025449675571328156e-01
2.775004045139554676e-01
3.986795579880796359e-01
3.501216874487572683e-01
2.319319515248574604e-01
2.785279256658666491e-01
4.650768854612609693e-01
2.791003906772709930e-01
2.988722682456032564e-01
4.423280758983878513e-01
3.507575442691726608e-01
3.374837067221340692e-01
4.398320131178885539e-01
5.703916197356240225e-01
2.911021583505022936e-01
2.459463368006257478e-01
3.294844239931298824e-01
3.819672190584502136e-01
4.016103637281646099e-01
2.379146709183097286e-01
3.369595678766377223e-01
3.581031885154175587e-01
5.000000000000000000e-01
2.717976056667915641e-01
3.573972352120804996e-01
3.316412250963612363e-01
2.379195059993465533e-01
2.379278219019801688e-01
2.367054648612102741e-01
3.207051260025718387e-01
3.882999481944278131e-01
2.710662019431744341e-01
2.378603928706987669e-01
2.935339376751726626e-01
3.220056198873423869e-01
2.379216504200251381e-01
2.379183121140297508e-01
3.175022587032831356e-01
2.718837526844818941e-01
2.379216504200251381e-01
3.936320643633348659e-01
5.812851999921850865e-01
2.379059465392253381e-01
3.357050298545369293e-01
2.825940883573401230e-01
2.378897188152109266e-01
2.379142317357727521e-01
2.941449497862031470e-01
2.379436279485055428e-01
6.534887803215283508e-01
2.813227648256235169e-01
4.167970301051462934e-01
3.991545014772791555e-01
3.034121598598115144e-01
3.850308319970264792e-01
3.203334615424024978e-01
2.378408751949555588e-01
3.551882261791069473e-01
2.378843106958707376e-01
5.367653522229478558e-01
3.188807544671902749e-01
2.429069385608530751e-01
4.634575783277403160e-01
5.730387667575665978e-01
2.630076967109258868e-01
2.379507519020770123e-01
3.358878599543552723e-01
3.022827520448456151e-01
3.631495854392646772e-01
5.000000000000000000e-01
3.136367698941940896e-01
2.379142209942744779e-01
4.332134213309227211e-01
2.379142209942744779e-01
3.111542617901246199e-01
5.495635150305936412e-01
4.636194584198106150e-01
2.379216504200251381e-01
3.911268687297021485e-01
5.812278053694585056e-01
3.412689806134732162e-01
4.456539579144624397e-01
3.806372574827135979e-01
3.767201633838001551e-01
2.393983702793758828e-01
2.017236445925783828e-01
2.779406116072933308e-01
2.490846796371974092e-01
3.994769189440185442e-01
2.561218242276450674e-01
2.202458791103111546e-01
1.829518790751481772e-01
3.618156333661161628e-01
2.159000503920096015e-01
4.626685086979746009e-01
2.560585256305955570e-01
3.419800065200187533e-01
4.106855054906305980e-01
2.560465915724597363e-01
5.231275723820553170e-01
5.525292427762277248e-01
2.559803916328993734e-01
5.635092793434371972e-01
2.393983702793758828e-01
5.635092793434371972e-01
4.863948463303974235e-01
5.086663021553186059e-01
5.635523697302927681e-01
3.071208738196913313e-01
4.836014144898392875e-01
5.635061571815822568e-01
5.635606026910311428e-01
5.635061571815822568e-01
5.635465651261918341e-01
2.560104471200289611e-01
3.210535945934566149e-01
3.348569559408416940e-01
5.315564887047342646e-01
4.172976775022853024e-01
5.831388002999982056e-01
4.300188703073753449e-01
2.867584026800657493e-01
1.829518790751481772e-01
2.560161917913721941e-01
2.661175700410843281e-01
4.431076268987343969e-01
2.560563398005273328e-01
1.845776638339641507e-01
4.114514583948387649e-01
2.265373838512570182e-01
2.560527708407918657e-01
2.961733732394745688e-01
2.560051150227130035e-01
3.549599445442487289e-01
5.565496770607861743e-01
5.959819290971642980e-01
5.761248272463822540e-01
4.289511447846707237e-01
5.182163558319434760e-01
3.981920524974544295e-01
2.708145957760037525e-01
4.194530440990482112e-01
2.560276288364563002e-01
5.922922002750997672e-01
3.373727366674289518e-01
4.461318587882387443e-01
3.564908991949906070e-01
3.917045898220314348e-01
4.350999898729515647e-01
5.693516510208634918e-01
3.506227234221432343e-01
5.104338605308247345e-01
3.392785490434785389e-01
2.557513259108621928e-01
6.158190253800037706e-01
3.545499101162115085e-01
3.486785351046641224e-01
3.859020485766186948e-01
6.156860272165598502e-01
2.347122027690129731e-01
5.964950446314558619e-01
5.353255265651016837e-01
2.766616268716819982e-01
2.215584959481622096e-01
2.299668612572980941e-01
2.812411052830365299e-01
2.346638087315636167e-01
3.580387785430389491e-01
3.985144109080656083e-01
4.040981676905033848e-01
4.257187021961728046e-01
4.225058479770509856e-01
2.898351542899808564e-01
6.158190253800037706e-01
2.812383154768780535e-01
2.397660201201018693e-01
5.306743818835877313e-01
5.306743818835877313e-01
5.306743818835877313e-01
4.433983347889807192e-01
3.799981328499929534e-01
2.346514896704138819e-01
6.156860272165598502e-01
1.475938288706107604e-01
2.346389498720441724e-01
6.157350153938433435e-01
6.194602569363483191e-01
2.347159849420192568e-01
2.346156154765068336e-01
3.449248105253388541e-01
3.392785490434785389e-01
1.657832354708694556e-01
5.427493785538136661e-01
6.157395867256735267e-01
3.285516637790977801e-01
2.643026202645027967e-01
6.156950521870261372e-01
3.227515623827478808e-01
2.829203965253521136e-01
6.158016862815888226e-01
2.346258809169856629e-01
3.372833744059778316e-01
3.816566705569702234e-01
4.696616672190325747e-01
2.346662892631439234e-01
2.266518158569398311e-01
4.717443974920452199e-01
2.421182767876679520e-01
6.156779670628367285e-01
5.519525583945601444e-01
2.347122027690129731e-01
6.297538343692101748e-01
3.449248105253388541e-01
2.346662892631439234e-01
2.746278417448799747e-01
5.736451262559970621e-01
3.396893030416573422e-01
2.616360037656867421e-01
5.736498270175760528e-01
5.736714331315769799e-01
3.503724397267651280e-01
2.863552907887911281e-01
3.023570673105899775e-01
2.697333918606745207e-01
2.785351867548097049e-01
5.736883311997275081e-01
3.987741689718385940e-01
2.497213778567722309e-01
3.169589791885293328e-01
5.736536072670257447e-01
3.601096207030370366e-01
5.736981389936620657e-01
5.737219913181079711e-01
2.497213778567722309e-01
5.736536072670257447e-01
3.733773225737174739e-01
5.736488351622811566e-01
3.182407480345199602e-01
2.920414339520124858e-01
3.680152286394698935e-01
3.792807723792398500e-01
1.882110629344663222e-01
4.383661157277325415e-01
2.497767581039284090e-01
4.521254911914333041e-01
5.736451262559970621e-01
2.497025017357046017e-01
3.993605984438793333e-01
4.830461468321786689e-01
2.497953774738021215e-01
3.876184887118030997e-01
3.732668291065788235e-01
2.592501139972173130e-01
3.706107280340161791e-01
2.590231139660961746e-01
3.172007406030794008e-01
5.208531384979392387e-01
2.980985800341252046e-01
2.592501139972173130e-01
2.364996229681247952e-01
4.497542688220370066e-01
4.040683433305394812e-01
2.497785463047884347e-01
5.736451262559970621e-01
2.497213778567722309e-01
5.736782415616021868e-01
4.759786112581662065e-01
5.000000000000000000e-01
4.258941515640606856e-01
3.791220613063320810e-01
2.497196143853187833e-01
3.778386802368207675e-01
3.494194346395109174e-01
5.736451262559970621e-01
3.433408230497645430e-01
2.497584663136157568e-01
2.497938624605180735e-01
3.122610478320973493e-01
5.736273471392964174e-01
3.230735845436724096e-01
2.497816242196060077e-01
3.038287606888577241e-01
4.749616251700604641e-01
3.977835334706265602e-01
3.179600750012113730e-01
3.279427225456237882e-01
3.403490173413368236e-01
3.109011579990534346e-01
3.312790963138725897e-01
3.194648823431005535e-01
3.310834623630450890e-01
3.327101695876399923e-01
3.126833743890778949e-01
3.162408968615751381e-01
3.328497493763060699e-01
3.540330278651880880e-01
3.059380306216185064e-01
3.537800701679718607e-01
3.194648823431005535e-01
3.606342348483947968e-01
3.610888131135203127e-01
3.113315309618560067e-01
3.654134255116949781e-01
3.567606365158887405e-01
3.164211780643960692e-01
3.208952069643201677e-01
3.299148991823600552e-01
3.364891098098757305e-01
3.370198216704102245e-01
3.108163458557379188e-01
3.056292996592982480e-01
3.302261281357790623e-01
3.230787945178181797e-01
3.185330295225127784e-01
3.334292262363199311e-01
3.529162358547776601e-01
3.038287606888577241e-01
3.078770826723468135e-01
3.182210469600762481e-01
3.182210469600762481e-01
3.362548965509646881e-01
3.760289210278358607e-01
3.165348597207305881e-01
3.148477534739399508e-01
3.617262372861266284e-01
3.546747341562486722e-01
3.181752995480853219e-01
3.279820997070158617e-01
3.123304526741200737e-01
3.213687943701430960e-01
3.473572547570483726e-01
3.052345785529254618e-01
3.599970954816460456e-01
3.426747471793810673e-01
3.391263576792646339e-01
3.213701342626341662e-01
3.038287606888577241e-01
3.306324167035076811e-01
3.782133897074423934e-01
3.291024725763500580e-01
3.014194646490299667e-01
3.378689364415598528e-01
3.969511978483851178e-01
3.562883031279718282e-01
5.623930942278280165e-01
3.163057193918629717e-01
3.220766275848503390e-01
3.557034621416834685e-01
4.278042991705919840e-01
3.564806697188441231e-01
3.746005171232726361e-01
3.076697154882724328e-01
3.071898354034369172e-01
3.524300072144287421e-01
3.526364043455094688e-01
7.162259610354542172e-01
2.250216502577352118e-01
3.989773549967475796e-01
3.287958842252420855e-01
3.605994751703339718e-01
3.479563997567054479e-01
4.154570207618191735e-01
3.510164878293362545e-01
2.251329183754913754e-01
2.251329183754913754e-01
2.251402511737810863e-01
3.565345681718575244e-01
2.517950407793726475e-01
2.250563939163318927e-01
2.251255662424592185e-01
2.784150630840503404e-01
3.013141672561474027e-01
2.251121908569185814e-01
6.093773464276694973e-01
3.053506720952053888e-01
3.537439121217583193e-01
3.582234260719899255e-01
5.207025354999808009e-01
3.383527409530633356e-01
2.250414096581549450e-01
3.787750027135279862e-01
4.472042342765426559e-01
7.163551340727069006e-01
2.251526403142105059e-01
3.477967769211229854e-01
3.664295818683686590e-01
4.031182781033207929e-01
3.590102451811441608e-01
2.251391129809388048e-01
3.571612156289434847e-01
3.850143376341479406e-01
3.473173537681258360e-01
3.632497350412723924e-01
3.545947477713853879e-01
5.723279650975742205e-01
3.530799733161362752e-01
3.601325223938401932e-01
3.565442172539249333e-01
2.251338806502863887e-01
4.184728473909739010e-01
2.250779955905844176e-01
3.541065461193902975e-01
4.154570207618191735e-01
2.251227685154889302e-01
3.208159446196398590e-01
3.556946278914275283e-01
2.250779955905844176e-01
4.305936460161928214e-01
2.251027551623062950e-01
2.652118761134806268e-01
3.310989159726783759e-01
3.701484888696062736e-01
3.773900210123045662e-01
3.832359065942947951e-01
3.781485897132105256e-01
3.732743360345421868e-01
2.834115243982721632e-01
3.381618800678160563e-01
3.960413198578379701e-01
2.754925535699125350e-01
2.865998621906120092e-01
3.941951505954084389e-01
3.765882081598661557e-01
2.889478758050091911e-01
2.378847280989402069e-01
3.009554086009053053e-01
2.865886033331727645e-01
2.696277854192493662e-01
2.865973072593583360e-01
5.221074366534688149e-01
2.865763946551960761e-01
5.000000000000000000e-01
2.912936296432721561e-01
5.000000000000000000e-01
3.203585971946492084e-01
2.865959022170828652e-01
2.415296004184333545e-01
2.430638898613006471e-01
3.179423368355577262e-01
4.637949427656055668e-01
2.859221743003960148e-01
2.865333678923820959e-01
3.338957175835149394e-01
3.137229121567836065e-01
2.759769477342577937e-01
5.000000000000000000e-01
2.586463963136614863e-01
2.865910590224269860e-01
3.544304134821141261e-01
4.736150968095329539e-01
2.977063294650447167e-01
5.000000000000000000e-01
5.220622294704941879e-01
4.482790416114651455e-01
2.865859365603140585e-01
5.220592060139689350e-01
6.144625645579965267e-01
4.641232041198519176e-01
2.865928908238488115e-01
5.000000000000000000e-01
2.639214139999191411e-01
2.344000509259861753e-01
2.933004649683914056e-01
2.614775178543652379e-01
2.319021885090976343e-01
4.444931379688933926e-01
4.154139988599471200e-01
3.134232084626643045e-01
3.357699727077516072e-01
3.044572671552108756e-01
2.358870936008389541e-01
4.613509657947710840e-01
4.196878706543897275e-01
2.942634895898579850e-01
4.633983269954866091e-01
3.169844364788081403e-01
4.011965593847671152e-01
3.324526428200098582e-01
5.220217291492275091e-01
