8.155513077434819458e-01
3.130316526621999551e-01
6.114193800390302913e-01
8.058390580563863370e-01
6.658507614390013485e-01
7.810949246640129795e-01
7.079896517452960447e-01
6.644243951568322704e-01
5.313338323885604675e-01
6.777514632331639310e-01
6.879677778273504130e-01
6.204641315966615833e-01
5.709247863439533832e-01
4.213560748935749611e-01
7.913087981598593279e-01
5.867933483746987644e-01
3.417125751688661062e-01
7.635304088811214474e-01
6.544726758109313813e-01
6.650806930850288179e-01
7.360561767295232816e-01
5.424994319911213836e-01
6.127158603319940999e-01
4.136383344394915507e-01
6.291077789816298393e-01
6.621701542015796527e-01
9.232716178097534199e-01
4.550373204661319892e-01
6.232843124020283065e-01
5.816686686167594766e-01
5.588624400859069086e-01
8.163572372001917099e-01
1.035695539076762067e-01
5.808279250664309945e-01
7.242318514541100649e-01
7.605296911631694856e-01
8.337323016366164907e-01
7.207273041854969087e-01
5.669881122306630328e-01
5.749720028553081397e-01
7.689944506361328092e-01
6.627653273800451217e-01
4.856603397926696486e-01
7.261420178684493409e-01
3.534933271768391783e-01
6.392351074617348416e-01
5.947718968291196839e-01
6.824922079057411661e-01
5.836013139146715156e-01
6.744583697310481130e-01
6.063387673239838405e-01
5.315949485782233142e-01
7.302053078702561706e-01
3.183183279877486727e-01
5.104095425063256419e-01
6.596064170989638376e-01
7.761978409473873075e-01
7.195831942386317071e-01
4.107530729810068282e-01
6.621588181163244879e-01
6.630039100099094362e-01
6.210903055337175793e-01
8.948027387789123654e-01
8.822253287599614024e-01
6.164317309037580239e-01
8.461986455756037584e-01
5.127320094883734969e-01
4.118248768318148456e-01
8.486983963037101342e-01
4.783167878154963026e-01
5.129975384335830890e-01
7.857835133147228479e-01
7.755007383101542029e-01
6.578440718647312613e-01
6.262572031053320609e-01
7.464450355854167496e-01
3.120691057127834567e-01
6.519978265544295049e-01
6.476512925773079132e-01
4.311495399121747507e-01
6.273104053227241961e-01
7.989810842937250523e-01
6.182850195575113617e-01
4.340331739503208719e-01
7.020645840620504119e-01
7.125263603126212875e-01
5.558561891865970717e-01
6.254739123730849171e-01
8.330774604987374321e-01
6.168659775009230906e-01
7.326649452051969824e-01
7.174007719738187960e-01
6.206514588714563407e-01
4.803585745993740330e-01
6.781856451477715764e-01
6.346175294110837362e-01
5.810069241399210549e-01
6.257110089442703416e-01
6.745017906303087951e-01
6.674883720639426254e-01
6.884966296170703659e-01
7.346248740371689179e-01
5.983312610667790299e-01
6.965531469447975299e-01
6.496472103963621958e-01
6.452391865113096259e-01
6.039589662855605612e-01
4.377673966088213020e-01
6.956824985061345057e-01
5.417651673272496637e-01
7.405759909489681991e-01
6.490742048181196155e-01
7.452882672221984306e-01
5.617916217297872494e-01
5.666036092352199072e-01
5.662174076478384555e-01
4.529206762960968358e-01
7.084415952301242360e-03
1.297565364768382412e-01
4.555719182154194802e-01
8.174164749610570713e-01
4.872183069699851932e-01
8.463783044661690180e-01
4.194330211102236805e-01
6.776688404074709959e-01
5.753708451815970903e-01
8.689757629674651485e-01
6.514081876257795667e-01
6.527391210126700649e-01
8.623821372338861257e-01
4.430415880483530300e-01
9.287007580163851861e-01
6.661148421283421550e-01
6.717845047280460724e-01
5.605439549523939524e-01
6.171832755288862993e-01
6.226080063690289101e-01
4.552085014141835084e-01
6.214703578015842167e-01
6.528781699598261712e-01
6.266317857616328091e-01
6.239540997309094283e-01
6.192696232994860939e-01
6.075203755768470160e-01
7.281479435983800874e-01
6.335043876305529453e-01
6.567493549852155832e-01
6.380249775087392106e-01
6.440810993238992310e-01
6.209135775607436125e-01
8.030848937498491491e-01
7.146881038952962450e-01
6.393827680665716828e-01
6.384242067870855575e-01
6.071646617734091089e-01
4.456526564527770184e-01
5.308617434043182426e-01
6.246561369090812832e-01
7.431617162337271765e-01
2.417885759931470424e-01
5.737194970874593958e-01
8.572994294145541705e-01
5.683867729921185941e-01
6.270230650770795000e-01
8.052305779121909923e-01
7.031165621330265347e-01
4.857413484341029930e-01
2.756901573695620389e-01
6.146319885677544725e-01
5.821406342463137928e-01
4.779179040700974324e-01
7.925053291951413836e-01
5.939767911046004434e-01
4.823415096444188532e-01
4.825841404983208238e-01
4.818229909950244583e-01
5.897736152120004460e-01
8.565237099162599232e-01
1.692314170347163638e-01
8.019031670036098625e-01
5.682170272169202452e-01
4.947930523546227310e-01
1.084217933524005556e-01
8.716908314792602974e-01
5.594939397849141294e-01
7.800360549757913153e-01
8.243875098077780850e-01
8.251241406014918622e-01
9.086184039895157660e-01
6.652928389989577473e-01
