7.345168790087011068e-01
3.282639318881792057e-01
6.690628567301544205e-01
7.405818334122064028e-01
6.708385286947500248e-01
7.809124298062275482e-01
6.830522167052925919e-01
6.600808354892550023e-01
7.018181833880446918e-01
6.358413068046222527e-01
6.595576703894263648e-01
6.818298424894999599e-01
5.646759759662257627e-01
5.700983414159930263e-01
7.175212367595779073e-01
4.664193562885619593e-01
5.615576503523260765e-01
7.117257435363699702e-01
6.931364693362600526e-01
6.822370946959275262e-01
7.108643847432177809e-01
3.030544438648395955e-01
6.321147020898065794e-01
4.772833913447353527e-01
6.132608322566778236e-01
6.758705298056331134e-01
8.100214578971483004e-01
6.843518539251082222e-01
6.448934567958277686e-01
6.291880035257478854e-01
5.396874256196197983e-01
7.178483969283595556e-01
4.179366122879507039e-01
5.832285916863224617e-01
6.870876769903054848e-01
7.268993425442300538e-01
7.556520940978771472e-01
7.350403673230405666e-01
6.586451148675998013e-01
5.512140314176019462e-01
7.374700804148659472e-01
7.475568961906001730e-01
4.468591848235807240e-01
6.994844324940961977e-01
4.852133146888690240e-01
5.496090857848171529e-01
5.745003181812132764e-01
6.553101394221463316e-01
5.334264817887616195e-01
6.911745981007964001e-01
6.451237073321535176e-01
5.472370800171989513e-01
7.264043907253970866e-01
2.977161249665264409e-01
5.179306077211821568e-01
6.290017888291380421e-01
7.363194271470875352e-01
7.302860521881275879e-01
7.181780753836183306e-01
6.889642126329456051e-01
6.862050198839739767e-01
6.739004611352312768e-01
8.365407459983549288e-01
8.744958617457757599e-01
9.091868517620475820e-02
8.634451005224957898e-01
5.638288316204832507e-01
4.314169242776487168e-01
8.565676337854928324e-01
2.973460256726900286e-01
5.847895470965052134e-01
8.605967337833586583e-01
7.749819324233457873e-01
6.414560948071268420e-01
5.544669885521306130e-01
7.022751734610717111e-01
6.326831061408855206e-01
5.948185313724823065e-01
6.173139630568442726e-01
3.943406020067131701e-01
6.269988793768794810e-01
6.701539118021048180e-01
5.776061077479569539e-01
6.129972554380921368e-01
6.522163899700709200e-01
6.713339012692709495e-01
6.268142610842106777e-01
6.298368895659375299e-01
7.608929734676074252e-01
5.879385918761969032e-01
7.050106211855509120e-01
7.600076940141919923e-01
5.356540282134055753e-01
6.332621171415051542e-01
6.255035566793007984e-01
6.290920957625688592e-01
5.509409496932879957e-01
5.889542109653240765e-01
6.304582512810648076e-01
6.534514634545621758e-01
6.481628203971059321e-01
7.389023315608037601e-01
6.180452325511514022e-01
8.900803589395132054e-01
6.759574285777211200e-01
6.010658737006995267e-01
6.105794998279988617e-01
4.869804611076486989e-01
6.551549577292765658e-01
5.494707124118782815e-01
6.846284705696602524e-01
6.146395780584840152e-01
7.001248913757202041e-01
5.343265141333434221e-01
5.506534137672206564e-01
5.242048554249908454e-01
6.158664293010349677e-01
2.933503076429457845e-01
4.320096243963207350e-01
3.735933813083653354e-01
7.686887622413450805e-01
5.000000000000000000e-01
8.106547937809679416e-01
5.839889078178430726e-01
6.880759157289320083e-01
6.173538928243286206e-01
7.660922571384358726e-01
6.766202293495313658e-01
7.067096378794409661e-01
8.290797369506284209e-01
5.817395817947360603e-01
8.106206908764606034e-01
6.887286685450144663e-01
6.695870759191346888e-01
4.723092647881750872e-01
4.758933985612867068e-01
5.965768834564071366e-01
5.289033807021509270e-01
6.416047434710979713e-01
7.946294104687685600e-01
6.068636023350262310e-01
6.295152378499474510e-01
6.631407962427420255e-01
4.712887078763095539e-01
6.983853511313299345e-01
7.055902070608421894e-01
6.581018541746896933e-01
6.897535168089935498e-01
8.183522180295789150e-01
8.224844501793908691e-01
7.418753137260634123e-01
7.866807608025047083e-01
8.019033393119827657e-01
5.000000000000000000e-01
6.016299974108055837e-01
6.895178587266211911e-01
3.720721425737881227e-01
6.619617604712283443e-01
6.810636057354743089e-01
3.872609625345972417e-01
6.628284553808715396e-01
5.949494142494629045e-01
5.884382011168868276e-01
6.348710474999174069e-01
6.601109757029575142e-01
6.795194665124910660e-01
4.584511356627680168e-01
5.773978201945605404e-01
3.513109197012511120e-01
1.489348955054007884e-01
5.000000000000000000e-01
7.535745185663810242e-01
5.076264289301378740e-01
3.621978650977576986e-01
7.893952532725956317e-01
3.738244545883115943e-01
8.240028492573072683e-01
8.436067819681988267e-01
3.474297845508457772e-01
8.861793395362250747e-01
6.483377400129942680e-01
5.000000000000000000e-01
2.547438014835121112e-01
8.202218618341678980e-01
5.251597566174598386e-01
6.505637733438527359e-01
7.655518760392939770e-01
8.353714303225133753e-01
9.312989484079711167e-01
8.455128599974014447e-01
