7.425750594740487820e-01
4.699469165314992258e-01
6.426138118822093404e-01
6.985456778274760081e-01
6.940596444882052296e-01
7.666208166502244126e-01
6.473741695849226652e-01
6.201003149802344350e-01
7.201468289130245060e-01
6.328756631761982554e-01
6.992380208811916908e-01
5.856969369044431328e-01
4.619684935643058044e-01
3.842104764321205845e-01
7.614485535067821997e-01
5.889009299593794822e-01
5.596549266388949340e-01
6.513602975561264552e-01
6.634709310433752893e-01
6.913153529204977277e-01
7.069593588062174083e-01
1.129078295519564262e-01
6.645167996232592689e-01
5.479973072098804909e-01
6.515438116685328129e-01
7.355947682816657007e-01
7.703832659077157752e-01
6.842470941221751035e-01
6.119730009089026090e-01
6.441756818097231774e-01
5.260129483343913837e-01
6.921475628492420595e-01
6.343736965573321118e-01
5.823397023481904355e-01
6.759754870484979694e-01
7.106437013453840157e-01
6.971270699282393624e-01
7.256054455909320966e-01
4.801788495795881184e-01
4.872461814425388948e-01
6.753954235605087453e-01
6.752274771012325427e-01
5.000000000000000000e-01
6.986371869926167877e-01
5.356892942134471314e-01
6.315656557284209383e-01
5.377846377101259678e-01
6.450790746204797532e-01
5.355992631865068576e-01
5.674100467138174508e-01
5.050855594994675402e-01
5.148016710229023074e-01
7.212218299506835129e-01
3.045394234532740052e-01
4.935275119897342133e-01
6.769409738415571587e-01
7.186778447332051734e-01
4.910284354468147372e-01
6.583252194025204229e-01
5.000000000000000000e-01
6.650124625400026801e-01
5.433769734008504493e-01
7.773916872135920864e-01
7.240089089380504772e-01
6.746113014530767948e-01
6.529607522818432486e-01
6.303233112400179472e-01
5.999933262983832005e-01
7.091341237305820444e-01
3.555407539606150191e-01
3.703837421764923921e-01
7.401777685960946318e-01
6.830491532942197797e-01
5.865656918652792928e-01
5.528762360281637145e-01
6.749815320631823434e-01
6.211026645248216571e-01
5.159614798739103891e-01
5.923867992667665172e-01
5.219160087972364304e-01
6.001182366116687428e-01
6.789605018021607208e-01
5.221712039951554862e-01
6.472244204925503563e-01
6.571357508077364518e-01
6.606719042009603360e-01
6.764166449895485655e-01
5.575373010760550363e-01
7.722249738578432776e-01
5.487471028411173846e-01
7.312891312789596698e-01
7.490454866681460766e-01
5.225879972441415111e-01
6.360968416742828202e-01
6.328238106973176347e-01
6.729977503084338952e-01
2.578471636487975061e-01
4.757652920330013302e-01
5.162818120746435202e-01
6.747224353249217099e-01
8.052125858647918299e-01
7.012828987400133718e-01
6.757350934613456372e-01
7.459709437645619667e-01
7.042895819794198209e-01
6.855307268370780527e-01
6.641868455292438966e-01
4.374209515137054693e-01
7.383216104944163583e-01
4.539816387696692379e-01
7.059092187610076508e-01
5.782414087210825393e-01
7.026355952722598275e-01
5.089284013193565714e-01
7.137806828200986553e-01
6.824802633168955968e-01
5.812375819915269748e-01
4.718380057656771376e-01
4.794678700138940708e-01
4.285466363849256277e-01
7.099545403186908743e-01
4.712329265201886108e-01
7.750172583901148160e-01
5.351677595224144657e-01
6.911232605258470496e-01
7.530336443535677882e-01
6.718997696971531486e-01
6.364112332122532356e-01
6.495457053247760681e-01
7.122218443607203353e-01
5.431661832726145667e-01
7.482469064244691159e-01
7.762319767098410095e-01
6.317558541758047097e-01
4.587583502364950827e-01
5.425374666663634882e-01
5.809481408240533273e-01
5.664188693696541321e-01
6.680665082769562391e-01
7.772073414652316270e-01
5.833362758251060542e-01
5.817779056183853825e-01
6.900759758985223202e-01
5.670205553700290446e-01
7.258272698558213554e-01
7.002821476478096052e-01
7.154926808556335560e-01
6.296997331647534724e-01
7.203843602065787000e-01
7.904850959510714148e-01
7.039046624867444368e-01
7.371744341742755280e-01
7.825714982294508237e-01
4.803659157844771266e-01
6.492889146960090230e-01
6.878028050773012936e-01
4.162604638510891131e-01
5.900040305090563653e-01
6.939897410483687468e-01
4.875778575270149906e-01
6.475765749831935425e-01
5.374645512386151402e-01
7.083654302573726413e-01
6.268789883484955361e-01
6.312665608570072751e-01
6.246456013570496069e-01
5.287760314396188210e-01
6.724251376476402253e-01
3.406634671456437724e-01
2.259296582747452597e-01
6.539527221653209654e-01
7.637772150001611582e-01
4.740598064014937552e-01
3.016064398810877623e-01
8.273563410213965463e-01
3.907280322292427388e-01
8.332101524642204771e-01
8.795196341031490395e-01
4.512269124938336207e-01
8.832732821944263568e-01
5.841302941525102765e-01
5.180097898411573087e-01
2.656866664650359144e-01
8.050237589360813573e-01
6.215632826731753990e-01
6.678148341087998263e-01
7.474199256135303227e-01
7.351148222238516050e-01
9.117264643886946462e-01
8.400932964089778965e-01
