7.882200697559976765e-01
3.573739738826698376e-01
5.704078952493280008e-01
7.001007466368801557e-01
6.264750614099798831e-01
8.103993595306767661e-01
6.911070546701874040e-01
6.498916782511926504e-01
6.309312006338519963e-01
6.660323084061232635e-01
7.088477544987444867e-01
6.053760213783109245e-01
4.608713362999227181e-01
3.440528274358295446e-01
8.206181231830866896e-01
5.555972485528923865e-01
3.025463385422686446e-01
7.060438112698790292e-01
6.116420129347578394e-01
7.053530329369542828e-01
7.700146960298619447e-01
1.717464888755665386e-01
5.994876898262965215e-01
6.420864578264474654e-01
5.606957569159418675e-01
7.408500845945612534e-01
8.976715719084816802e-01
6.079238279045414695e-01
6.459992379288393982e-01
5.779227190097860900e-01
5.000000000000000000e-01
7.470461416420887124e-01
6.529380406623059852e-01
5.831806545015364440e-01
7.060685074951681406e-01
7.794635131301582698e-01
7.437429352399764770e-01
7.758826560525536875e-01
5.532774558620162653e-01
5.923560639974806419e-01
7.543577021398978344e-01
6.247845782873939768e-01
4.690154458517172276e-01
7.144946184086030661e-01
4.010296693611849483e-01
6.787631005868862699e-01
6.161586062126950258e-01
6.878759716272038194e-01
5.765261280365773233e-01
6.635029021143342698e-01
5.769198751464628128e-01
5.495377249901716166e-01
7.238731544698683296e-01
3.042910645079390797e-01
5.211000501377422989e-01
7.020983854607916186e-01
7.594406569948862762e-01
6.828132081892429595e-01
3.040784909497776245e-01
6.509418453146842420e-01
6.899536385390105941e-01
5.906513698688374836e-01
9.178335024107774354e-01
8.583834740132636476e-01
7.468234633136635603e-01
8.405481205264109246e-01
5.799459903715226128e-01
3.855916947053742994e-01
8.589503911706235506e-01
5.256545391639657616e-01
5.357975890796480289e-01
7.288513117045951617e-01
7.741151748962177281e-01
5.957066741204515292e-01
4.780159653138362774e-01
7.055213788365528593e-01
3.711473778723151651e-01
6.422710745679429678e-01
6.450194305344644219e-01
2.549398900322387140e-01
6.669007915967323230e-01
7.765599335944027848e-01
5.799416411781347369e-01
4.182309019861925048e-01
6.931348536458366016e-01
7.425901159445232880e-01
6.830448927436628681e-01
6.772782808821190548e-01
8.976104234865365239e-01
5.925243379963675006e-01
7.754306164493303122e-01
7.824849792989472252e-01
5.917599063479493937e-01
2.784999848008977708e-01
5.439326940826962886e-01
6.446528037959006197e-01
5.761396311292570349e-01
6.387432545608778822e-01
6.974315863430921025e-01
6.754012325909081182e-01
7.386564006786616732e-01
6.929086592238087317e-01
6.321618999411854345e-01
6.280508879006260203e-01
6.860378513463715189e-01
6.731810218560377868e-01
7.752918147139827854e-01
2.676381938044419262e-01
6.975996551319271211e-01
5.506864983401262847e-01
8.371445801751188354e-01
7.181451019295480576e-01
8.390157027662616951e-01
5.465472983682487795e-01
6.185434924491420849e-01
6.174444645773908835e-01
4.286066354187119676e-01
6.327978598478462002e-02
2.401358183002096081e-01
5.361576030054684416e-01
8.169581762797917257e-01
5.136827391300640144e-01
8.311956726354934322e-01
4.265301313619101475e-01
7.731355365479921637e-01
6.280019668107531539e-01
8.349346265678223578e-01
6.885501064370134205e-01
7.514241411116998615e-01
8.189099483236680355e-01
5.629019995036514956e-01
9.056245663164612658e-01
6.948670863527427466e-01
6.553688735206256721e-01
5.237741558883838300e-01
6.191483549657238461e-01
6.128998848246948183e-01
4.486731921761062947e-01
6.246226951460082111e-01
6.686290768094856896e-01
6.340645769257817754e-01
6.276959880836162631e-01
6.234155162870114175e-01
6.094683593710983338e-01
7.510720739813444569e-01
6.456625125536883392e-01
6.858072341854272169e-01
5.897219819540090446e-01
6.490001002083292114e-01
6.248144743614844066e-01
8.341303387721493712e-01
7.152940337421861416e-01
7.298811548819877926e-01
5.797080236943019660e-01
6.204606969255033189e-01
4.206727637846810475e-01
6.199411609919273092e-01
5.427198691222677729e-01
7.516780914001346403e-01
2.720679005164565178e-01
5.442273559034525032e-01
7.619709367440345993e-01
5.910584186939755735e-01
3.525321874431209812e-01
6.613020783441683204e-01
7.085308238970838834e-01
4.657388336512421345e-01
3.724383560440270857e-01
5.497502348103472380e-01
2.677882552893145474e-01
6.253043538587652606e-01
6.765649753159534985e-01
5.102222171048300670e-01
1.591709864436787747e-01
7.632133205931173059e-01
4.446631000930229005e-01
7.662502628641790769e-01
7.789751480693435370e-01
3.229138506749586468e-01
9.099990883529529562e-01
5.668310030806579247e-01
4.479859021901027027e-01
2.138295463924577144e-01
8.083129552866553658e-01
4.066307943612557096e-01
7.443716936177562360e-01
7.861388200858143716e-01
8.213186140282786596e-01
9.106360881369631732e-01
8.572201498980339673e-01
