6.679225892255874486e-01
5.841661229994719040e-01
6.352345044307852184e-01
6.806203873245115776e-01
5.060534401102021462e-01
6.529018883913108029e-01
6.566832701053609833e-01
6.157312360871718404e-01
5.000000000000000000e-01
6.679000451509645719e-01
6.102328004271129203e-01
6.474520880401211098e-01
5.959301811821282602e-01
6.641798738092886678e-01
7.063861598140688258e-01
4.091558885806587664e-01
6.551131558112749387e-01
6.551596763575450177e-01
8.183564963616699606e-01
6.213492446572537187e-01
7.269261631777336197e-01
4.100668755246212327e-01
3.897699602071350578e-01
6.010734475475631999e-01
7.268968342914409186e-01
7.814185612581227014e-01
6.381681098429440313e-01
5.000000000000000000e-01
7.269261631777336197e-01
8.410563007527741552e-01
5.897517207292536368e-01
4.345923482461779286e-01
5.758203973161151179e-01
6.562000964314668172e-01
8.083206276569172566e-01
8.281595262016654413e-01
6.864306135926760977e-01
4.836309897830819993e-01
7.200582632333285549e-01
6.663828820629228433e-01
3.847234049359979369e-01
7.557382358803467204e-01
7.319811695477472790e-01
7.621887968135117042e-01
5.957398114580894077e-01
6.106148016966135295e-01
7.320541895103743757e-01
7.073945850721131690e-01
2.356017791011128792e-01
5.964750252250752283e-01
6.160852126670386397e-01
7.452811055430899057e-01
7.926543059427372251e-01
7.891901271626327041e-01
6.061468664031294251e-01
3.824375021035364419e-01
6.615433821765190903e-01
3.288156878543265771e-01
5.722773314229803177e-01
6.673050756972168651e-01
5.634981446506075464e-01
6.961273084944764600e-01
6.732089284070038593e-01
5.187556754592171915e-01
5.244686780734503229e-01
6.644025202948972142e-01
6.907665045354647315e-01
6.707041036270572354e-01
6.011600738022849777e-01
6.482217834719904426e-01
6.722072758455581720e-01
6.763584712052840286e-01
2.953364318568676983e-01
6.404913201679484080e-01
4.255798075366836186e-01
7.397840366418134694e-01
6.404913201679484080e-01
6.352289506190781365e-01
8.690355223580007449e-01
7.397750937277685068e-01
7.689996134112774273e-01
7.483500651773741241e-01
4.710785439275206321e-01
7.397750937277685068e-01
7.488533928636417203e-01
3.511496623386269889e-01
6.475539103741083657e-01
6.118845281893514620e-01
8.099348350585701128e-01
6.775440602133369072e-01
6.815613159300479840e-01
4.092210449872091815e-01
4.120082597970889937e-01
6.877674201896776252e-01
9.140233193232157882e-01
7.716570922335576066e-01
2.743509386401156713e-01
7.538179283604651282e-01
4.771741494833956487e-01
4.584370984276177619e-01
8.262977555961393827e-01
4.772304801853741729e-01
6.788964630744285245e-01
6.877740519525905594e-01
5.638046900250969218e-01
6.877171466068328076e-01
5.946178028985334985e-01
7.424124095188550099e-01
6.026223606051518411e-01
7.410080236436739076e-01
7.197762375224038278e-01
6.127643573576702085e-01
7.133448116639871106e-01
3.132465376845051108e-01
5.307416663704170867e-01
6.540840168378402320e-01
7.169650853607749674e-01
6.851036439910846987e-01
6.918795227101226519e-01
7.532547895278579597e-01
5.641755898390891089e-01
7.331154561261551406e-01
6.697863520418546601e-01
6.173600071440130677e-01
7.078813731654206576e-01
7.353399315428313932e-01
6.291393933465494470e-01
7.144437710033245681e-01
5.343524074905915411e-01
3.904201965406637331e-01
6.973917934639686234e-01
4.486780850953467348e-01
7.191952723647819790e-01
5.839243035574006591e-01
6.845102936013773842e-01
7.549024061030503718e-01
6.811448759871239211e-01
5.000000000000000000e-01
6.510545003228662697e-01
5.992229378441387144e-01
7.095894265049477179e-01
6.844070937861400639e-01
6.820926949148905516e-01
7.389441443717547076e-01
7.225106903066956798e-01
5.913335889259133671e-01
4.431422964103057804e-01
7.376945115108457518e-01
4.244842019748432671e-01
6.590588667656250843e-01
8.034392306686782836e-01
2.972508491795520236e-01
6.534296484797698090e-01
5.205195271408357138e-01
3.330649444621188726e-01
7.377188778814322001e-01
6.804870329405933171e-01
5.000000000000000000e-01
3.660883395258301420e-01
8.334496532031915317e-01
6.396612406095685266e-01
7.376945115108457518e-01
4.893537347706565788e-01
4.904734742485315491e-01
5.912360997919700045e-01
6.783738364284725986e-01
3.647223481344860629e-01
6.401663071892109702e-01
5.326774670060263617e-01
5.201404356761026859e-01
6.659007649716884858e-01
6.783452540200318737e-01
4.903609605802039528e-01
6.636948259580945919e-01
5.201404090110985923e-01
4.770071695626111330e-01
5.530611399803637696e-01
6.659007649716884858e-01
6.480305982513479002e-01
7.598577177907671620e-01
