7.581487679639339339e-01
2.299795148427930813e-01
6.556666717165673397e-01
7.443699768820836171e-01
3.815015465333743694e-01
7.320979775393015032e-01
7.297058790664684436e-01
6.393727002358219336e-01
5.000000000000000000e-01
7.274065947119695563e-01
6.567463126791328598e-01
6.659646230411379042e-01
6.310226848463430516e-01
7.411288360847837486e-01
8.019903264636626394e-01
3.597826895153745097e-01
3.502691636575979151e-01
7.279446108504875612e-01
7.293376111633940173e-01
7.216300475790899949e-01
2.408925458259251196e-01
4.204052150990323922e-01
4.323700811680847855e-01
3.527187461703564786e-01
7.725452015224717472e-01
5.919584063821261566e-01
6.494402361242056498e-01
3.151607126195942743e-01
6.266176145023107935e-01
3.697245858393723439e-01
6.979520963784122678e-01
8.206787519829495947e-01
1.518381528259883095e-01
8.231568605138346317e-01
6.852579687892232929e-01
7.061574775680912186e-01
7.547641881466617964e-01
8.847359447429117285e-01
7.003060470166959650e-01
5.966815575501646096e-01
7.106270369901552808e-01
4.908586190488360423e-01
4.151268619906036683e-01
4.860799368957423039e-01
1.935794020773968227e-01
6.737423219751800252e-01
6.663171948699847524e-01
6.808766382762720948e-01
7.902249788472545111e-01
8.699596440534238528e-01
7.785007969763503288e-01
5.772348752528374538e-01
6.561752420921710405e-01
4.224496737081493980e-01
2.095822919654767302e-01
7.185644799909580716e-01
8.227476080575267803e-01
7.770533442257748780e-01
3.575623766331195164e-01
8.928687868024351992e-01
7.151507176834449586e-01
7.361065369065260544e-01
8.645794480527504433e-01
8.881864495916687030e-01
8.211400553744139241e-01
6.183612545259513649e-01
5.776166041169069620e-01
8.036668768464054757e-01
4.203944185203884465e-01
4.311882180286353283e-01
7.811777856857362590e-01
8.855924977256594000e-01
8.092822727446331577e-01
6.627828049594434168e-01
8.595516595588532649e-01
7.938823690555079082e-01
5.000000000000000000e-01
5.804086687249918608e-01
4.904333375893688007e-01
4.457565704026980602e-01
8.490485472482496299e-01
8.010573111066767726e-01
3.588578975340308008e-01
5.437569642050500418e-01
2.107651183086419744e-01
5.580497532017354434e-01
8.013449517123264476e-01
7.039613081917401871e-01
6.780245039773098448e-01
8.003116860603063376e-01
6.704258266212616002e-01
7.747134937264382737e-01
7.366820524990780328e-01
6.461602463060606150e-01
7.002590843673931476e-01
5.203212079473122920e-01
3.373126763784801141e-01
8.695778811589851554e-01
7.747236277440406882e-01
7.443775213550440917e-01
7.430824227297856410e-01
7.743112059607079045e-01
7.099118441704872495e-01
6.600990829142041605e-01
8.284271934538021132e-01
4.553826764875711364e-01
3.938127905239465765e-01
8.011629429622995069e-01
4.563181682732728173e-01
7.347830107805087829e-01
4.513683737160091303e-01
5.912190279979463448e-01
3.425068157465840923e-01
5.762273464368316001e-01
7.087156369722489302e-01
6.688318166894410277e-01
5.588988519539029864e-01
7.100631535119276139e-01
3.675218553137321043e-01
4.355976039269700006e-01
7.292007328201370875e-01
6.986624958023206489e-01
7.415867867702286009e-01
6.746069698696667283e-01
7.856817711816906913e-01
7.174726104812954031e-01
6.548623787919468642e-01
7.654417039359907582e-01
7.867245840750043406e-01
5.542274477024423662e-01
6.533726873672797142e-01
7.064371994174609704e-01
8.127573199673328030e-01
7.478841542309875301e-01
5.915822454747402537e-01
3.784940313130183420e-01
5.617931923373205017e-01
3.346992368378188254e-01
7.012901502386076347e-01
7.091329352830750832e-01
8.075935948512560358e-01
8.135260759969635824e-01
3.955127939321125274e-01
7.985333092504374175e-01
7.163728917059751788e-01
6.409511676113638368e-01
8.885767797851883421e-01
8.723466327203355242e-01
8.013593121641443551e-01
9.186967789827041875e-01
8.776905085806614437e-01
7.397509589234877447e-01
6.400383891863479224e-01
6.490598562893139523e-01
4.596793170736064860e-01
4.811112894602631584e-01
8.391280069818423115e-01
8.602183660769745499e-01
1.685390384718850609e-01
5.050477876875167915e-01
8.375212330238652747e-01
3.380713168774532873e-01
3.919739139950345619e-01
8.744640241376998580e-01
7.219890203643920534e-01
2.540853128877160194e-01
1.751300949745781266e-01
7.419819172200158297e-01
5.985340531372072004e-01
3.849350295101367503e-01
6.515967046733989188e-01
6.359933011485479071e-01
4.448042566227634609e-01
7.191004689353421853e-01
5.313872654664222317e-01
7.136631410730971403e-01
8.036577662907923303e-01
2.512632521006439856e-01
8.243049686021221012e-01
6.451506520409410195e-01
6.315918103745745693e-01
2.512633662448302552e-01
8.337728656167090469e-01
4.424529741295301077e-01
6.967539365844914734e-01
4.584400345040466895e-01
8.511557440631958293e-01
9.029564019463145463e-01
7.215014099380210322e-01
