7.478632023230959991e-01
2.301694396439459833e-01
6.057790020327034064e-01
6.923682236787095379e-01
5.000000000000000000e-01
7.177232180047550258e-01
7.225792774554118392e-01
6.977282723781440543e-01
6.519815772258243936e-01
7.048828287594166575e-01
7.038402011931751412e-01
6.634128909666533458e-01
6.589652603534708053e-01
7.125281657809339197e-01
7.058259635753162398e-01
6.028323333226621727e-01
4.496985659993996132e-01
7.040327441670793940e-01
7.016542612335908702e-01
6.186330444906600334e-01
5.151705182850115916e-01
5.201258098452811174e-01
6.213969443725637642e-01
3.805392259639751029e-01
7.342583818725578748e-01
5.505346339450498672e-01
6.562644811503062225e-01
3.440077286181674188e-01
8.175690069255044934e-01
5.193751844191069056e-01
6.781192248004723755e-01
7.116054648367693414e-01
2.894223432242367111e-01
7.041148248639937934e-01
6.842476319371948446e-01
7.059444072905988188e-01
7.373944653232284985e-01
7.384614679003596027e-01
6.705158110169725516e-01
7.782844191707908310e-01
7.106217565427433991e-01
5.182394110803516529e-01
5.706163125777148348e-01
1.349278450251188977e-01
6.469840804599817918e-01
6.610261454255467184e-01
6.756973058902508988e-01
8.623581994900293424e-01
8.211194184848726874e-01
7.156790968711331802e-01
5.000000000000000000e-01
8.083101576848743530e-01
6.727138876495838415e-01
1.916435277453673869e-01
8.083826565543578146e-01
8.088394660892074262e-01
8.070421265367881958e-01
4.015136003211969840e-01
8.446794772194106127e-01
7.100607276212228536e-01
8.526946666631536331e-01
8.130379817222380678e-01
7.707000773669396843e-01
8.264499028133571734e-01
4.556631747455293091e-01
7.758181747008079387e-01
3.554859631673967235e-01
5.000000000000000000e-01
8.130379817222380678e-01
8.851656989179216284e-01
7.056353196852910292e-01
6.354966885371711172e-01
8.681977484254682631e-01
8.799476437797347783e-01
6.473975794297669450e-01
6.910025301801298037e-01
6.392140029741496532e-01
1.878208725695871065e-02
7.173943176548943645e-01
5.799938503464227013e-01
5.978279813349449689e-01
6.922240697335534376e-01
4.860571935290674550e-01
6.722757281404382335e-01
6.580632843718388081e-01
6.128063024558517702e-01
6.717676885486538740e-01
6.996367348114800322e-01
7.754591862402412383e-01
6.596551957241552078e-01
6.646147489263889430e-01
7.274199806430646786e-01
5.135999840007998696e-01
6.230432298864270191e-01
3.967670824520467820e-01
7.874956150838924307e-01
7.815952664224024016e-01
6.574606718441172726e-01
7.145207338257517637e-01
7.095215396461438395e-01
7.938793145833502596e-01
7.200083019210026247e-01
7.645230707403624093e-01
7.649356557292211756e-01
5.000000000000000000e-01
6.645038153744402543e-01
4.452961078944747131e-01
5.332568557308230428e-01
5.240738649951506289e-01
7.846146401202651610e-01
5.127877332204274774e-01
7.097952088530087300e-01
6.135877041180420877e-01
6.218752893494352563e-01
6.330781259039022224e-01
5.741070739359251940e-01
7.129899295032415818e-01
6.458711825553066221e-01
7.044825182154994536e-01
6.166665295902233890e-01
7.327609485671946477e-01
7.342003461122939001e-01
7.494879058308085984e-01
6.519038240640715465e-01
7.326701112427964624e-01
7.492596752679034910e-01
7.098203835426318831e-01
7.375126812402628129e-01
4.089655476538914258e-01
3.647595057077356873e-01
7.789471595296613149e-01
7.289516696976223731e-01
3.551099049635526583e-01
5.442951847029821044e-01
5.839287005887866533e-01
7.703901709728661062e-01
3.541476817872881155e-01
7.447555003341359559e-01
7.599550119039110152e-01
6.997678616879769997e-01
7.775357542342733463e-01
7.708993270833227607e-01
7.512494724724730899e-01
7.776104263513107240e-01
7.223728814845278290e-01
7.453747745174783557e-01
6.473344582108507828e-01
6.619444418506488237e-01
6.473832851633364305e-01
6.589976793165190916e-01
6.054107638458361418e-01
6.556894517655051935e-01
6.589785422540890281e-01
5.736558056518036297e-01
6.475697470425872959e-01
6.571992671977727740e-01
6.462431401118993168e-01
6.477763947433120562e-01
6.593788990151787655e-01
6.589356418882382771e-01
6.433484648300389352e-01
6.446011092007937204e-01
6.289352200020740247e-01
6.560752268266250020e-01
5.928183365128238957e-01
2.727169305361404894e-01
7.900001904753221060e-01
5.132110211912912501e-01
5.566563548023556462e-01
8.665720213741336941e-01
1.169041510479598700e-01
8.317445580277115225e-01
6.661499286412011500e-01
8.025919671356874785e-01
3.373998766825279105e-01
8.619878989547525849e-01
7.930393419204435634e-01
7.934780722507726036e-01
3.279202163049452778e-01
8.317641089983051073e-01
8.806919417617855572e-01
4.925228775156508254e-01
