6.970320486173516850e-01
6.528354777963104594e-01
5.956865045475207010e-01
7.027194447874339778e-01
7.161935350919729215e-01
7.235717289400218633e-01
7.561482970982011942e-01
6.971828697970401389e-01
7.510041366372416372e-01
5.332650389196120777e-01
7.788443013929092773e-01
6.706817477449030784e-01
5.873713025252871311e-01
6.382301709174726945e-01
7.411553884239341361e-01
7.315309386386334989e-01
7.981404679542331015e-01
5.892222843916984365e-01
9.237188778428537805e-01
5.820770040627040176e-01
7.544924098811760516e-01
7.315193557735315544e-01
7.866467172085059856e-01
8.327908267755933513e-01
8.317159850348979644e-01
7.379512937657166649e-01
7.509258504741391782e-01
8.201723600445107731e-01
8.108545747622331046e-01
3.854732875608063991e-01
7.780067776279300240e-01
5.488415632925094378e-01
7.609726182682978735e-01
6.295084935495742773e-01
7.477992733568961103e-01
7.724603353563910257e-01
7.463302319290956444e-01
6.885792097072289675e-01
2.762932009561521185e-01
3.817163504832652987e-01
3.757890627382627358e-01
8.174557014582398695e-01
4.554157386445280564e-01
8.347652210509747261e-01
6.675833662124562862e-01
8.008406482623001699e-01
8.322351750546407301e-01
6.948535173119074759e-01
6.491314740796541027e-01
7.238693222272989392e-01
7.067602864613061753e-01
7.322377722654442866e-01
7.868738641871226847e-01
7.083721986843152241e-01
6.521457567651121057e-01
7.479503791693973280e-01
7.987954432381112468e-01
7.284826369175979588e-01
4.678278174448431415e-01
7.622355633648264517e-01
8.015111971498628529e-01
7.681439647259886705e-01
7.126474989995417175e-01
8.481439092739632146e-01
4.328305151876042367e-01
6.948605408981528564e-01
5.051272945084016586e-01
7.098537653896571653e-01
6.332807910303732690e-01
7.423114099658808529e-01
6.610836277001161942e-01
6.153037877331101191e-01
5.144035156084042493e-01
6.736885100111971170e-01
4.451102178156945421e-01
2.105262526393477940e-01
6.463399300377775658e-01
5.833525706968152313e-01
7.580267590262845800e-01
7.223708562726852689e-01
5.843537390432756995e-01
5.794393711071099684e-01
7.486146760562156777e-01
6.943074273002479702e-01
6.465668695744039018e-01
5.738336655389708607e-01
6.821686294430403530e-01
7.884437590695302367e-01
5.447911387761250612e-01
7.669282856039463248e-01
8.250878998422676025e-01
2.834734289854544120e-01
6.321516427714992670e-01
7.654631661326454228e-01
4.202238509242396947e-01
4.420558007918674592e-01
7.501226830472168539e-01
6.644345190465170692e-01
7.925997003102707161e-01
7.316838248567745229e-01
6.327910324398742237e-01
8.025680149843689160e-01
7.252286265630997208e-01
7.095668068131887329e-01
6.370138811014606217e-01
2.848261944788606503e-01
1.875353121463012862e-01
4.497651325212947970e-01
5.152249390106795612e-01
5.198162132156700643e-01
8.889001990765327266e-01
7.146024944732076722e-01
5.797412466846361134e-01
7.234674545582799876e-01
6.613546177243958546e-01
6.395019757670555860e-01
5.837309377421237011e-01
6.223385096031586183e-01
6.896869012626447581e-01
6.890463328986388136e-01
1.347868040453652216e-01
7.719239332771101747e-01
7.775619115293112005e-01
7.275320518430838934e-01
5.756911588400216440e-01
6.366063360126994475e-01
6.005479484614466568e-01
6.657052232831287553e-01
1.817446085583973858e-01
7.892688651626221796e-01
