4.820038647733974196e-02
3.740631578501159571e-01
5.844736837523549777e-01
1.903750812570561279e-01
7.808754521801244408e-01
4.209475780813017876e-01
7.912074595061353577e-01
6.581700959959083663e-01
5.596949089389913201e-01
4.376899856780409048e-01
8.557652322222981667e-01
5.000000000000000000e-01
6.725699794055000069e-01
5.343469589475117187e-01
5.476962372291996894e-01
8.039193109705941032e-01
7.987225395448652732e-01
6.312910042128792032e-01
8.145155985681318267e-01
6.142499128275278331e-01
7.632631301557060155e-01
7.383384919720876738e-01
7.527741810233414821e-01
7.666868146347478596e-01
4.356968729746055202e-01
7.957774516800508735e-01
7.494655821083051617e-01
7.873310194006709617e-01
8.143596474838821209e-01
3.566386417162384359e-01
7.813512629639720597e-01
5.933168824797742102e-01
7.761849375804784623e-01
5.908305892949531346e-01
7.540578847332285450e-01
7.861591071700316791e-01
7.630872517376130482e-01
6.957267629662300390e-01
2.900834720008159118e-01
4.185365080168960694e-01
3.561963725378962109e-01
8.417012719221960149e-01
4.070052650125431382e-01
8.154786039718084911e-01
6.498335916838374748e-01
8.100632732816356318e-01
8.085133540216303816e-01
7.170362181680121072e-01
6.942544106159996842e-01
7.339172556194821784e-01
6.683728756573428242e-01
7.242513016152748451e-01
7.860556924460952999e-01
7.413396432350302101e-01
6.543028509273409732e-01
7.248327919037891309e-01
7.970760550015673074e-01
7.573091486365655101e-01
5.157899668694063688e-01
7.706209152519145622e-01
8.434145598074000993e-01
7.775338916104369558e-01
7.343387973087467380e-01
8.481706875685802727e-01
3.629372605215195335e-01
6.906569099227840569e-01
4.871838242046237499e-01
7.272704620086036797e-01
6.113559147613650824e-01
7.143066419376608023e-01
7.038569794599628393e-01
6.033648917298621850e-01
5.092274362652239317e-01
6.506132569499522011e-01
4.266502017796476864e-01
1.941981166183908702e-01
6.367257044244222230e-01
6.329604172589612388e-01
7.280610013370844014e-01
7.750255362435547468e-01
5.320721828740296866e-01
5.712321374284504705e-01
7.467086494413289754e-01
7.537624809160591299e-01
6.552061488592008098e-01
5.331947343817111662e-01
6.519980266967586591e-01
7.304814163027789631e-01
5.382991137537440629e-01
7.666338350397229329e-01
8.190236042623609825e-01
2.709633379769647576e-01
6.738881500437337024e-01
7.356808304642223906e-01
4.175465174377902544e-01
3.857069510534000822e-01
7.545536965890735637e-01
6.778011140139040824e-01
7.726825049067885809e-01
7.228975793129304162e-01
6.163550978360339272e-01
8.012337952413943754e-01
7.464106557801100106e-01
6.777956148795196700e-01
5.559777355668297227e-01
2.121182248280788218e-01
1.212578069237813250e-01
3.812780825225170478e-01
6.011718884872190305e-01
5.263400050252963203e-01
8.692307086467678801e-01
7.513862961579267363e-01
5.731291998130534360e-01
7.262465864604554788e-01
6.963024043036359911e-01
6.472975879775717534e-01
6.062685216532763821e-01
6.641469298228355189e-01
7.131949036539417808e-01
6.892853522246448206e-01
1.529743977129463528e-01
7.617009761320464589e-01
7.850436849960773511e-01
7.191699499037605969e-01
5.879075420372529281e-01
6.709312974385491790e-01
6.018476848437166460e-01
6.459790885176761588e-01
1.556357683140254244e-01
7.834290790242468550e-01
