7.118456455587406362e-01
6.193325402377301003e-01
5.662625616221256264e-01
7.144226053841911117e-01
6.966654068161671765e-01
7.181857323716881458e-01
7.590991518373005897e-01
6.327402572863890517e-01
7.427730305939165278e-01
5.469441358683290177e-01
7.824328325119735972e-01
6.722153631404393925e-01
5.714888346660155216e-01
5.683657315733542381e-01
5.733849941518577298e-01
8.138827608660088586e-01
8.033059652006344642e-01
6.470450805618143120e-01
8.289519581301588724e-01
6.480221010905913293e-01
7.860127154532209337e-01
7.745412321530652511e-01
7.972918102572187360e-01
7.887364101080756029e-01
4.685178409604662808e-01
8.142216807397391065e-01
7.370109286102897173e-01
8.255127421074553995e-01
8.024570294866150144e-01
4.312649288396586678e-01
7.804811682837050624e-01
5.545355276248250531e-01
7.532768177487914052e-01
5.457707662577986341e-01
7.447439988880992789e-01
7.877876528272171885e-01
7.552401722422527053e-01
6.463781358302012059e-01
2.573170256535768918e-01
3.542800724040372495e-01
4.081630664175077694e-01
8.138289457195456711e-01
4.779017812804282617e-01
8.359237466106719250e-01
6.896695939548416199e-01
8.037347890944420703e-01
8.263781014632581856e-01
7.041090762533698255e-01
6.173389442077208411e-01
7.037644439970525134e-01
7.165066961167214643e-01
7.389257943823083208e-01
7.524222137354671380e-01
6.857378275219855324e-01
6.325221181576371476e-01
7.596689842029354933e-01
8.124045602542000477e-01
7.340417962839244082e-01
3.615378720928159595e-01
7.443013221869487772e-01
8.206603031490278255e-01
7.755854490210378760e-01
7.318091558279955500e-01
8.577048515259362294e-01
4.484934860745836693e-01
6.594703521745174379e-01
5.432852118134590125e-01
7.015405732470569866e-01
6.156487580351605038e-01
6.567009532711379771e-01
6.644889835130084466e-01
5.548785682262502572e-01
5.497817901832118270e-01
5.962658314897892886e-01
5.345884467748048818e-01
2.694067510474127958e-01
6.676617618018003686e-01
5.371843869501832236e-01
7.085171534643945890e-01
6.808332791026244779e-01
5.568123410957768193e-01
5.287826638271195812e-01
6.948913355178931717e-01
4.936130249698433281e-01
6.205229727656801364e-01
6.577832612071287111e-01
6.959203166670459018e-01
7.371541503350885760e-01
5.707228546769291810e-01
7.592802444636355119e-01
8.062853681604660316e-01
3.439902145048651105e-01
6.780851398927496554e-01
7.562734369647701183e-01
4.557669429393071403e-01
4.863075296298589589e-01
7.360626039755284733e-01
7.029109796829515755e-01
7.480366242857661163e-01
7.232322103776319677e-01
6.328824756271642649e-01
7.643105737753294049e-01
7.065683903498216623e-01
7.086181214747619972e-01
5.583357099829260317e-01
3.196970708372905423e-01
1.997237776419513999e-01
4.792488971237597317e-01
4.945197750884846033e-01
5.337343640334010209e-01
8.730066960373916718e-01
6.440825119046770242e-01
6.252442343291463311e-01
6.808997159623312312e-01
6.570268787915601871e-01
6.072460383194536737e-01
5.835081833702091547e-01
6.352871285071196583e-01
6.948147134744079301e-01
6.893239523765894994e-01
1.372120373802346582e-01
7.735293641304240575e-01
7.827592852582659910e-01
7.263331494166547220e-01
5.783530781930114051e-01
6.117999428396417860e-01
6.178668838649294948e-01
6.528789559841258194e-01
2.284452922832790056e-01
7.943816192373818197e-01
