2.721750716667576953e-01
5.000000000000000000e-01
5.973839055013673294e-01
2.907801748538617614e-01
7.350673256787024767e-01
5.503749447330560374e-01
7.694139829850032974e-01
5.807555495509290067e-01
6.511158497350854057e-01
4.929640474311990928e-01
8.467614410293039517e-01
4.571227753790827464e-01
6.697193931673401934e-01
5.157652288430631948e-01
5.810772540975069900e-01
8.496343095181602134e-01
8.629007246202304859e-01
5.857235787226005019e-01
8.775208543852106580e-01
5.817826884603208848e-01
8.028112957781646797e-01
6.332883397610737930e-01
6.566963465816753054e-01
9.101877717637838483e-01
5.744470796189550255e-01
8.824540687023375574e-01
7.419460713962057197e-01
8.111254779839894846e-01
8.132430312237681758e-01
4.136200077455841062e-01
7.886969458677058897e-01
5.779330653124304940e-01
7.604693813862022367e-01
4.910250664786087738e-01
7.561495860652646117e-01
7.973287228233986168e-01
7.767908680430916091e-01
6.445660535217533349e-01
2.578640074942506466e-01
3.825054290902890619e-01
3.926696644167070871e-01
8.307586099503546651e-01
4.493001254264938904e-01
8.154194509140737512e-01
6.817280555116260743e-01
8.152303950792444409e-01
7.988982073750202639e-01
7.236053530316278737e-01
6.536148882058956389e-01
7.086651757318412903e-01
6.896712384761125580e-01
7.283183459133111270e-01
7.972232717075452557e-01
7.105911349615117167e-01
6.647804153597708376e-01
7.571376691113158586e-01
8.144935618533202248e-01
7.663600732876654220e-01
4.221653409894687292e-01
7.325171670856192030e-01
8.524236113167825701e-01
7.767768371739439681e-01
7.408602391794827380e-01
8.634422463229283196e-01
3.906405065788586262e-01
6.560787029040188179e-01
5.300951691475056515e-01
7.092845695682747920e-01
6.113856142109249658e-01
6.486689009049835253e-01
6.936664488019775865e-01
5.531251892713344720e-01
5.524451655673132677e-01
5.671103944555332399e-01
5.332294467108953384e-01
2.404549954252468147e-01
6.759450892948596357e-01
5.767817606209209025e-01
7.416635617929632218e-01
7.697084182950406639e-01
5.563807403535224738e-01
5.772429127848124342e-01
7.476416885221527364e-01
7.541718561935063514e-01
6.471649455530209538e-01
5.542215110564541192e-01
6.676153040087362545e-01
7.230754852919261122e-01
5.414918492962131902e-01
7.816657362822333477e-01
8.083016199076074049e-01
3.332659926794485084e-01
7.021543892718714597e-01
7.221610367164350563e-01
4.474885797341706661e-01
4.314789592468468160e-01
7.400225769365740280e-01
7.206950509621261602e-01
7.314336738305865504e-01
7.197291762849965524e-01
5.990553983573175811e-01
7.708069346318140447e-01
7.189216118865690008e-01
6.827769217717927219e-01
5.202178032535614838e-01
3.548545410690744917e-01
1.549534297461149790e-01
4.791433281129285349e-01
5.343101881032069622e-01
5.178117585514399046e-01
8.625978073787654576e-01
6.498261678309763534e-01
5.793226861010851714e-01
6.787585650210723465e-01
6.528008579583191029e-01
6.198876019302085316e-01
6.016203583865743498e-01
6.746052040130575689e-01
7.273451212758721418e-01
6.944507298798717754e-01
1.365283715237214368e-01
7.690518272342887762e-01
7.906754883475410889e-01
7.116407475997025278e-01
5.963149041269210082e-01
6.471131422540113975e-01
6.106306894142773389e-01
6.222855152698800740e-01
1.870787613776465630e-01
7.975308492659446413e-01
