7.079057681310856331e-01
5.978478496100835260e-01
4.597480604909016666e-01
6.773644421775318891e-01
6.417845581508915265e-01
6.759875676852638016e-01
7.722699170554954140e-01
5.433334887093771437e-01
7.283359375499955934e-01
6.632704465502344826e-01
7.167690458659504715e-01
6.004366219289158924e-01
5.263306529552458368e-01
5.850536242308317370e-01
6.468311023814184990e-01
6.717487297213764474e-01
5.000000000000000000e-01
5.934355212024563508e-01
8.575027213862446152e-01
6.516247993301891306e-01
7.770428910406103062e-01
7.328375790270138523e-01
8.005512710110096464e-01
7.811163118878123868e-01
6.938986810255834969e-01
7.373554825061001683e-01
6.702036271936719913e-01
7.177944171078569635e-01
6.831425220671522025e-01
6.193293193889497505e-01
6.901169901523552808e-01
6.089588646319935572e-01
6.512996734476576011e-01
5.999892251582111813e-01
6.574864454554768534e-01
6.922330047375090389e-01
6.714648961991601661e-01
6.017720189422378629e-01
5.198567874180528570e-01
3.991277221464218927e-01
7.007601665346517850e-01
6.484699307697848747e-01
6.581339365963673194e-01
7.618695798629114835e-01
7.225172622138497092e-01
6.812509657465092294e-01
7.433949546176080725e-01
6.525093853846050118e-01
5.317773021023752822e-01
5.856935867880667113e-01
7.290664028889687343e-01
6.992789152283543919e-01
5.862130647361077918e-01
6.175612693216832039e-01
5.910297255387195747e-01
7.693178965486822118e-01
7.376056908408251678e-01
6.482085066996035039e-01
2.576911691090369994e-01
7.001975731939857894e-01
6.019254416482696657e-01
6.758865976193753067e-01
6.829875274798651308e-01
7.559246651132726091e-01
6.823796797917505152e-01
6.687406712656360774e-01
6.688192180008127874e-01
6.690493822853706973e-01
6.685284927884141970e-01
6.688192180094562067e-01
6.688048553920532546e-01
6.688192180070263726e-01
6.688192217858821564e-01
6.688192179925956937e-01
6.688573158047954603e-01
6.688162886022712694e-01
6.688192179645087165e-01
6.688191996327442768e-01
6.773784344726806461e-01
6.463973807869356492e-01
6.247857294190654054e-01
6.289182872014651426e-01
6.572954717027384985e-01
6.315858963733897991e-01
6.553171414178814436e-01
6.888791049631336483e-01
6.851263926993783615e-01
6.815363077498466371e-01
6.589296875309778034e-01
6.947175380572159220e-01
6.965096071745565665e-01
6.515418441399527527e-01
6.113044180627810187e-01
6.510674259498228089e-01
6.602920189066326939e-01
6.747391355072431818e-01
6.836169613653502175e-01
6.911851988902736332e-01
6.185525337764269382e-01
6.482880187866990607e-01
6.502432733816654320e-01
6.485808959856722566e-01
6.296117888620482717e-01
6.983813614540299586e-01
7.476807360698747296e-01
6.857444230036521260e-01
7.653273239498418201e-01
6.903565531233013530e-01
6.610611965715147420e-01
7.437500862243647815e-01
8.886642571253935419e-01
6.975498225212872772e-01
7.178040069518735189e-01
7.955678810585962157e-01
8.088332144782324207e-01
8.428294585174471720e-01
8.582366169059815197e-01
6.248834517851054038e-01
6.388021705832610531e-01
6.851982234562453700e-01
5.000000000000000000e-01
6.894134666881019946e-01
6.793007695545846270e-01
6.814164723762117237e-01
6.083400946881907245e-01
6.308061540635393483e-01
6.640843821248385570e-01
6.481133829942465896e-01
6.160986556519378876e-01
6.887232873571202951e-01
