8.730303081579812163e-01
6.914565559831937769e-01
6.228610422948746006e-01
8.869953442956897138e-01
7.487938907230304864e-01
7.666368497791823389e-01
8.769044046112932644e-01
5.381665294792608023e-01
8.053500528043319173e-01
8.054175011831372633e-01
8.596578598869693000e-01
8.472313227848635719e-01
5.885385157301715742e-01
7.935209717890745473e-01
8.335485986360501309e-01
9.170497107988742069e-01
8.912466502879313746e-01
8.291349832930422492e-01
7.983670647609001358e-01
9.080973056038205149e-01
8.719271859546299241e-01
8.713263427100477188e-01
8.803146863318968007e-01
8.841563389060822509e-01
6.633742816448269242e-01
8.714282137709548071e-01
7.053619327622271395e-01
7.703255514852871411e-01
7.276028161462326782e-01
7.291145108423273680e-01
7.565255522820713008e-01
7.009291958576497894e-01
7.193241882177193736e-01
5.176328687400885142e-01
7.337670121014560065e-01
7.518994265008800415e-01
7.167518655177742559e-01
5.942617950010832262e-01
5.455527103292585611e-01
7.018858148649120832e-01
8.394890760769178062e-01
7.018857624282514029e-01
6.976650941416707719e-01
7.018339865171128178e-01
7.018712131890625372e-01
7.021798983254496918e-01
7.487533495887681578e-01
9.903823387017943736e-01
7.018858148877488157e-01
6.992710976793125033e-01
6.719163663898736205e-01
5.352997437746790377e-01
6.534236270090512111e-01
6.098565798073490862e-01
5.982456883433499017e-01
7.432371722867467945e-01
6.991084527407189775e-01
7.056928483757108905e-01
3.810862067420046073e-01
5.969587849283987113e-01
7.316604709614711322e-01
6.920792891069309505e-01
7.227613035766484728e-01
6.602760174856485698e-01
5.835164041232745458e-01
6.407116364569318545e-01
6.433289724183809399e-01
6.762312985095078055e-01
6.693821278122360496e-01
6.747573896273857397e-01
6.951463752080260239e-01
6.800844171637995261e-01
6.207861253355840825e-01
6.606526362204976355e-01
6.513088401498535740e-01
6.932699690410600857e-01
6.403795309078383902e-01
6.335564344772695033e-01
6.674477678204867592e-01
6.639694080621380001e-01
6.557939357862913043e-01
6.662454733803803153e-01
6.699215267189200240e-01
6.666198182626072999e-01
6.671345301099981251e-01
6.671331775102915529e-01
6.608317293454094576e-01
6.679934643591737276e-01
6.659586568054235434e-01
6.697681301360293160e-01
6.673853127940172492e-01
6.952322691623494810e-01
6.870696024920804890e-01
6.701801116578193218e-01
6.726873222208608061e-01
6.857888916373449106e-01
7.055427595847176825e-01
6.125714338615313448e-01
6.912609492202219652e-01
6.703550250419045842e-01
6.839203265223360306e-01
6.525753986255703465e-01
6.759192208033448779e-01
7.024803829024713897e-01
6.739098013342431637e-01
6.577767139624824955e-01
6.722719103274420460e-01
6.573675386706281376e-01
6.588234303370629208e-01
6.668602292943469623e-01
6.368165943600737622e-01
6.673804639014573326e-01
6.595646897269338282e-01
6.736892288035468690e-01
6.636543079705364834e-01
6.723062326476817452e-01
6.725296894256251878e-01
6.572225014553232381e-01
6.560477355037563907e-01
6.652140991829911254e-01
6.556477801888038748e-01
6.563357398035667423e-01
6.561640635546589495e-01
6.606403258884555596e-01
6.604590176831387494e-01
6.572327278109992843e-01
6.592083134545463352e-01
6.614635982942342896e-01
6.555063984556872558e-01
