7.201588186457815732e-01
6.651395866086763364e-01
6.180977034567430861e-01
6.979248661737782466e-01
7.110101398497320480e-01
7.295780439069287082e-01
7.639952870889593628e-01
6.981160564491826204e-01
7.492958555469988458e-01
7.049887315909690866e-01
7.200246782007189150e-01
6.239600563830473012e-01
6.242260222075209919e-01
6.572804247030389346e-01
6.304304869099129904e-01
6.750590936906293305e-01
6.579713020021636938e-01
7.288191363873932627e-01
7.728066514576406032e-01
6.516552214036022139e-01
7.389567693459432318e-01
7.263922703367282629e-01
7.582202863021723083e-01
7.259327743542994815e-01
6.907770793601736292e-01
7.101458495190420273e-01
7.057222094802561019e-01
7.735294507307475254e-01
7.076877705471474878e-01
5.232715940046287484e-01
6.904910532251692379e-01
4.855394680303971033e-01
6.761465790977383428e-01
6.564128822852419720e-01
6.494259551019179177e-01
6.701152555890025342e-01
6.746182574939412202e-01
6.483581020462140243e-01
4.686375194413388567e-01
3.567769802781761701e-01
6.298728672225019087e-01
5.069688123292747095e-01
6.979853606347631301e-01
7.556188145890287977e-01
7.403670958262495994e-01
6.449858070145829680e-01
6.737335895573953737e-01
5.915634801461905345e-01
4.071673818808054235e-01
5.270363965345515878e-01
7.981619343858832316e-01
6.973635875927850503e-01
5.690731805744871918e-01
6.725840628923855924e-01
5.958598769067062761e-01
7.812499184169681143e-01
7.109900091291786461e-01
6.083884218430564150e-01
3.008213272141357364e-01
7.382833360185170335e-01
6.588193150035417389e-01
6.793077321483584896e-01
7.518699145112409665e-01
7.220253767766813269e-01
3.969937347273279626e-01
5.718259752360674852e-01
6.895776238625814791e-01
6.589954641620352493e-01
6.245027803660017085e-01
6.756906493971531757e-01
6.645991274369948965e-01
7.091153203826632279e-01
6.006827035785518021e-01
6.811933124889025803e-01
6.371376635787309173e-01
6.313401600918794321e-01
6.175043326138776045e-01
7.074442748484167653e-01
6.940067255315758299e-01
7.259681968258085982e-01
6.620651921818416774e-01
5.790597995929326336e-01
6.482292727487583006e-01
6.139544779765830906e-01
6.484182345154695382e-01
6.969862834362079429e-01
6.693506591263318484e-01
7.096143196517964435e-01
6.170633821090266702e-01
6.545419590576487812e-01
6.972640547949006118e-01
7.561125123483151134e-01
6.145253167952913209e-01
7.379124211570757819e-01
5.513835472239201341e-01
6.845009938866438715e-01
6.964760037623133337e-01
6.700366888919148112e-01
7.464103208764862885e-01
6.954982486283093346e-01
7.099774468544604034e-01
6.939161543376363150e-01
6.629476213089174896e-01
6.642708065908712323e-01
5.951966712825671468e-01
6.853245626557714631e-01
6.501058437335386353e-01
7.397838460506790392e-01
5.861262791748987899e-01
6.477697723305718691e-01
7.548381670949827482e-01
6.538658518042056444e-01
6.347546960997233478e-01
6.833981487742551986e-01
5.525386899602888757e-01
6.943152767858341567e-01
6.850147387941168953e-01
5.969334854441596949e-01
6.921425580299257474e-01
4.415659721084326250e-01
7.079787419122960390e-01
6.815879338130091947e-01
6.908280145005146755e-01
5.827746122479435797e-01
6.057670788135618434e-01
6.793320637222095559e-01
6.512146334048980467e-01
5.730890099765788559e-01
6.906497103966421358e-01
