1.189185961798774199e-01
1.031645203462883131e-01
3.845601752181120742e-02
4.790786856938014648e-01
4.405669554985346820e-02
8.631018677261997896e-02
3.833201768162968204e-01
3.715578670766510605e-01
1.195768251558346623e-01
8.271733700247155263e-02
7.575709662390429922e-02
8.535046061455130173e-02
3.174729973659462523e-01
2.681699131536249281e-01
7.814380049781051440e-02
1.899056630872169027e-01
6.015380857686815352e-02
4.465413378405416051e-02
9.434337576185722329e-02
4.533553328265421678e-02
8.687461646131736104e-02
1.126157118557675196e-01
3.085414746711550582e-01
8.096157798449818421e-02
7.421995282268542549e-02
9.193974951154076924e-02
5.546472727244401019e-02
5.687676511458338718e-02
9.684039183615142377e-02
3.587865927153406354e-01
1.104509567772810202e-01
1.498916465958735622e-01
7.960701510635061207e-02
1.693237691048102012e-01
2.080576943946146062e-01
1.223005294809224458e-01
2.889497270826656417e-01
1.022138595436632991e-01
2.233605990066889480e-01
1.625687036024097698e-01
7.385673355711620536e-01
1.000856106842523546e-01
9.955042231296892807e-02
5.954628386868550394e-02
6.107193640820645503e-02
3.053607191861096998e-02
4.005199580876139115e-02
6.244783101364521222e-02
1.750851148992254303e-01
7.974450340301783569e-02
1.756118982982677323e-01
1.281627074578106373e-01
1.084044212438559085e-01
7.302847825543397342e-02
1.414068594655428501e-01
1.343738833332052962e-01
4.399080554032534091e-02
7.190592209902822718e-02
3.053607191861096998e-02
9.499055429936981154e-02
7.655644412522379094e-02
7.185646648207429099e-02
1.100216867612075766e-01
7.170687463290154051e-02
6.256206066985091352e-02
1.456747836663749296e-01
5.374568883576615053e-02
6.893792690955605207e-02
5.064282735591374429e-02
1.128319872183656536e-01
1.865717402857678398e-01
1.268086623109219713e-01
7.247880115440634707e-01
4.769693048425956844e-02
9.268710737458705218e-01
4.911697797928355480e-01
7.655112723859704149e-02
1.323188073887230365e-01
8.122004163179728786e-02
6.005315262578352770e-02
6.285435852313281391e-02
4.521812270051288607e-01
7.919570972733440406e-02
6.063302452806888787e-02
4.013090996869895788e-01
9.633871696368195847e-02
6.679389535314850246e-02
2.666989785090510545e-01
2.693800030295375181e-01
9.500084897069230316e-02
6.371901629307694104e-02
2.948414856681900315e-02
1.819683902064008485e-01
1.036675828594729315e-01
6.063302452806888787e-02
1.134715355908679640e-01
6.294493310838041034e-02
8.249321810054943693e-02
1.385312740616147231e-01
2.826019585215991947e-01
1.883184279578315468e-01
6.875253686384737162e-02
6.294493310838041034e-02
9.179589669945667496e-02
1.606603731523577328e-01
6.063302452806888787e-02
3.572561496101805262e-02
5.328993762291873992e-02
4.607676711251273288e-02
7.606931444413696231e-02
6.074455545784401139e-02
1.327936787251346173e-01
6.110411167431465534e-02
2.949079476886054887e-02
8.182805264189993433e-02
1.379892829118696262e-01
6.623280454124459704e-02
5.476467053130236462e-02
1.801087266625983063e-01
9.627512334312042508e-02
6.819411328279594009e-02
1.023391409001676439e-01
1.423629331857214630e-01
1.100429690707577929e-01
8.089134269981511360e-02
1.716271339756584302e-01
1.525378026713541946e-01
7.858598950768785896e-02
4.560792117142274671e-02
8.315212080944599238e-02
6.123611854417984612e-02
4.698948869237055959e-02
2.730691683797242253e-01
1.455059879749921459e-01
8.688573831953617932e-02
1.278727030405936438e-01
5.383530800728061894e-02
2.550148998536005268e-02
3.072042975194241854e-02
1.314828201817093978e-01
1.021246720463636071e-01
1.475847355121317761e-01
1.055529711067003801e-01
1.841716940651710321e-01
6.016306594929051593e-02
8.233827865377112143e-02
1.276493797993402401e-01
1.321431087985910080e-01
5.235874468997595010e-02
6.176896542239747323e-02
3.357997131002121022e-02
7.087367352296876366e-02
6.386146993249533499e-02
1.140936172188733028e-01
6.146120478890822192e-02
1.318879316873859397e-01
5.179289945128776051e-02
2.350974410286481020e-01
6.149670959814355908e-02
2.391079109466256181e-01
1.108235854957590472e-01
1.319505525157303738e-01
7.477724497826139516e-02
6.957938268479325894e-02
8.132708530662180468e-02
1.394344037633273581e-01
5.493208773258468486e-02
1.078429943906021732e-01
6.957938268479325894e-02
1.212406215544261368e-01
5.524122124231735098e-01
1.451144359275653162e-01
1.109293533286600936e-01
1.220665309367239965e-01
6.739124857017017578e-02
6.161547278108170378e-02
8.759348768308765354e-02
8.884207775278500641e-02
2.013097728139254597e-02
8.934995343255851263e-02
6.957938268479325894e-02
8.327760165882375221e-02
8.257428089447106656e-02
7.568241298304517750e-02
6.319057438312462860e-02
8.771032185375265966e-02
1.740111943232859060e-01
7.300651409538784498e-02
3.493617891193342428e-01
4.629258375550920901e-02
6.090141756070870799e-02
9.614782145731182172e-02
1.386807825997797838e-01
9.614782145731182172e-02
1.422569291848866380e-01
4.171700954726594857e-01
1.954782216650537974e-01
1.054556450901078940e-01
7.303967913325659644e-02
4.891727726512742208e-02
6.027536474686039786e-02
6.190194363210371753e-02
1.883666702845711582e-01
3.162750932681827609e-01
2.605125470869306126e-01
1.263467953451129222e-01
1.017452628873126153e-01
5.154763514581901795e-02
1.769874206604152012e-01
7.343203163057601679e-02
1.017766329974370693e-01
4.244754997838171007e-02
6.481877147085590707e-02
9.405654445710813494e-02
5.253515242956153380e-02
5.177445478610857160e-02
6.169480809672457655e-02
9.454806794723830121e-02
8.128962600395076010e-02
1.872015874855189888e-01
7.476386028167361641e-02
1.033392845038970803e-01
6.539368468233326681e-02
7.851054780808419675e-02
6.591053942819228295e-01
6.206586221982210438e-02
6.793827093259360850e-02
1.383393254821341789e-01
1.761274805073352323e-01
1.004902798490307364e-01
6.955449972325583596e-02
4.826386403918839912e-02
1.500559710126173341e-01
2.229090466389802849e-01
5.317325740596027389e-02
1.607477373480951099e-01
4.777432164744848525e-02
2.257296302560043710e-01
1.007335377542965676e-01
7.052236749910122116e-02
5.713455356000192442e-02
1.217244249228748160e-01
4.012590653636057686e-02
3.751705516320266165e-01
1.075473491059892456e-01
1.943378803531996823e-01
5.332813131123883554e-01
9.107891869817941188e-02
4.084992570989670613e-02
2.071004171690167261e-01
5.911221416731128608e-02
1.015079610816336242e-01
7.218313614182571281e-02
6.592641119722907062e-02
1.302554793245910281e-01
1.059323580662304004e-01
7.069711041470215507e-02
4.285965698654434775e-01
2.373603708585134420e-01
1.602182060741610681e-01
1.416657996445676478e-02
5.901251557556923960e-02
6.069214556687065054e-02
2.544177363758724081e-02
8.234798065456090665e-02
1.769748114359243896e-01
1.766898937200787195e-02
2.038123761982991999e-02
5.682218790141871367e-02
1.238724155010396677e-01
1.350810987932552776e-01
7.477529575516057847e-02
4.178821174596904914e-02
5.901251557556923960e-02
1.552120637157106686e-01
5.153775533449311830e-01
1.222420147987585692e-01
6.983165540942233573e-02
2.194374514590536063e-01
3.196162503449584413e-02
1.275624072380824592e-01
1.268921078941810665e-01
1.268933035572553658e-01
1.270385805365627230e-01
1.270036672449068316e-01
1.268935124173374007e-01
1.270350101268743481e-01
1.285780675019409236e-01
1.272836443030604947e-01
1.268969165064061655e-01
1.269658919759260873e-01
1.268961844427379526e-01
1.268955303939438839e-01
1.268935167332989888e-01
1.272738002685104564e-01
1.271075437192540070e-01
1.268677519563486678e-01
1.271426973112098902e-01
1.268905311763398325e-01
1.271376395413894023e-01
1.270855559072434360e-01
1.269787280817837316e-01
1.268901382454846460e-01
1.270535797197744621e-01
1.264335203902952620e-01
1.274389288464862213e-01
1.268906883683043052e-01
1.272408188009688523e-01
1.271426973112098902e-01
1.268904427529894963e-01
1.279934416884093151e-01
1.269288203108895896e-01
1.267745056119987945e-01
1.267972067938855085e-01
1.270553984000739323e-01
1.273738504142750694e-01
1.271998436194297644e-01
1.268738489952562221e-01
1.269301156562149813e-01
1.272175655252316684e-01
7.221787977191573837e-02
2.643838726920846871e-01
7.706509142921190436e-02
1.064624334861851568e-01
4.934852561491862716e-02
4.996441267258908830e-02
6.601202416691491492e-02
1.023954311238566423e-01
6.925645258469301235e-02
6.366972842636504926e-02
7.056457888058793870e-02
6.124688315358547963e-02
6.574394501167958593e-02
4.952912387519563253e-02
9.677514822055861832e-02
8.437574306247365430e-02
4.485245262600443678e-02
8.660723777983105054e-02
1.750581823429929462e-01
8.424491098739655959e-02
7.532579957716156738e-02
7.424067094197138450e-02
4.245187702501531102e-01
8.013642763037656103e-01
7.793350553288953819e-02
3.632804111659758417e-02
5.825132079537850144e-02
3.944265725482413165e-01
6.845067878226958336e-02
9.171519600996486110e-02
8.745427084584574129e-02
1.437398523976433085e-01
9.175336774201563184e-02
1.325017453188449268e-01
1.414081688100186918e-01
6.896556014942495372e-02
8.097611799286996703e-02
1.092930455137612750e-01
6.559898487241526410e-02
1.491590783337533865e-01
1.325779433998805490e-01
1.495409461902856563e-01
6.049168226272818444e-02
8.087515841220314916e-02
5.430022852942116562e-02
2.844193327126666726e-01
1.476796266179658534e-01
8.696168594153041997e-02
7.766354630706230611e-02
4.215744773836855447e-02
8.485371128304018684e-02
6.649728798487007653e-02
2.666185452896213670e-01
1.029602188800190776e-01
7.114720184808415171e-02
8.058444443882649411e-02
2.327174257096528143e-01
3.877005909439595194e-02
3.982283400483650759e-02
6.286660501456514671e-02
6.376703952766925587e-01
6.058053678514707663e-02
6.142708008055158125e-02
1.241085451948998469e-01
8.140709264960584168e-02
1.599572091283820718e-01
6.086496073397890116e-02
9.345876595947853749e-02
6.807316847809691263e-02
1.172890897092012247e-01
4.403877507176125888e-02
9.856931365038548720e-02
6.314582089053527580e-02
7.419472526724832373e-02
7.319500256425369444e-02
1.227825068941995335e-01
9.065535982158859363e-02
7.488629431454621455e-02
