7.844711463185526090e-02
8.082176606232382987e-02
3.648134570412297356e-02
3.175033869930216635e-01
4.450680490062661199e-02
5.545236294269433042e-02
2.933954651903267208e-01
2.773446527590804900e-01
5.975705885573023152e-02
5.823549007231653557e-02
7.512566650963395376e-02
8.101174988821419065e-02
2.548778345609468698e-01
2.049910652299919422e-01
1.372858720513547015e-01
7.758822975440241021e-02
6.192093192137208824e-02
2.931217212193762758e-02
1.191192062307687705e-01
3.648134570412297356e-02
3.463494280571804279e-02
7.807032123785366540e-02
1.889328866160461251e-01
8.557792718394741094e-02
1.129720445629704695e-01
6.298406803174513846e-02
4.589711735355481159e-02
1.883188454615337265e-02
6.222353361008688133e-02
6.267651650940900820e-01
6.486373966357567022e-02
1.056568260535663689e-01
3.718452091506654206e-02
1.112758063709459733e-01
1.194122263398843392e-01
6.480437967031558999e-02
1.651333750350780227e-01
9.982064777433134750e-02
1.446978316100526740e-01
1.866328985976917765e-01
5.775961736902808230e-01
2.844632972892048237e-02
1.078260471351651095e-01
7.747099545591917824e-02
6.204856575275505964e-02
6.982422160112398968e-02
7.876106221427388310e-02
1.721536093634326581e-01
6.544089759186808020e-02
7.677997610611210499e-02
1.924483136834947150e-01
7.482715804597672715e-02
8.900056582369440805e-02
4.737572507463291838e-02
1.161577424477121256e-01
9.380749644629238215e-02
4.980572520305242418e-02
1.391774394062649800e-01
6.957403253105773344e-02
9.525488643040937176e-02
9.506745333889951577e-02
9.521839814957228088e-02
8.196775188486106478e-02
1.136368696050757687e-01
3.031940092504613674e-02
1.154984881254005474e-01
7.900357161172597009e-02
1.053411512805426387e-01
6.957403253105773344e-02
8.944720370646516705e-02
7.973347817253527425e-02
1.670536025803906199e-01
7.219236509145205982e-01
1.089999760600510320e-01
3.093580504227534944e-01
6.049649622132969862e-01
5.014964794263109676e-02
5.785697678031245794e-02
6.970955753410085221e-02
1.005112505863055422e-01
5.222660424972809523e-02
6.008889242714500201e-01
4.551545145301760797e-02
3.980211501506945165e-02
8.218494913954628167e-01
4.831449177508270743e-02
3.693515519125475238e-02
4.904372352097537968e-01
4.074002371107212084e-01
8.584311800174694584e-02
6.505514024090801317e-02
3.087660409880709639e-02
8.463733433579409549e-02
1.348607184700090500e-01
4.577156045718520916e-02
2.018671617099744020e-01
4.488967522544890648e-02
3.443210924431821390e-02
5.156392568342083732e-02
3.629471269344149986e-01
1.140086204795529579e-01
5.758536375467940976e-02
4.488967522544890648e-02
5.968686605962867514e-02
8.793464080993887433e-02
4.577156045718520916e-02
5.349550585710858425e-02
7.678445590707183577e-02
4.338866644682243950e-02
4.653581701368710022e-02
4.577156045718520916e-02
1.311248086626683740e-01
4.065607570177598440e-02
8.175083008691008679e-02
1.405734053326746502e-01
1.145942699262692682e-01
4.785882570318825135e-02
5.818044265644362056e-02
2.847448701266854787e-01
1.422044748744036857e-01
7.216270151371119435e-02
6.963804998165221138e-02
9.701157378693468780e-02
9.769334934374579449e-02
1.269077775991129253e-01
1.782491264157771982e-01
1.161187469878424833e-01
8.703335524181292360e-02
6.268967783504982016e-02
1.026261962402515299e-01
1.026261962402515299e-01
8.349989646983860259e-02
2.238592402817968507e-01
9.900753635702966293e-02
6.134069857881438437e-02
1.438375726447835012e-01
7.273787039555583422e-02
4.259207833835540469e-02
2.416233550045392142e-02
5.971739081815983369e-02
1.128879844406238259e-01
1.643006105080213608e-01
8.715375281240952954e-02
2.609024798051037264e-01
7.077190043537223696e-02
7.878555546040787172e-02
1.302159278051553959e-01
1.692780738323944878e-01
9.149573229579303912e-02
7.942666167068851424e-02
6.937211829110602468e-02
8.550103713912787784e-02
6.786677069029035947e-02
2.555240149725968024e-01
5.421445775401464301e-02
1.626482400011486917e-01
6.151260600855935207e-02
3.536729184408077820e-01
7.611361479706484079e-02
1.985803459072179311e-01
7.183113505256132070e-02
4.302987011846347576e-01
9.055051357452641170e-02
9.798825386149991046e-02
1.385834031685327927e-01
9.150445563890864664e-02
7.250309172734871466e-02
9.735652299748476235e-02
9.798825386149991046e-02
1.698050141373305677e-01
5.546660722397285248e-01
1.709053769543769641e-01
1.499698843986552732e-01
1.047130605443723911e-01
1.048883032951708344e-01
7.416753275379225907e-02
6.953983283355842648e-02
1.307320606005363539e-01
6.004775244761240832e-02
1.190713746393413236e-01
9.794908686521440477e-02
7.714101604866931139e-02
8.388270464850738906e-02
9.264966520624869084e-02
5.725086411844503009e-02
1.526559746432073206e-01
1.456225944613215306e-01
1.101077612931693067e-01
1.893599940348792698e-01
9.007806758563134675e-02
6.339991603581081325e-02
1.333272021693621967e-01
2.349227790146999340e-01
1.333272021693621967e-01
1.250643891027361509e-01
3.170652383914840944e-01
8.558208637328144908e-02
1.157402323127008081e-01
1.241782817950874418e-01
1.204306345020501184e-01
1.064123553632931596e-01
1.107482350617224748e-01
1.889204061430284354e-01
8.642678896175011449e-02
1.698084573372570516e-01
1.049153056172534015e-01
9.799371360604842984e-02
1.035071339993689638e-01
6.745362922228828606e-02
1.008552724016909818e-01
3.364770359974003089e-01
5.828502876399740962e-02
8.535915102679784983e-02
8.214394967740595854e-02
8.928294047439548631e-02
1.027677041124376994e-01
9.164775928916543690e-02
1.028646954874236630e-01
1.227897222610277866e-01
1.001662819911908753e-01
1.159514907100397535e-01
1.159514907100397535e-01
4.662647815400611240e-02
1.101787803391342246e-01
3.773247939891231639e-01
8.379945342891453874e-02
8.575425621476821803e-02
1.308616038186163621e-01
1.084398845531768102e-01
1.703495460918059701e-01
1.070983050487383792e-01
8.798710179312334290e-02
8.236692513376800417e-02
1.279927988184007825e-01
8.696972799092307638e-02
7.667033788063098987e-02
9.689192838500755578e-02
1.276356236196195537e-01
7.817985043705853732e-02
8.665379368977714492e-02
6.569872980985820565e-02
8.797129645173241974e-02
4.304071819947642014e-02
7.179713826171061353e-01
5.965992334941846997e-02
1.724835330909939013e-01
5.875194184554148880e-01
2.989095421989099860e-02
2.064754227217297997e-02
9.322600573055536688e-02
4.459233968998772141e-02
6.657739791036459964e-02
4.492201018557098746e-02
3.443464536933182191e-02
6.012332700315247552e-02
4.385674137906174497e-02
1.974934653820115682e-01
3.024608885840924799e-01
4.089437920213114808e-01
1.058528088813934370e-01
6.153707331005021236e-02
4.459233968998772141e-02
7.313464575103283127e-02
2.466163519771998741e-02
8.806404582688817650e-02
1.446170515623451114e-01
5.634530461985769179e-02
3.250214150916891365e-02
6.858059132446750472e-02
1.956200337509150788e-01
7.677810290554847039e-02
1.389851101947977285e-01
2.999951452202891458e-02
4.459233968998772141e-02
2.403632219058046693e-01
5.340428898503648547e-01
1.383374043452433588e-01
8.829974892750563908e-02
2.040889210172802948e-01
2.914544488796000019e-02
8.312129920249811121e-02
3.320152762796299561e-01
1.793873349279800633e-01
1.007392861068954620e-01
5.076293276969233437e-02
1.737891074455946705e-01
7.842069973310439313e-02
5.659297505879519463e-02
9.432883221891287528e-02
2.081407944014227185e-01
3.237731348545638127e-02
5.284775963181286007e-02
1.009412029598617533e-01
1.224445488381992880e-01
1.285684214471350395e-01
6.531351010026002768e-02
2.565236485966164715e-01
3.719215711436057309e-02
1.424743571164215628e-01
4.420526559873284855e-02
5.265309560443110631e-02
6.147370115958445541e-02
8.660909504413717708e-02
1.030063691611445009e-01
3.530128081962951581e-01
5.666841048668803255e-02
2.904801882184159245e-01
3.219372543959032607e-01
2.192141927186814013e-02
5.809880153372382061e-01
6.853658312468353941e-02
5.509011734981787006e-02
2.802487699298794599e-01
2.774059201119877249e-01
1.073923755432497074e-01
2.225614435267739971e-02
1.825364514891197054e-01
4.990175873502084719e-02
6.412717195437919737e-02
9.350817858165801078e-02
4.631969374416470414e-02
3.398001839617073583e-01
5.461296069337996661e-02
5.396282878676256917e-02
5.813489559249822303e-02
1.169555358860045052e-01
8.301008768006912231e-02
8.655656396829851384e-02
6.262661005527804525e-02
8.935846513485516673e-02
1.327562549505462430e-01
8.514347001175172347e-02
1.698452400927879524e-01
7.985604585355525475e-02
6.863321924798472529e-02
5.478543307022130243e-02
3.595322262335998165e-02
1.119203541521122114e-01
2.450771999888596564e-01
9.773675938072255709e-02
6.188226729549435590e-02
8.669511720398354049e-02
3.651583442240851074e-01
3.551844607908906659e-01
1.895185652111731900e-01
3.389512473974092693e-02
7.631024118374758747e-02
2.681339429245991890e-01
8.937856005462069264e-02
1.508089884988078611e-01
8.937856005462069264e-02
1.658329839028373220e-01
5.373283104079368960e-02
4.856357429701303047e-02
1.174523666526260807e-01
1.123024935156739096e-01
1.088245506132065332e-01
1.040314936298450399e-01
1.577781223216177808e-01
1.229332877422992937e-01
9.779432724734447857e-02
1.643921717809807281e-01
7.909286633029084801e-02
7.008027112189682550e-02
6.592538613729793939e-02
2.284412085116508118e-01
1.372529951547205584e-01
5.843040765841653328e-02
7.755274119330200777e-02
3.120975535417394239e-02
7.239677915312378587e-02
7.178648946508445206e-02
1.747546643604481476e-01
6.799344117287905997e-02
8.994706550630203468e-02
9.400208615076539875e-02
1.992138920814809644e-01
4.124742537140296122e-02
5.673937630383688036e-02
7.840048000613974999e-02
6.317973018980692634e-01
8.399093399470541899e-02
5.661814977950074129e-02
1.488546056293681974e-01
1.046438143860926595e-01
1.816894847240465016e-01
6.618941757454756269e-02
8.317555504061126259e-02
6.706684571313652199e-02
1.380871580820492162e-01
4.973181248094293849e-02
8.879743694112068875e-02
7.070599426594577352e-02
7.950702179335382425e-02
9.723100340628183791e-02
1.080544637480138209e-01
9.400208615076539875e-02
7.003790988640673509e-02
