7.342444641577222653e-02
8.819004661008095214e-02
2.856309063343308308e-02
3.293228771452477721e-01
4.984589509119709272e-02
6.425033471455235401e-02
3.187388683322984195e-01
2.431669321840650155e-01
5.595135705484868827e-02
5.212372138606212457e-02
8.182036295096034584e-02
8.085300937969734647e-02
3.717183423921944230e-01
1.876430845602369279e-01
1.310519013125236720e-01
1.589702800399611649e-01
3.154820081174750102e-02
3.013269048089810970e-02
1.366226982513084054e-01
3.189399577111905887e-02
3.252784459513118065e-02
9.401489748765878840e-02
2.016138482683311195e-01
1.016179040709233594e-01
1.104170007785703761e-01
8.065527092156689337e-02
5.210305144525567700e-02
1.732963210467652546e-02
7.781402855536798113e-02
5.000000000000000000e-01
6.515740932556687848e-02
1.763597709064700925e-01
3.643878655822922058e-02
1.091441659967546385e-01
2.050731327513037883e-01
6.434653207385626628e-02
2.120743296344853590e-01
1.052843962922320881e-01
1.474397443305286437e-01
2.315106011333473712e-01
5.927220670379856893e-01
5.579494077215031017e-02
9.325428545762655397e-02
6.338746156881987226e-02
6.320803967340481166e-02
3.205552910433069613e-02
5.823314579180818851e-02
1.193468703650816393e-01
9.944788016732850067e-02
1.230287959607403031e-01
2.321988488684119389e-01
8.146599542295211716e-02
8.447375912965240929e-02
5.128222403512031069e-02
1.430141029283021892e-01
1.069558222186638430e-01
4.052288024475725337e-02
8.527416260802170300e-02
3.102400918252004244e-02
9.674200371275962218e-02
8.879280094788620514e-02
6.668116377269578399e-02
6.848586911652225495e-02
9.883304161025749379e-02
4.315689376965432117e-02
1.232377900873857790e-01
5.462598469797325107e-02
6.042452472170106031e-02
5.028569590759736363e-02
8.983984954170211312e-02
1.421730223981767793e-01
2.266236425531020782e-01
7.175548926480204148e-01
6.424399032943946264e-02
4.324826380987788488e-01
6.331594665618855977e-01
6.127234843032480088e-02
8.884441527055213228e-02
7.009556419226849189e-02
8.907980406129731299e-02
4.373631241004959092e-02
4.242652717345149482e-01
5.582603868976995787e-02
3.333176951550042427e-02
8.027680638336730512e-01
6.410822888263288666e-02
4.310071349859515011e-02
3.136728566465641355e-01
4.245229701434377612e-01
9.386655050208426998e-02
7.326929856126214446e-02
3.388336575848580751e-02
1.065306549226855554e-01
1.085276748307297395e-01
3.926353768980501285e-02
1.754523778072955009e-01
4.121067867067301771e-02
6.007067942634969349e-02
9.353722699285312026e-02
3.770077103068720237e-01
1.248341393102528479e-01
6.131825019628186352e-02
4.121067867067301771e-02
8.309978930140973774e-02
1.116574151966591849e-01
3.926353768980501285e-02
4.659290410897670709e-02
7.487282213376772466e-02
4.419782989120638744e-02
4.356107535185568119e-02
3.952384066520994027e-02
2.179569020881041985e-01
3.458957729372546391e-02
6.397917380978446200e-02
6.966755145656562676e-02
9.675314735441162273e-02
5.213016800439252557e-02
6.429635769292947611e-02
3.435404995437321141e-01
1.797884199880509792e-01
6.108142627129153207e-02
9.181314051651666419e-02
1.377060807111184504e-01
6.633526148440682668e-02
9.918163947188007867e-02
2.381911489974282981e-01
1.516343055555299524e-01
5.034636965248554669e-02
1.198066909711851119e-01
4.997083925508511576e-02
5.444233446257198267e-02
3.759299277996713817e-02
2.310287161515786336e-01
9.114618473881971883e-02
4.839355900365389235e-02
1.557847999467842637e-01
4.334609668479746936e-02
6.064614427083599157e-02
7.311397210573730709e-02
5.757731453530953725e-02
1.600522324818626774e-01
3.347224151056670816e-01
1.009576908716679350e-01
2.834373704412824213e-01
5.575749637961827793e-02
5.796369985426527704e-02
1.057766234965784591e-01
2.059880958820354824e-01
5.119695529051139504e-02
5.516900577510786691e-02
2.922619934199180078e-02
9.162645656805146199e-02
3.983547639043442945e-02
1.997337672565929756e-01
3.653569754671839864e-02
1.333045761286312525e-01
5.625452984826526115e-02
3.777561267521667987e-01
5.541055065941169477e-02
1.816960175022743484e-01
7.787360560825616618e-02
2.024975801730194425e-01
5.080794808907812543e-02
4.979304126574086303e-02
8.434924427882450892e-02
7.393583602107198227e-02
4.008663737720560144e-02
1.021091188580358633e-01
4.979304126574086303e-02
1.141979236515065776e-01
5.630528898905633461e-01
1.332711191170567189e-01
1.034940579741068095e-01
1.229031227258796655e-01
8.147449036310533410e-02
3.981745294631385684e-02
5.970655095246223121e-02
7.154362166993377681e-02
2.015984854585838038e-02
9.422921959205894649e-02
4.991468397519770867e-02
5.867633923540033908e-02
8.486987360373879352e-02
5.147830038917590445e-02
4.255325770662543583e-02
8.386191424750367995e-02
2.208418857900840693e-01
6.178572433182650397e-02
1.918951324088087329e-01
3.291162595746915248e-02
5.287161919029310236e-02
8.279455138773647582e-02
1.962247100321939386e-01
8.279455138773647582e-02
1.400983634374899922e-01
5.252758788062146245e-01
1.624847863485453514e-01
8.547459729330658673e-02
5.605367046212347826e-02
5.986577819911147874e-02
5.282374876134010577e-02
5.357306039821502219e-02
1.895635647660810497e-01
1.393786749263223879e-01
4.843540930146678636e-01
8.263929234436356852e-02
7.859083072958998606e-02
4.539862360335290142e-02
4.784362844080701505e-02
3.341659441014750015e-02
1.632352644973547318e-01
2.925512955257228084e-02
5.618406528365029601e-02
7.445921346562513199e-02
8.836628078294404831e-02
3.791954615095561448e-02
4.454793764818470309e-02
8.191176033316162342e-02
7.834839434420545756e-02
1.219125956263232557e-01
7.379649342440781912e-02
8.654796057907228335e-02
4.151116987047891171e-02
6.232125672194981092e-02
7.880189389609907336e-01
6.133381507142874473e-02
6.803021990398448737e-02
7.914797830176964477e-02
1.669394978489668335e-01
8.598410026736286182e-02
7.402729875097062429e-02
4.423276844755171661e-02
5.960236653624213093e-02
2.048754980983912566e-01
4.054218009558836766e-02
6.110646291120522267e-02
2.779085312296909402e-02
2.752647114640280890e-01
5.279013589094296716e-02
1.182828457263397359e-01
6.956100510706884898e-02
8.348789309104703849e-02
4.052886615761926853e-02
7.163430853309001867e-01
5.695009784085477977e-02
1.830269414257202354e-01
5.515057073753067973e-01
4.746702006055943113e-02
3.970577899991465515e-02
1.038322514953833181e-01
3.644782389430581415e-02
5.689938928691756076e-02
5.266185859611061809e-02
3.200950230289484333e-02
7.064706788594762865e-02
8.130473696954239327e-02
2.040075041355091379e-01
2.944167885873230084e-01
4.536938451461903776e-01
1.852886469997056251e-01
7.418927733097983868e-02
3.573333846628024002e-02
7.916056305509550084e-02
2.726541377695972448e-02
7.155383871836504261e-02
1.118068684749557451e-01
3.666568752027690031e-02
2.084256767003407271e-02
6.045493331456520958e-02
1.221545305762342382e-01
1.076350033833194803e-01
1.487961672025035487e-01
3.470259429809739032e-02
3.573333846628024002e-02
2.360656086418415622e-01
4.178196197270240830e-01
1.519889134456371971e-01
8.425409621562537921e-02
1.867172800268792343e-01
2.105666268766157728e-02
8.016588267049813699e-02
2.596057603258586366e-01
2.099641378152784510e-01
6.483573582229856802e-02
5.344607291118265435e-02
1.391231567196399288e-01
8.232893533727485280e-02
5.439013231484039756e-02
1.181363092610408783e-01
1.873572551648204076e-01
2.924453086501698634e-02
4.996346425152408538e-02
1.626269271818575612e-01
1.183609142290816124e-01
1.552037662454874289e-01
5.855510873477490219e-02
3.482734034331431139e-01
3.500906033409484364e-02
1.212057289792359133e-01
6.600580536000739962e-02
4.857133607718335661e-02
6.938253959250349767e-02
9.320334186425241474e-02
1.130016306420710548e-01
2.623317709981761725e-01
4.314041005689071145e-02
2.258178856004718627e-01
3.622736813838935976e-01
2.689702165669920209e-02
5.853753188829597942e-01
7.074512321694442774e-02
4.982225808986471410e-02
4.140278826269265799e-01
2.684369867719136327e-01
1.109372708692409754e-01
3.774654835832277899e-02
1.477375685975831632e-01
7.334618598966416436e-02
7.650502523018480605e-02
9.684419940260306781e-02
4.610064367341174668e-02
3.756363477742881707e-01
5.228348121785611480e-02
7.240723438432569714e-02
5.643098370621518062e-02
7.017688799645049880e-02
1.002380781025798140e-01
9.715726005562008716e-02
5.179664127881190849e-02
7.283549998907204448e-02
9.115373396018215668e-02
8.119756569337728547e-02
1.179398020612391490e-01
5.387064681381634190e-02
9.667703513954423178e-02
5.217088251413434102e-02
4.595891288810097924e-02
7.212036953957226548e-02
1.997122854837131700e-01
7.050437675142083582e-02
8.021542781653266674e-02
8.484136409651998889e-02
5.000000000000000000e-01
4.579263978004671221e-01
1.891821420251166841e-01
2.285443439685315090e-02
1.100821725215184871e-01
3.047708620051212680e-01
9.823161605927512030e-02
8.920686294017243778e-02
1.122844100488853275e-01
1.834501596012291236e-01
6.894105830080093922e-02
5.957054640483046282e-02
1.423771315715626484e-01
9.123820813083013959e-02
8.410062900359285831e-02
1.002246923425491737e-01
1.095466405054398712e-01
2.716654994643092347e-01
1.794332017511010569e-01
3.008052547251501285e-01
6.811117445040464069e-02
4.442819149287563496e-02
2.830396302856471799e-02
2.032816811321439265e-01
1.479275507722257188e-01
6.135791239720141121e-02
4.115987514548696824e-02
5.519426165442212207e-02
9.933390885446560792e-02
6.808353427402093205e-02
3.461550930587263819e-01
1.000168053715046745e-01
5.781045009735285428e-02
6.731459026081250407e-02
1.021242028595518020e-01
5.730258479559183216e-02
2.938797283007501399e-02
6.799168419892319404e-02
4.569091828259983501e-01
7.324578616752371041e-02
6.113837424229527640e-02
1.718903312289511709e-01
4.283946157849401887e-02
1.706578700462889342e-01
6.092813584964082430e-02
6.020532420982702831e-02
8.668808447652909255e-02
1.562532974377466577e-01
3.740191056802567166e-02
1.242407151708889851e-01
7.346613928825673767e-02
6.876314879362381560e-02
1.108711647220579494e-01
1.248261472284186019e-01
8.222924287859659231e-02
9.045387881175324940e-02
