9.548534001377539937e-02
8.621705829593420689e-02
5.345560876989222804e-02
4.810965232407934944e-01
3.792220035350489515e-02
1.042547100336658206e-01
4.397669317844843939e-01
4.165038639388422559e-01
1.026326950815633771e-01
8.669001437838159962e-02
8.542423239696976534e-02
8.062240572870273125e-02
1.729097719593113147e-01
3.125372286627984830e-01
1.124225582610270946e-01
1.197282934565561119e-01
8.064006302459780784e-02
4.774491529916691235e-02
7.747235479666626790e-02
5.345560876989222804e-02
5.946861838943799661e-02
1.382269674127996062e-01
2.686006534199525952e-01
1.206214159546428744e-01
8.306960595981378870e-02
1.055704563093118192e-01
3.831628598313716050e-02
6.428700251648211683e-02
1.006902776440246200e-01
2.598875611861196644e-01
9.355464800585455709e-02
1.161981924484093848e-01
6.812673068335629856e-02
1.581627003414869947e-01
1.447602689302017187e-01
1.057479234818775038e-01
3.093145441237489246e-01
9.866563602229533325e-02
2.452301551986563743e-01
1.120680884862761406e-01
8.544877058731575881e-01
7.887744820099175380e-02
9.229652535455382112e-02
6.577343242421015979e-02
6.120815785518424201e-02
3.454673684716803167e-02
5.051033112790728752e-02
6.841274614639479557e-02
8.975439710570216889e-02
7.546915247143809458e-02
1.510421958098876749e-01
8.775181121855094024e-02
5.881236889498610287e-02
6.956232134257309130e-02
1.267665701116158505e-01
9.017491666737276201e-02
6.142366890980020117e-02
7.778960007403865062e-02
3.454673684716803167e-02
6.592856927986937010e-02
9.777795425231822213e-02
6.582692514484587976e-02
1.324716951534165577e-01
5.440492922689459110e-02
7.595170305795478916e-02
6.976157689658629701e-02
7.661354563059841194e-02
6.602817118610498914e-02
3.454673684716803167e-02
1.507316762340446814e-01
1.220833890082113488e-01
6.160830401910162568e-02
8.544877058731575881e-01
5.237440395321261294e-02
5.416383971624482152e-01
5.541992585501118729e-01
8.454448577285955668e-02
1.687043848033945026e-01
7.433473849182549442e-02
6.142292093436158007e-02
6.171908561165186102e-02
6.448745300850571294e-01
8.312529004202472149e-02
5.714763055728477870e-02
5.633039119092183578e-01
7.734496218528157108e-02
6.193956696850555499e-02
4.927057727982608881e-01
2.365509132545947912e-01
8.430062636094642903e-02
8.602594386101281021e-02
5.164294437269675853e-02
1.602565388973721527e-01
1.311638478830298715e-01
5.714763055728477870e-02
1.148573402939653681e-01
5.463553793762514904e-02
7.750433225086403310e-02
9.065114960953384038e-02
3.646219032792687442e-01
1.458205592484402291e-01
6.140502578132465278e-02
5.463553793762514904e-02
6.733801801436714585e-02
1.334431115766817333e-01
5.714763055728477870e-02
6.045361057909533209e-02
1.120949290808211235e-01
6.239340966703909447e-02
7.276272660219636201e-02
5.714763055728477870e-02
9.752597048420955095e-02
5.714763055728477870e-02
7.134582129644063964e-02
2.126843487889813200e-01
1.492920155254311709e-01
7.756586242942578591e-02
7.750433225086403310e-02
1.843571128136902992e-01
8.646013543154988656e-02
6.488780751576148087e-02
7.330522840634867698e-02
9.613184251099299304e-02
6.807569653115723429e-02
7.317400214776971501e-02
1.372316207642488017e-01
1.779150605494092541e-01
6.897169720651008529e-02
1.042724505293708692e-01
7.199638307734537723e-02
7.199638307734537723e-02
6.060298682493433370e-02
1.272271674932823060e-01
8.990044241791100843e-02
8.508320251075147944e-02
1.537194468487408650e-01
4.821787873805599006e-02
5.820128101140055465e-02
5.421537808976072126e-02
1.040719990102701581e-01
7.952491362838126632e-02
1.597801965470635188e-01
7.161714004602653949e-02
1.680607105601135687e-01
6.654435918437774655e-02
6.983186444322812825e-02
1.207468324679914773e-01
8.201770282857240302e-02
8.102070353868157104e-02
8.462525866053076384e-02
5.502388659431547285e-02
7.747050975099603609e-02
4.965631337683792251e-02
1.743146058404940468e-01
3.793500502394803880e-02
1.390051222011874366e-01
4.784319127798294935e-02
2.886208195874573335e-01
5.800776386981509880e-02
1.986798487150472359e-01
1.422259906310577027e-01
2.166191235861741060e-01
9.355096243424390612e-02
7.147637311528763637e-02
9.200973995943707850e-02
1.412387784319528994e-01
8.546471553389599352e-02
1.575071151125742031e-01
7.147637311528763637e-02
1.130483423604830007e-01
5.113980408000438072e-01
1.511792999185725406e-01
1.486806858871791981e-01
1.123507870576696682e-01
1.107965701149417753e-01
9.366225608743655728e-02
8.422232448101782398e-02
8.848461540167283645e-02
6.047499347713376772e-02
7.841423835421675037e-02
7.147637311528763637e-02
8.006392599823854150e-02
8.046354369451781674e-02
9.549241566287230976e-02
7.491930949490735459e-02
1.000847916185444442e-01
1.734243035668817379e-01
9.439427095803275269e-02
3.707544760211168855e-01
7.422257584303253164e-02
7.062951353410192035e-02
8.891581733656415965e-02
1.718609983537189578e-01
8.891581733656415965e-02
9.706621900208957376e-02
5.764646476503668682e-01
1.409581351483226164e-01
1.291006704086539725e-01
9.448420704950334648e-02
5.749455164814210040e-02
9.511693513613185547e-02
9.174194660943844892e-02
1.916580398786753292e-01
2.560338642625641925e-01
1.144986865330356735e-01
9.451847305344102113e-02
9.447510004103695791e-02
1.001918385039370918e-01
9.033044665834108478e-02
1.280131973358445419e-01
2.256031904776022445e-01
6.358342117114929026e-02
9.206126404536761620e-02
7.251175674740625854e-02
5.947221226484315088e-02
1.222695576752593632e-01
1.065229054970305428e-01
1.420364127413844546e-01
9.770852848121910905e-02
1.112475800083658484e-01
9.192504108463171730e-02
9.192504108463171730e-02
6.737880990261135850e-02
9.179929355853248818e-02
5.381144343112809203e-01
7.875802982689038279e-02
7.090956892071431650e-02
1.333142415005160730e-01
9.747060694970981209e-02
1.429468312361268090e-01
9.362607047605177313e-02
9.678807033452527242e-02
8.130682288079005282e-02
1.127579829087465291e-01
8.984654137889186432e-02
1.073541196047966551e-01
8.454277114877277455e-02
9.363520631015960494e-02
1.084861312635554825e-01
6.207757637548408369e-02
1.072838137279218951e-01
1.549315703738957661e-01
6.929935809696248505e-02
5.670274816118026084e-01
5.310734187392535804e-02
1.505724248101112939e-01
7.494426801231492963e-01
7.756998496361273976e-02
6.166997734175166251e-02
9.619751027695105927e-02
6.180573134723995471e-02
1.061216678779864503e-01
7.865724903810464297e-02
7.675255755581315842e-02
1.063876444735576965e-01
9.379075320498335422e-02
1.387226648093260462e-01
5.136674167016093140e-01
5.000000000000000000e-01
1.143829037247327957e-01
1.025251414406501832e-01
6.180573134723995471e-02
5.359416793827675995e-02
6.181180343367185387e-02
7.577634088667055401e-02
1.168898632323172454e-01
8.583429379424804828e-02
4.254881160549940644e-02
7.446679145487516971e-02
1.049351292615806619e-01
7.810692771435719106e-02
1.502952465839233476e-01
1.210797782468290840e-01
6.180573134723995471e-02
3.420332140224463524e-01
5.361392949517134188e-01
1.831475116304568662e-01
1.195719008603060851e-01
2.861472091318447153e-01
7.151223485857952089e-02
9.171934158512547175e-02
4.436701911546009347e-01
1.891564034325990962e-01
7.757968318044666800e-02
6.944609932088524618e-02
1.040907687335737714e-01
1.282829562876078022e-01
7.880698376630466961e-02
6.630120511304031516e-02
1.692052401455326760e-01
4.519732380985112818e-02
8.147435929335795912e-02
1.139846298760014698e-01
2.165174158800043935e-01
8.449757819619239940e-02
6.811841637081220147e-02
8.161479247208576482e-02
5.301068934186355802e-02
2.111839836559328831e-01
6.871243318291035684e-02
5.438664220838238667e-02
9.294016779019947938e-02
8.666650068359994796e-02
8.510042986926855124e-02
6.447732051431482869e-01
7.359900688300739791e-02
3.704414230233762373e-01
1.277709226477690974e-01
5.301068934186355802e-02
2.342257356412049685e-01
8.496463910655797924e-02
8.094704767650209853e-02
1.212304917662673925e-01
2.817890714830831866e-01
7.344444189125769185e-02
6.810592950656506328e-02
9.689405468582999725e-02
7.453712387250140126e-02
7.727007983319521267e-02
1.162236452753468707e-01
7.972985177091436448e-02
2.070745544835231877e-01
7.471992205280021671e-02
1.548224540684297601e-01
7.851945880882472972e-02
9.377286037082245562e-02
8.447592177035924410e-02
1.146776634943901391e-01
7.752639634395200319e-02
1.016277340006110086e-01
1.013325812385187513e-01
7.672377646213950075e-02
7.686285523854184676e-02
5.212814837082666714e-02
1.133250225063139466e-01
7.800484519194997302e-02
4.229998319736880119e-02
9.284308579276227824e-02
1.130209090689565099e-01
9.264499207951981674e-02
6.488308025211773911e-02
5.666276523931960268e-02
5.835497293671758623e-01
8.691444660239220354e-01
9.883159894576878934e-02
4.529770359047366468e-02
7.442677444342421511e-02
2.522593133689924882e-01
1.013325812385187513e-01
1.386351902367468636e-01
1.013325812385187513e-01
1.414230112357693636e-01
9.433763417529851536e-02
1.058511014038263365e-01
1.571495434502822863e-01
9.419600260064636688e-02
1.126934840342523475e-01
1.234768732059813579e-01
8.696264005486120663e-02
1.134073949129800335e-01
8.646895562248398115e-02
1.049207979058309897e-01
6.539455010391267975e-02
6.885716470539229861e-02
8.789732595869792497e-02
2.437409814509359784e-01
1.138747925976052039e-01
7.793735570311749461e-02
8.204654234758408660e-02
3.893816829767386689e-02
1.043782310098490540e-01
6.034405061710138019e-02
1.958783837723295229e-01
8.030244199624375634e-02
9.011386826833973906e-02
8.269525267561235460e-02
1.828347525547840136e-01
5.669983466675559969e-02
5.013381389441860791e-02
6.862134659366031508e-02
6.504374431270241175e-01
6.638822346897768623e-02
5.741595506148546024e-02
1.126596818272855155e-01
1.138318629487207467e-01
1.500987401266672683e-01
7.558597180653840730e-02
1.082955619396952368e-01
6.823455408549619627e-02
1.183245435019403546e-01
4.793779934171779611e-02
9.763507617721196852e-02
6.000204658432600063e-02
8.102857569886642852e-02
7.663577783824240819e-02
1.024894062677033507e-01
8.269525267561235460e-02
8.787928996547919591e-02
