1.295971717243544208e-01
1.278017761630257654e-01
1.174008414521378607e-01
1.253808621196887407e-01
1.241874407613492853e-01
1.253808621196887407e-01
1.275021690662619667e-01
1.254492231970640581e-01
1.310179099156324467e-01
1.220020770082482775e-01
1.221327093031869815e-01
1.243120976521814441e-01
1.295971717243544208e-01
1.233473444772230226e-01
1.212392093581653035e-01
1.275021690662619667e-01
1.146266399206773423e-01
1.237350980943079798e-01
1.282489838077470745e-01
1.220020770082482775e-01
1.257396766469426053e-01
1.253808621196887407e-01
1.233264778355561281e-01
1.112006534411901643e-01
1.205201900833630518e-01
1.213563621183822439e-01
1.270134096520642020e-01
1.190495970213004129e-01
1.223723031417937729e-01
1.257396766469426053e-01
1.257396766469426053e-01
1.206123716381409666e-01
1.210841234869139971e-01
1.217472976571545434e-01
1.222104371431206038e-01
1.270494996968812573e-01
1.350346861584984792e-01
1.227083435112372861e-01
1.291862892396607176e-01
1.253808621196887407e-01
1.996317946706498980e-01
1.260846329581301051e-01
1.156437370167682915e-01
1.226199283144774055e-01
1.089146399805753923e-01
1.201878495327516755e-01
1.178310237068773414e-01
1.219336109095386922e-01
1.268270370526682067e-01
1.295073348778034983e-01
1.245118870596267219e-01
1.326355920933331434e-01
1.260062470049337358e-01
1.525478150766528262e-01
1.554511197250293408e-01
1.484438006918089026e-01
1.219336109095386922e-01
1.245118870596267219e-01
1.201878495327516755e-01
1.464892372404882903e-01
1.235004569246786754e-01
1.336082558570163004e-01
1.412957822675115216e-01
1.235429676205185012e-01
1.103535298122907127e-01
1.250223970712772970e-01
9.982171034704567791e-02
1.250650281547985854e-01
1.115768081355587860e-01
1.235004569246786754e-01
2.338237376832061898e-01
1.259141794403496051e-01
1.887006742495124234e-01
1.137855178330575007e-01
1.260062470049337358e-01
1.703354496698901155e-01
1.260062470049337358e-01
1.444473592990623279e-01
1.356927179792455640e-01
1.415231075106197778e-01
1.202358308298985129e-01
1.166001482589154314e-01
1.328035024620456694e-01
1.202358308298985129e-01
1.452465452398381540e-01
1.328066372803829998e-01
1.328054348333708168e-01
1.342354465639549466e-01
1.328065994115716353e-01
1.374765723598360134e-01
1.205628935876608548e-01
1.047126400692098835e-01
1.380625534139662547e-01
1.418397777224110479e-01
1.202358308298985129e-01
1.042818638497876316e-01
1.080958383125967814e-01
1.248262549572477509e-01
1.328048650613619375e-01
1.588204640699617531e-01
1.104529808009979408e-01
1.293484727790988609e-01
1.080958383125967814e-01
1.430504444730111013e-01
1.437998747346593276e-01
1.202358308298985129e-01
8.654739874298637836e-02
1.338090372780655068e-01
1.050244200173512110e-01
1.323512322941429731e-01
1.258445272059781628e-01
1.206720962221782267e-01
1.213583753406211052e-01
1.076436275754125704e-01
1.399114436575250031e-01
1.158691507107602048e-01
8.860931376406293303e-02
1.431458200506350587e-01
1.547762298061334529e-01
2.052994820521893971e-01
1.281497446755174574e-01
1.267594328102192025e-01
1.267142427934518645e-01
1.279509113540856224e-01
1.262896695404353009e-01
1.264001765692289447e-01
1.279111530651122486e-01
1.272463997444711059e-01
1.281396861105305318e-01
1.269579559347336628e-01
1.264909577800488738e-01
1.264255398304547640e-01
1.270537307084890766e-01
1.261905912297036914e-01
1.275278584153811956e-01
1.269773690727727666e-01
1.281497446755174574e-01
1.248345204401777181e-01
1.264909604838583279e-01
1.264637064775600839e-01
1.273302398611794173e-01
1.275565587108971333e-01
1.267594328102192025e-01
1.273302398611794173e-01
1.266102338035364760e-01
1.269447860796199534e-01
1.275931808922442234e-01
1.273302398611794173e-01
1.257541093427016754e-01
1.265635247150703191e-01
1.257482435931072673e-01
1.272652514062104778e-01
1.265404196926369074e-01
1.256560089519791201e-01
1.273302398611794173e-01
1.264879276670654307e-01
1.274371052608625210e-01
1.261376644598747598e-01
1.281497446755174574e-01
1.275584373913349334e-01
1.282514097803397202e-01
1.217833489847828798e-01
1.272846690791621105e-01
1.272846690791621105e-01
1.277227328127307493e-01
1.301850006620070277e-01
1.272846690791621105e-01
1.225173256340708616e-01
1.272846690791621105e-01
1.258218193104951033e-01
1.335138230929237557e-01
1.296615368930184031e-01
1.279776465035085409e-01
1.329526946501154161e-01
1.217236661737216841e-01
1.253382722991542852e-01
1.247776164316532765e-01
1.270757787623909008e-01
1.272554126469159497e-01
1.268364483481779770e-01
1.272846690791621105e-01
1.233678701503936326e-01
1.255828906833490466e-01
1.272846690791621105e-01
1.275781684250872350e-01
1.272846690791621105e-01
1.218976752363563482e-01
1.213025162427430609e-01
1.263207612374733502e-01
1.273477408655128151e-01
1.299321227638436660e-01
1.237985836812505180e-01
1.347998682934282155e-01
1.237985836812505180e-01
1.257236997362847220e-01
1.281999985274927811e-01
1.330332625459306473e-01
1.241526585030311991e-01
1.243076240742106708e-01
1.229905107407896075e-01
9.832400371990568377e-02
7.595799177343094677e-02
1.089049060370296390e-01
1.197809824070437401e-01
1.277120300411747067e-01
1.277120300411747067e-01
1.277812644292017907e-01
1.180134614303650353e-01
1.287974775279782658e-01
8.540447891031251182e-02
9.182709228184260386e-02
1.051639370897987230e-01
1.277812644292017907e-01
1.180134614303650353e-01
1.277812644292017907e-01
6.484418730098669148e-02
1.217721354001364553e-01
9.830027502688255814e-02
1.016326909413437091e-01
1.019045225752175099e-01
1.081842941240813011e-01
1.160045427371278470e-01
8.587698601174036106e-02
1.256188473488117907e-01
1.254033283174634805e-01
1.116467040026006829e-01
1.166308029834580845e-01
1.166308029834580845e-01
1.277812644292017907e-01
1.036087567212718302e-01
1.301664739382558944e-01
7.038312029464047215e-02
1.183990833753658239e-01
1.407640739888157966e-01
8.063318346902492717e-02
9.324254902095614750e-02
1.208129465261041924e-01
1.252546170275407877e-01
1.293208432628431825e-01
1.277812644292017907e-01
1.306280954260922167e-01
1.245426502648586398e-01
1.216406998875338014e-01
1.145961716685528348e-01
1.204759590480677933e-01
1.145961716685528348e-01
1.294759954400928614e-01
1.274643980015054689e-01
1.533194485069587776e-01
1.145798590127053707e-01
1.246669904479047047e-01
1.146201873297329477e-01
1.146325430002397144e-01
1.145750896575488398e-01
1.312767648750059746e-01
1.096065250748880365e-01
1.146126896432937692e-01
1.340034820933651005e-01
1.467912159798205607e-01
1.306273894217197251e-01
1.619789403583943577e-01
1.145827644075361335e-01
1.315233350836560178e-01
1.312400065388599490e-01
1.146234654350033882e-01
1.146234654350033882e-01
1.094723917719214457e-01
1.145930951688470673e-01
1.146086162335955977e-01
1.264362391631529137e-01
1.145796003136892727e-01
1.313149862983109262e-01
1.310100005388912525e-01
1.145827644075361335e-01
1.146325430002397144e-01
1.408381041142567347e-01
1.311508446893139834e-01
1.145798590127053707e-01
1.146047924313500083e-01
1.145944246598008670e-01
1.161401098012321415e-01
1.292108069560554962e-01
1.147331537870468487e-01
1.161401098012321415e-01
1.161576894104803942e-01
1.161401098012321415e-01
1.186404565124518778e-01
1.161401098012321415e-01
1.197534164440435256e-01
1.285715886352090664e-01
1.161389082006169249e-01
1.161413775194084508e-01
1.161585930063460670e-01
1.275904242394103050e-01
1.252524746418585966e-01
1.270097504468532257e-01
1.161398194258182470e-01
1.161347313258492969e-01
1.276365487270212373e-01
1.238156101135237247e-01
1.161347313258492969e-01
1.161315361184380168e-01
1.272351922266850288e-01
1.271317678766464565e-01
1.161401098012321415e-01
1.161398390464719599e-01
1.276583768537274399e-01
1.161576894104803942e-01
1.161347313258492969e-01
1.309758135784407362e-01
1.161540630477487929e-01
1.161587116948987058e-01
1.161585930063460670e-01
1.204383467417659004e-01
9.993298195231906100e-02
1.161491308737960387e-01
1.161491308737960387e-01
1.161315361184380168e-01
2.423194355186308324e-01
1.206642554597467665e-01
9.848646642901463799e-02
1.300077136881852835e-01
9.191685602841934144e-02
1.307469092522713372e-01
1.372707672952858116e-01
1.037891852436749612e-01
1.057225042346548044e-01
1.229618703646106342e-01
1.042004593594581946e-01
1.013345447969942331e-01
9.963201380631929449e-02
9.231597091081958362e-02
1.123806058448845041e-01
1.206992967387402471e-01
1.915249265600405815e-01
1.594691494261804565e-01
1.229618703646106342e-01
8.739250482766409978e-02
1.583485063044455798e-01
1.153314034460911491e-01
1.401503639612533547e-01
1.283340069385430771e-01
1.000704699317265106e-01
9.284374182798624253e-02
1.457407947590901864e-01
1.345501125208685700e-01
1.252437774621049937e-01
1.254275158023048231e-01
1.121781307896045771e-01
1.186065711738952255e-01
1.149714113050617631e-01
9.012809073357111456e-02
1.229618703646106342e-01
1.057225042346548044e-01
1.328528947009585126e-01
1.637702753864855587e-01
1.034119740481798944e-01
1.011341874883124742e-01
1.057225042346548044e-01
1.201716775584379532e-01
1.215766553831881258e-01
1.206029457864252058e-01
1.066021950601518387e-01
1.201942669273242947e-01
7.604714540118218125e-02
3.189046623603064567e-01
1.229040079241358746e-01
1.204329171723981795e-01
9.812057337114257760e-02
1.204329171723981795e-01
1.188968816604955570e-01
1.109112736936776755e-01
1.661033582371035933e-01
1.201716775584379532e-01
6.749927504842671844e-02
1.095949003811017980e-01
1.261822174395421381e-01
4.090141951849228519e-02
1.064383548033045468e-01
9.553417630728207321e-02
1.175027435369597056e-01
1.066021950601518387e-01
1.235985132361410305e-01
1.206029457864252058e-01
7.860258551197522869e-02
1.521485594610020586e-01
1.206136129572574350e-01
1.099432438441123178e-01
1.054421974442795590e-01
9.962397806353844032e-02
1.036460669835933268e-01
1.206136129572574350e-01
1.145324055463173285e-01
1.001165648823534177e-01
1.182869729560666050e-01
1.208601274005505766e-01
1.131563309373205817e-01
7.436972282445554472e-02
