8.349409458155114538e-02
1.149316855983472246e-01
6.660326883884848392e-02
9.388335489182729476e-02
5.716411038582912968e-02
1.167679790365616643e-01
2.794233998552134168e-01
1.140952558757318686e-01
1.007591593417492548e-01
6.116308767240939692e-02
5.772613087455632369e-02
1.248966465119376590e-01
5.114626099443211199e-02
1.321720163644062584e-01
8.632583362409279593e-02
1.512630739182757311e-01
9.804072625883342162e-02
6.117518487040331937e-02
3.370050312311446139e-01
7.226463491541658402e-02
6.181734733876257520e-02
8.646138152640142627e-02
6.117322957968159003e-02
1.151740287018056530e-01
9.182400943865523524e-02
1.097031387153416249e-01
6.006237129857770751e-02
6.356891523845061009e-02
6.662637603853903412e-02
6.111366591957341499e-02
6.111366591957341499e-02
1.248050197508520365e-01
8.678191938099549807e-02
5.116967389390048027e-02
1.211498908693301041e-01
4.676426553847352896e-02
1.193984004227744283e-01
6.930486503597620140e-02
1.271803846505535074e-01
9.630304701154054903e-02
2.488076763915210710e-01
7.634790999557515556e-02
5.669373918717646177e-02
9.819366464363439573e-02
8.981373341233984953e-02
6.420135838521386085e-02
6.773652392673734646e-02
3.801713166705001368e-01
8.233408193438086775e-02
1.431399074015921313e-01
1.531681513096955494e-01
9.355404794185120942e-02
9.361907730541543793e-02
1.264659160451438169e-01
1.392108389094584009e-01
1.897266575964172697e-01
8.173756915895920294e-02
6.455206445161247586e-02
6.095599095188113797e-02
1.051877993313636156e-01
6.117807251066748053e-02
1.301452464530398478e-01
8.966045733529028061e-02
9.966608631503032223e-02
8.363982515773757398e-02
6.818701463830225684e-01
6.021582922227081136e-02
6.418148926396716192e-02
5.975606428913781548e-02
1.771792966713107431e-01
2.524721439913854559e-01
4.009759808793362801e-01
2.049003107449483274e-01
6.446474503476405660e-02
1.496558808455179246e-01
5.000000000000000000e-01
1.279685796230862205e-01
1.010908220110812161e-01
7.654560696250398144e-02
1.218597918444371681e-01
4.609004602975989850e-02
1.360204104902022482e-01
8.163989633113867550e-02
3.806762319270646372e-02
9.931527893801926909e-01
9.553409958348610398e-02
8.237983861350517412e-02
1.345084010903833949e-01
2.207461131262441201e-01
8.601229924184898568e-02
1.316925729574348614e-01
1.121829947161735452e-01
1.429005824316643691e-01
1.363491053740625569e-01
4.609004602975989850e-02
1.446455261242342305e-01
4.638530131865604977e-02
1.278048474900979337e-01
4.213531660527864570e-02
1.379801037967696986e-01
7.179427591875983672e-02
4.835139019165280577e-02
4.638530131865604977e-02
3.861914526511066592e-01
1.274612017038633249e-01
4.609004602975989850e-02
9.805245579651579446e-02
1.306740796785033076e-01
1.252584758557012401e-01
9.849946229401783382e-02
5.251503815398460978e-02
1.649500762973490076e-01
5.626510394294099993e-02
9.323239900563469462e-02
1.296938793537842638e-01
1.358961061689131500e-01
1.294928312438238249e-01
9.729514283262501173e-02
2.146078136973409156e-01
1.467523862324872086e-01
7.067053590167109156e-02
1.337082097936784786e-01
1.100461446036680724e-01
1.478629022479447663e-01
2.097820754022451384e-01
2.934022678387353533e-01
1.286717647591187341e-01
1.003540357739007294e-01
9.604851567479139041e-02
8.127255037205985411e-02
1.008325316930255844e-01
7.585038661208338973e-02
1.073167616680709702e-01
1.401481394516091439e-01
6.918517380759887925e-02
1.286864785795573674e-01
7.940748518848420034e-02
6.112471004907753941e-02
9.670216846436381630e-02
4.438961237110971431e-02
1.647569620864021145e-01
2.023531415998510719e-01
2.022597308575027342e-01
2.469512976750893041e-01
6.441057609287133279e-02
1.012607464512854105e-01
9.848284744760184284e-02
1.760968534150105513e-01
4.568410307465330805e-02
4.525276519473239722e-02
3.379137220295227312e-02
2.247367640394263011e-01
7.466255983183002487e-02
2.120644740692335939e-01
9.179234506134054117e-02
1.395513612231994993e-01
1.035328539973736361e-01
3.333077361179392351e-01
7.940748518848420034e-02
7.545453927495293645e-02
6.348876732603429829e-02
1.247829059158463566e-01
7.219945500022233176e-02
7.348303203719845633e-02
1.364215974046867341e-01
1.250001320333022914e-01
7.219945500022233176e-02
9.733670237323147068e-02
7.348303203719845633e-02
1.117355468700359789e-01
1.953967479235947657e-01
1.260853464169404692e-01
1.471796839056475348e-01
1.358036066067668801e-01
1.115653452381032001e-01
8.106298600163898416e-02
9.681125431311989049e-02
1.016960896005841136e-01
1.092330260299181621e-01
1.285673627577352818e-01
7.219945500022233176e-02
2.158616589544790909e-01
1.273187050749038929e-01
7.219945500022233176e-02
1.171410176878202453e-01
6.899807621749702580e-02
1.522497746007621666e-01
1.367389270275181645e-01
1.290846098189888658e-01
9.067253094115951262e-02
9.222069892790642209e-02
7.361606211460838822e-02
6.329133789734240345e-01
7.361606211460838822e-02
7.847911644635729989e-02
1.704001920446581719e-01
1.261864222315994544e-01
1.185654507164330129e-01
1.004537813217648706e-01
1.293721699089288857e-01
9.727637913386935620e-02
7.305651187835852933e-02
5.747651079457501144e-02
9.696975632638997478e-02
8.794167487174262554e-01
6.731492633069131870e-02
1.137931404281808945e-01
6.053133289259070987e-02
9.390094427637543650e-02
7.105928046194710801e-02
9.357632537927629279e-02
5.666133270409159234e-02
9.842640830651333550e-02
1.048593975714589149e-01
1.502224371568476047e-01
9.280180553968077339e-02
5.907983449635547529e-02
1.194214439621373164e-01
8.073542675401523816e-02
1.205588316856969211e-01
6.113502085714286188e-02
7.794871530188414444e-02
6.093534328218148943e-02
5.248694496216695093e-02
2.104150337345091215e-01
6.690278701043163301e-02
7.533021427598667052e-02
1.103417296171194800e-01
2.106425005940719963e-01
7.938695251500207939e-02
2.164480884679650941e-01
1.147519359253598992e-01
7.441922024713301664e-02
1.151813568534443832e-01
6.641000659163320829e-02
4.765606383630428128e-02
5.111289959844003694e-02
5.855369091594113673e-01
9.326532040480262076e-02
8.863689747509660710e-02
1.291254266761620861e-01
1.188044353964611693e-01
8.660411393237564537e-02
2.950899463597043137e-01
1.151407488952142233e-01
1.370664667978668816e-01
1.259521498719416988e-01
1.126189804779257064e-01
1.091048814965961677e-01
1.293161405854817703e-01
8.600459813805871878e-02
6.404414595679058797e-02
9.687697551372670413e-02
7.034791247475193077e-02
1.275423555981501367e-01
1.457664866337647913e-01
1.097892038022294375e-01
1.286493220788868797e-01
1.541303610733853191e-01
1.178407620122893240e-01
1.329298580754921244e-01
7.177056252074300036e-02
1.323163669615499693e-01
1.275291580127891067e-01
1.221049300480130384e-01
1.109382986778535418e-01
7.252544618021738998e-02
7.176887053943344086e-02
1.132137055212055071e-01
1.280761897453396025e-01
1.148785094313974769e-01
1.294576504313809662e-01
1.269038290761409782e-01
7.177056252074300036e-02
1.242477239666004707e-01
1.483595180126960900e-01
1.287760322698969784e-01
1.064277502541555870e-01
1.124168379349593100e-01
7.185848389995612429e-02
1.119912321211762041e-01
1.285783109046478856e-01
1.238361505059313167e-01
1.232288851101565885e-01
8.639344116866465306e-02
1.345220684495426478e-01
1.233555006442170199e-01
1.240830079108970196e-01
1.089540835435733740e-01
1.292913745758814681e-01
6.625352180499247123e-02
9.008800348084430865e-02
1.475604280476427999e-01
1.277571001188349820e-01
9.186845909636789931e-02
1.147900461836507818e-01
1.862209115125363912e-01
6.190429276777349721e-02
1.256295316963100539e-01
1.181384686664789241e-01
6.622580112485954018e-02
1.110255506119469243e-01
1.830203006347080052e-01
1.558929523083180113e-01
1.182995196073153427e-01
9.533858342941362030e-02
1.211210045379993300e-01
2.504521262911473256e-01
8.438567532419763428e-02
2.694929487232734511e-01
6.619667319975788833e-02
1.202876735800079283e-01
1.679932462288609984e-01
9.397577929153638765e-02
1.171464393808198529e-01
1.198868043094431790e-01
1.486355306446669189e-01
7.545458623188951164e-02
9.516627915966292817e-02
1.275843012335186599e-01
1.074366977341293938e-01
1.517193238406647215e-01
6.427936735621787856e-02
7.436804190741912179e-02
6.936877530461885155e-02
7.691419959717833710e-02
8.624275290151481310e-02
8.415550425962609049e-02
6.894578496933387313e-02
8.169811481772384920e-02
9.366255225894415393e-02
1.046030954429916920e-01
1.952050378187160373e-01
7.198333535756884505e-02
9.871698873667485163e-02
1.153478551820527609e-01
8.476842282657888472e-02
1.044369110498705733e-01
1.687128929859273707e-01
1.079533314240311709e-01
1.005478854448049464e-01
1.128233606519457588e-01
1.210836537403276042e-01
1.324068651559271170e-01
9.279760001973491601e-02
8.343986807740802480e-02
7.886348830945108523e-02
1.345744977510636986e-01
1.201394433677404755e-01
1.253283629634512342e-01
8.894127837523192748e-02
1.193727775786923850e-01
6.487831163232350706e-02
1.051595381897557219e-01
1.892392896622652476e-01
1.418111710413045290e-01
1.127751981902561096e-01
7.510117539249615282e-02
3.209152895019876106e-01
1.781225092961198075e-01
1.434903964799435494e-01
1.682198006490207842e-01
8.540184102356342122e-02
6.864439839318565995e-02
6.158281141137130626e-02
1.634994911294625763e-01
9.695259079948721770e-02
8.738918816609927975e-02
8.072021283410914239e-02
8.434045517589999763e-02
9.282421874228466430e-02
1.046282638179098223e-01
2.677800718971519722e-01
1.287113181565833209e-01
8.156348069488938979e-02
1.037950518877258227e-01
8.078561197701591978e-02
5.142945554523152552e-02
8.708588851382881302e-02
8.940333824035200105e-02
8.702277505200638197e-02
8.607225214805350189e-02
9.798566677690115356e-02
1.512893639529299949e-01
9.722602398660275258e-02
1.998731521329217831e-01
9.296220497585606923e-02
9.670272131935332693e-02
1.139821618595545788e-01
9.386160627281557589e-02
9.821088284153692283e-02
7.800053941808880731e-02
1.088260916255208016e-01
9.773915063002078241e-02
1.359816326885601723e-01
9.710324738632269970e-02
1.116708646599938182e-01
7.740644128982966665e-02
