1.319583414939234645e-01
1.354428396239379939e-01
1.231164565907555547e-01
1.358212311757059365e-01
7.817512079833503769e-02
1.357178530741795786e-01
1.350169001147497050e-01
1.115505957092174233e-01
1.312288749458095372e-01
7.045536698672004439e-02
8.543015879598857276e-02
1.356001422333601436e-01
1.357973379830618721e-01
1.143310578022334600e-01
8.656115070678531420e-02
1.127665962908836333e-01
7.802135703670337596e-02
9.878233960186244556e-01
1.231164565907555547e-01
7.817512079833503769e-02
1.198535558492466735e-01
7.268499409644592346e-02
1.321799875026406224e-01
1.305383459385008049e-01
8.847947432253852607e-02
7.817512079833503769e-02
1.166325899590869714e-01
1.130697994230415449e-01
7.268499409644592346e-02
7.268499409644592346e-02
9.820283104108705474e-02
7.268499409644592346e-02
7.817512079833503769e-02
1.291786934936910436e-01
7.119929934019152140e-02
1.115505957092174233e-01
7.836336485259261242e-02
1.354213542813296756e-01
1.050741581311185613e-01
1.371312351034907062e-01
9.207235736724063424e-02
9.194993273365283104e-02
1.331738591802064942e-01
1.324395499377496455e-01
9.204969877642607545e-02
1.190690173035068855e-01
1.408240831855355479e-01
1.268313869713922903e-01
1.332014243292315714e-01
1.332089486485188434e-01
1.310000593480383224e-01
1.320389569038203370e-01
1.332030170608036468e-01
1.329235387803316681e-01
1.332072338274500334e-01
1.331893850865367435e-01
9.198481440360635475e-02
9.191818287684619393e-02
9.207202923889735990e-02
1.148065788237342122e-01
9.202427692407383342e-02
1.329814560612749830e-01
1.319504372813692927e-01
1.328090104677271954e-01
1.686571658032624821e-01
9.196990896108173108e-02
9.195164665664248838e-02
9.191818287684619393e-02
1.332072030347705160e-01
1.331279227560660527e-01
1.334021438345961152e-01
1.332072359433406628e-01
1.279245793175161072e-01
1.332071550481973565e-01
1.384689134857662318e-01
1.331995427409937705e-01
9.195122780134633300e-02
9.207235736724063424e-02
9.198481493084291472e-02
9.189393840964471538e-02
1.337107981730716322e-01
1.060495879267258357e-01
9.360025141498660994e-02
5.787038579175373121e-01
1.314927048531478460e-01
1.119455574433291523e-01
1.334909249343193827e-01
1.389064046831358923e-01
1.086411400253573800e-01
1.180626987081549450e-01
1.241757349106482333e-01
1.335034181206553316e-01
1.338542915426224611e-01
9.354694367644966757e-02
1.058974891738790475e-01
9.354694367644966757e-02
9.356748891613538011e-02
9.359218753512324462e-02
1.334922139221935422e-01
1.081863349102420435e-01
9.354694367644966757e-02
9.354694367644966757e-02
1.290992829522591701e-01
1.195375021421778428e-01
9.354694367644966757e-02
9.362441792858465506e-02
1.233841513175144428e-01
1.290227613505261495e-01
1.277404900401884480e-01
9.354694367644966757e-02
1.124768862777576206e-01
9.358091701086583558e-02
9.362272808175391148e-02
9.353367940780914214e-02
1.334616472474349502e-01
1.315336464708886655e-01
9.359218753512324462e-02
9.358877167229401328e-02
1.270393376263003749e-01
1.376315328445511244e-01
1.058188338551972196e-01
1.299758620669431708e-01
1.300774228562328605e-01
1.300274838512705255e-01
1.300505372591936604e-01
1.058256639122411719e-01
1.057978347083202014e-01
1.288645948713292577e-01
1.057978347083202014e-01
1.057978347083202014e-01
1.188487349479928623e-01
1.057978347083202014e-01
1.057844372217925238e-01
1.236822427167437038e-01
1.300401508488766567e-01
1.058280834019045963e-01
1.300455263992841004e-01
1.300448327367017265e-01
1.300253564636473513e-01
1.300375115598444431e-01
1.299215188536896881e-01
1.299108163345359390e-01
1.329352328255344051e-01
1.057999999651514644e-01
1.257067935579927742e-01
1.237106220215614671e-01
1.302244337151618470e-01
1.300454614188236990e-01
1.300264976345122947e-01
1.300442660713445053e-01
1.057978347083202014e-01
1.274123493340590385e-01
1.300458455340077479e-01
1.057999999651514644e-01
1.057978347083202014e-01
1.058280834019045963e-01
1.300458475368056754e-01
1.058280834019045963e-01
1.300275335074912442e-01
1.300536579568008222e-01
1.250084493192734902e-01
1.128600110170821375e-01
1.128664280410560383e-01
1.313379499652373161e-01
1.297829726011009155e-01
1.128600110170821375e-01
1.128682166213677007e-01
1.128664280410560383e-01
1.245674116480733479e-01
1.128380832644403919e-01
1.249623580539467732e-01
2.638430310472476559e-01
1.313113529050770889e-01
1.249090049765656379e-01
1.128639582275745568e-01
1.200030146097969402e-01
1.128400853443058960e-01
1.309094720384986754e-01
1.306695705205334068e-01
1.128600110170821375e-01
1.296951778997859628e-01
1.313303995277929070e-01
1.128600110170821375e-01
1.194180811978077517e-01
1.127903075065747884e-01
1.313322851190003859e-01
1.313234897415835878e-01
1.313353136058756643e-01
1.201323324810722459e-01
1.128314554080075277e-01
1.128682166213677007e-01
1.298765916021961953e-01
1.128682166213677007e-01
1.128682166213677007e-01
1.297969860672738562e-01
1.242346398982327044e-01
1.291063433966487539e-01
1.245334004432974845e-01
1.457924710607706176e-01
1.128386948399875550e-01
1.338193676753952344e-01
9.305077821322788045e-02
1.338194594473628984e-01
1.454695685253923343e-01
9.298890607196567959e-02
9.298337562794577182e-02
1.338501365962691814e-01
1.338239750050582433e-01
1.337159597167840719e-01
1.338239598183652845e-01
9.298095393339038395e-02
1.338239492915511697e-01
1.325369338559541643e-01
1.338234814077032542e-01
1.329296721863786057e-01
1.337143819914327347e-01
1.338239711807805987e-01
9.305077821322788045e-02
1.338220794971322070e-01
9.305077821322788045e-02
9.305077821322788045e-02
1.313379240956087379e-01
9.305077821322788045e-02
9.305077821322788045e-02
9.305915278089151033e-02
1.334589069100287628e-01
1.331547313887338213e-01
1.316675164957254729e-01
1.341214040032262800e-01
1.337785790155628096e-01
1.336981896738858311e-01
9.302557578119514947e-02
1.182390125749980259e-01
6.052550602217295905e-01
9.304833640914048076e-02
1.330740173341010135e-01
1.338239271368562300e-01
9.305077821322788045e-02
1.338233458897438444e-01
1.338115827289312887e-01
1.169080175172795832e-01
1.010009768095542076e-01
1.100181491232732206e-01
1.532432454683673173e-01
1.349238532109167110e-01
1.239220787996296175e-01
9.217913027561144834e-02
1.356326972529032504e-01
1.011398392100486543e-01
9.185280115041409565e-02
1.315537955587575691e-01
9.185280115041409565e-02
1.186827075985505825e-01
1.356991960004854947e-01
1.316326384947950900e-01
1.354370893493023753e-01
1.353241315569090608e-01
1.010009768095542076e-01
1.356560982962901063e-01
1.011398392100486543e-01
1.356654981115863745e-01
1.205231561448293770e-01
1.399062937561988407e-01
1.356586469249298210e-01
9.612610198007003059e-02
1.009634434073767018e-01
1.329316832988476638e-01
1.348946209434597476e-01
1.327531027010498133e-01
1.339900250023376982e-01
1.248122870736392553e-01
1.011398392100486543e-01
1.355614356608285109e-01
1.364253091503656035e-01
1.197570978042511308e-01
1.326426057485445009e-01
1.284592288067555876e-01
9.262070582077924774e-02
1.352891277644884538e-01
1.176101947323731634e-01
1.364274821274067961e-01
1.377779865317804442e-01
1.279182387237708385e-01
1.382363992417922072e-01
1.376633199511397565e-01
1.380055649552907049e-01
1.373704167914277796e-01
1.380020550075545804e-01
9.521010285772367465e-02
1.301725855063939341e-01
1.380496912579415592e-01
1.211578961738170174e-01
9.518834158705555271e-02
9.520267622244500683e-02
1.782694130908949182e-01
9.517287348512694367e-02
1.170547872395717171e-01
9.520302699378535571e-02
9.518858028786908454e-02
1.297499799733117798e-01
9.517964728943960340e-02
1.369091754664843730e-01
1.373275030233195582e-01
9.519439094405944546e-02
9.523749759099192636e-02
1.452566067321925114e-01
1.265458744141801650e-01
2.585989319972266665e-01
9.518834158705555271e-02
1.378347845724404996e-01
1.267035344006897934e-01
9.518834158705555271e-02
1.349494977489545666e-01
1.380272808563398068e-01
9.518834158705555271e-02
9.518834158705555271e-02
1.317665982954893955e-01
1.379297613908394837e-01
1.332567483351295989e-01
1.327746878384327145e-01
1.065423347484915628e-01
1.065109471457905549e-01
1.065107414469550623e-01
1.313081439500445591e-01
1.064861173948600803e-01
1.289858429828920350e-01
1.065107414469550623e-01
1.065121966787224428e-01
1.320458269826934039e-01
1.332706997773239754e-01
1.324659047104278786e-01
1.064838509491891627e-01
1.064920895926374511e-01
1.182484798375630919e-01
1.298502378592007733e-01
1.296829031702339541e-01
1.334551448187119016e-01
1.331744276515324787e-01
1.253103462491391151e-01
1.333159313818003955e-01
1.352277015141883365e-01
1.336302497148190438e-01
1.351356567013745347e-01
1.064932161700009455e-01
1.065132652006034741e-01
1.333507608006487544e-01
1.064861173948600803e-01
1.345572841230338601e-01
1.064861173948600803e-01
1.332258951689086202e-01
1.241554986587698473e-01
1.064836057247288137e-01
1.289504471027900501e-01
1.288593217923270640e-01
1.303716414543146795e-01
1.087726317144650512e-01
3.984770657817764405e-01
2.233665308196758348e-01
1.268659296065289543e-01
1.800280640138675892e-01
1.112371792946181687e-01
8.809589390444813595e-02
1.077571911331651477e-01
1.308595294062268599e-01
1.003982202234727367e-01
8.913797813256039981e-02
1.291133537227316108e-01
8.766472792716749340e-02
8.934128677761643544e-02
1.002617241313450702e-01
1.689975670535523999e-01
1.080502419844737577e-01
1.350018453043667910e-01
1.003982202234727367e-01
1.067636580502019233e-01
1.220303454416170608e-01
1.003996787702287063e-01
1.003982202234727367e-01
1.277985665181973207e-01
1.002782056646383119e-01
1.266580319831024093e-01
1.600861829301399308e-01
1.069050822790874461e-01
1.126590860500853164e-01
8.936171628962623348e-02
1.124926653927620229e-01
1.002617241313450702e-01
1.534689952381774192e-01
1.161292985928383953e-01
1.003026659670043508e-01
1.002617241313450702e-01
1.068145008310673744e-01
2.382069922826738073e-01
1.093576189556965950e-01
1.003982202234727367e-01
1.247171425909363446e-01
