3.763364021946430382e-01
3.374788208414211677e-01
4.080885962197547956e-01
2.239610349854518068e-01
2.923481127152794956e-01
2.064195574913235687e-01
4.070313579387073166e-01
4.422307251581915621e-01
2.016809200298725346e-01
1.440044553147110384e-01
2.584009025305023521e-01
3.844193037550064362e-01
2.979303185993032455e-01
3.613839618211446836e-01
3.438066110316842505e-01
2.049880575366052615e-01
1.945106679885215961e-01
3.501451297426859677e-01
1.463338924043870726e-01
4.462834992201182849e-01
2.283292321086212162e-01
1.792441149218268748e-01
2.007273623000767615e-01
2.736764679396845867e-01
3.099218553562980150e-01
3.403575982923571774e-01
3.623180631383290384e-01
5.799975440830094087e-01
2.974748121532552192e-01
2.378190921259980550e-01
4.695607859012335683e-01
2.191856026723824069e-01
2.901240927960545002e-01
4.583959312608363867e-01
1.997920320177752063e-01
3.333599691909266416e-01
1.676210529931272397e-01
3.318883482549178643e-01
3.016945470286668263e-01
2.323986310375701636e-01
6.126014763789487949e-01
1.636696893470244996e-01
3.283396094577833435e-01
3.848231223962937930e-01
1.359470853906300791e-01
4.578074652554434132e-01
4.043130618019615818e-01
4.048943638897420372e-01
3.084885824359439033e-01
3.782803317361408402e-01
1.764272931203795525e-01
2.096678839906274960e-01
3.716985322771247935e-01
1.997920320177752063e-01
2.450796538387067791e-01
1.359181990796231865e-01
1.696560346107817974e-01
3.698790341186468655e-01
2.490184855059492108e-01
4.283087410173290199e-01
1.917995462271157303e-01
2.715363205340323161e-01
1.997920320177752063e-01
5.700304680461802942e-01
1.998219023623215018e-01
4.486731204709366039e-01
4.563986628295736425e-01
2.283028204286912388e-01
2.326520856173197316e-01
1.282475104061543969e-01
1.997920320177752063e-01
2.179553871076235771e-01
1.463338924043870726e-01
4.076559032282843220e-01
1.952649326371368455e-01
4.620618407001185202e-01
3.305686508883053931e-01
4.654841996132748627e-01
3.435974529929341492e-01
4.587074144860702196e-01
2.542841243920890282e-01
5.000000000000000000e-01
2.639120385928677703e-01
2.334878899715706613e-01
2.433145813276821612e-01
7.176927294916685129e-01
4.751036420901932900e-01
2.334878899715706613e-01
3.405797829527112963e-01
5.906869907286959043e-01
2.787195204195793141e-01
3.365657445010258320e-01
2.268350285653285558e-01
2.744769869981459331e-01
3.066248459921070979e-01
2.335968666165088858e-01
4.001783200150369479e-01
3.998988898729440300e-01
2.618771102340772816e-01
3.675629849439011609e-01
1.573836255785242555e-01
2.918076688472768243e-01
3.065468239829534092e-01
3.491756883925504762e-01
3.477492409009722008e-01
2.456262910271437006e-01
2.644468167445366835e-01
2.244592843661407655e-01
2.413596293235914791e-01
2.319640931751424662e-01
3.120227537476857882e-01
2.902375586387662687e-01
2.334878899715706613e-01
2.389070126533890392e-01
3.115084988767759522e-01
3.343479220730496415e-01
2.221602793514881324e-01
6.401492422113760350e-01
3.462963925747287730e-01
5.000000000000000000e-01
2.614012577668669568e-01
2.544919119314597578e-01
2.325879559268988206e-01
5.152824638923446665e-01
4.656468153917858732e-01
2.624707712281260652e-01
2.665811303558783818e-01
3.282179197760750067e-01
2.976268266642961291e-01
2.386386515767195682e-01
5.522236059684165754e-01
2.278160036539411404e-01
3.547874691600720332e-01
3.326773797603967409e-01
5.967643512034466191e-01
4.466746440917910288e-01
2.183309049586494577e-01
3.356341478107814358e-01
2.448502945930987607e-01
5.472498297722182548e-01
2.398736376389269676e-01
5.424640889976158897e-01
2.439796015404095963e-01
2.689805554141457833e-01
4.288319813538634118e-01
2.610702041712349430e-01
2.855060816807722390e-01
3.154322795865253104e-01
4.255241803355988006e-01
4.541142687350960272e-01
3.402645235153622383e-01
2.645318020808027915e-01
2.726889382421535113e-01
1.624232499602678292e-01
2.286387022269458502e-01
3.188496266177752725e-01
6.113217464853019090e-01
2.199581056376582466e-01
4.857520262546090040e-01
2.245064300257117729e-01
6.316079535643509546e-01
5.202311566876953730e-01
6.719504196146111052e-01
3.748997741370003189e-01
1.899815426692506859e-01
2.367432771119818979e-01
2.554495845071835247e-01
2.132162601942994562e-01
2.122977128706911298e-01
2.122692865293479003e-01
2.041249411799287983e-01
2.100876318519293295e-01
2.122977128706911298e-01
4.635699268086616032e-01
3.569505458783283625e-01
2.571874202269549547e-01
7.573825720411575535e-01
2.474890884879213382e-01
2.122410350298627735e-01
4.285467090967742809e-01
4.662787071953042317e-01
5.381861812586858917e-01
2.122739987039108656e-01
2.074992103788305675e-01
3.839975873644498328e-01
2.078510033702002657e-01
3.197681907807250479e-01
9.935998820405568532e-02
2.098743363894936820e-01
1.337500642336302004e-01
3.091328018694771695e-01
2.403678687021135740e-01
5.329802668427017220e-01
2.169064465159739330e-01
2.438652593825867687e-01
1.193484708265307725e-01
2.355551369687500507e-01
1.829250456448512085e-01
2.031131986898956632e-01
3.232605544252102336e-01
2.873555194153438741e-01
5.314749049303927331e-01
3.671820139229735047e-01
3.635074385432696675e-01
3.607805245219993240e-01
2.122605782182523937e-01
6.898292034242906601e-01
2.588677551022271484e-01
3.905483300666230395e-01
3.202366193285942075e-01
2.782215451289432040e-01
4.746695123578270614e-01
6.130921979087493590e-01
5.000000000000000000e-01
4.800920093682770617e-01
1.485817377825288665e-01
6.174207206844998241e-01
5.511094261543098005e-01
8.582282249214012726e-02
2.482519332454524441e-01
4.626913998512223181e-01
3.885909098029398101e-01
2.569618100893931723e-01
2.882090751501086290e-01
2.298161107497869171e-01
3.822468401619828482e-01
1.785708501568518958e-01
7.037395231345845437e-01
5.785607583088112627e-01
3.406657876569946231e-01
2.104902163808208548e-01
2.721615806016432493e-01
6.078849237975741948e-01
2.877627802566201098e-01
4.422718440710371457e-01
5.568755547995668520e-01
4.570015960813140210e-01
3.277955768660684166e-01
2.649596507274886159e-01
2.528420917679248814e-01
4.194254618715465566e-01
3.155459014088121128e-01
3.280847234117993949e-01
2.883234926727002434e-01
3.939535993366083955e-01
5.776769512980268750e-01
5.613402578513647656e-01
6.811730662448082230e-01
2.407368142687104917e-01
2.197093979207247194e-01
6.265068655618085680e-01
2.185211851351496204e-01
4.446117061396486214e-01
2.504257691228145011e-01
2.649580594645465914e-01
2.889453004268951464e-01
2.559633695368959683e-01
2.779756531237738693e-01
2.315324095176468644e-01
2.090007196437621562e-01
2.253372914880419353e-01
2.303303639635439770e-01
1.960068156506706571e-01
3.653464576798880481e-01
1.729401166020117786e-01
2.293228599504234522e-01
1.944889215365488422e-01
2.221342288215767957e-01
2.302525976156134246e-01
3.042810505532781984e-01
4.596310890412687589e-01
2.276744365356186406e-01
1.540665954532578208e-01
2.302525976156134246e-01
1.935490750375928048e-01
2.968350173290935645e-01
3.511835931368323949e-01
5.270739600480314202e-01
2.437310917583478398e-01
2.549122123302204335e-01
1.423820061847870244e-01
4.171997133067462116e-01
2.886415670288767776e-01
3.084935922919749274e-01
2.556228085213324008e-01
6.091926038890745909e-01
2.459779636007994874e-01
2.763177549799661903e-01
3.994474952113490351e-01
5.660745157983325671e-01
3.452699211495381393e-01
3.359553925422574805e-01
2.232307981790420670e-01
5.399206831434235632e-01
3.967349428580367321e-01
4.829560878031159410e-01
5.182091156447151681e-01
3.320342911229079985e-01
3.012176507338948928e-01
2.949159337861007035e-01
5.000000000000000000e-01
4.661989871743060232e-01
6.454417139655267421e-01
3.476657526669188480e-01
5.000000000000000000e-01
2.999178833668063038e-01
5.524124205099595342e-01
4.048574399102553012e-01
5.328375622360305153e-01
5.687198877271618658e-01
2.900065432001752708e-01
3.651116810250998879e-01
5.086609833934173652e-01
1.683698849062487124e-01
4.543115482791484916e-01
4.187461888065212023e-01
3.105718698993352178e-01
2.716887569253592649e-01
3.284563152056462765e-01
4.898933341443005296e-01
5.480771849774535021e-01
3.616669646371912794e-01
2.166321839409579286e-01
2.152076505930952677e-01
3.013000316621319841e-01
2.304123905222830726e-01
2.309152606906862970e-01
2.452220523896078697e-01
1.929043044257265083e-01
3.277423166839789626e-01
2.047423405708285182e-01
2.976366398257840329e-01
3.701746457544595748e-01
3.173519821565596311e-01
9.840118267870925917e-02
2.324466504283554391e-01
4.340996716385609466e-01
3.755535837770366259e-01
4.175089493411338060e-01
4.722168442831004009e-01
3.164302883542399747e-01
2.324515321936298784e-01
2.324467592923715187e-01
2.079543766187353926e-01
2.990869846261116072e-01
2.324515321936298784e-01
4.088443035205894249e-01
4.745460162761978573e-01
4.630985611976498051e-01
1.832379085691283604e-01
3.226229777542833355e-01
4.913480811571886431e-01
4.331723661674689030e-01
5.992648337385884094e-01
3.355981111576897824e-01
2.962454427413268587e-01
2.447830314328889589e-01
3.188115769871006644e-01
3.439183179643665045e-01
2.998335899341105226e-01
5.602770678355764034e-01
3.083240574698276060e-01
3.376331503406621581e-01
2.214711985492482105e-01
2.741686372929007520e-01
2.337305014416923565e-01
5.835060545053242231e-01
2.332111828312774526e-01
2.810671552796261130e-01
3.693750919455243142e-01
1.368397899329855394e-01
2.036704601003678228e-01
2.324596615105241348e-01
2.324596615105241348e-01
4.789660705483637093e-01
2.324509651732027948e-01
1.979503390507372229e-01
3.106314247190620215e-01
1.532283492874801367e-01
1.269593138013917488e-01
4.428403584642104929e-01
6.723249970361621086e-01
3.464905212066836659e-01
3.569828451754794574e-01
5.487326917272342675e-01
5.323453899344265938e-01
3.434735844738788235e-01
2.775843246032647649e-01
4.195878835429448506e-01
2.351079076771645515e-01
2.624191237729114334e-01
3.950056052430329090e-01
4.170531357952466101e-01
2.324596615105241348e-01
4.292279494837946685e-01
3.987460306889015205e-01
2.548575245313033921e-01
3.621544814815497171e-01
3.777629226771836990e-01
5.625447501447422560e-02
3.636135831008642239e-01
3.845199031973614567e-01
3.623399558131464859e-01
3.602126313645212519e-01
3.876924270713890675e-01
9.702584909777831612e-01
4.054376293338453063e-01
3.623333638699194892e-01
3.443780410028525196e-01
3.784717957344564954e-01
3.632732292284087117e-01
4.185455953361478798e-01
3.662294744432477711e-01
3.198375737283091769e-01
4.216434889541266218e-01
3.723773535814782765e-01
3.844993495499982594e-01
1.028522374380261700e-01
3.625746098491696712e-01
1.085238515554250716e-01
3.793688474658363230e-01
9.702584909777831612e-01
3.623295289654412388e-01
3.625563590148559445e-01
8.814863505204133254e-02
3.430672752904096456e-01
3.649903898033985961e-01
5.653888701339677969e-02
7.126445025267379441e-01
4.151202539123358681e-01
2.939816427960484368e-01
3.623925361871673245e-01
3.003512111240710380e-01
3.783290268979708215e-01
3.608577982580701837e-01
8.071812439481855506e-02
3.631927886247046655e-01
3.942197324968330641e-01
6.078450523509312253e-01
3.550207802942524915e-01
4.470586393029164496e-01
3.643880534697667151e-01
3.621531495712563831e-01
3.822273580095342238e-01
3.644780515239119945e-01
4.567657615916616010e-01
4.068362610815982605e-01
3.618824507767323118e-01
3.391064411999721306e-01
3.216210168304538541e-01
3.485545988368090597e-01
3.090514409269786711e-01
3.577187431361077419e-01
3.881988049047448985e-01
3.623339457270841057e-01
4.845056159143035779e-01
3.617143529328789575e-01
3.628165171902894004e-01
5.082802457561039766e-01
2.984356900544504754e-01
6.492455122236969745e-01
6.948409036844090114e-02
2.613175367858547316e-01
3.559949102764067841e-01
3.623711078316385614e-01
2.894592256279607811e-01
5.456413216717502512e-02
1.106534968719526807e-01
4.764516104559793908e-01
3.599668586679143911e-01
9.058216849636719914e-01
4.648931093749447130e-01
3.765630566308559857e-01
6.607998437066137098e-02
5.625447501447422560e-02
3.623290737391509087e-01
2.123652933109831109e-01
1.732721809709412697e-01
1.242586094522477730e-01
2.595392378744188489e-01
2.093604669986954825e-01
1.596401674091803558e-01
6.387015001719744678e-01
2.862180358775490707e-01
2.783312714155240508e-01
6.174264113808834997e-01
2.057070461056657307e-01
3.657842841549647228e-01
1.287413678647741644e-01
3.563605505606435297e-01
4.210556880674793390e-01
2.761036641937429370e-01
5.000000000000000000e-01
1.186385508744215861e-01
3.326908235821986470e-01
6.387380453807628422e-01
4.279583413663953784e-01
6.388469122115305598e-01
2.517831137971691113e-01
6.262108245434954146e-01
2.083138784409144795e-01
1.292000970669846538e-01
6.387380453807628422e-01
5.068766606185506340e-01
2.825677258303277983e-01
5.000000000000000000e-01
2.852279115528121856e-01
2.942415330524446038e-01
3.427609021178810167e-01
2.518131022664671925e-01
3.428737865927217743e-01
4.177903196218462623e-01
3.330129531939026721e-01
4.405406939906431618e-01
2.307121498872117260e-01
2.492145513787717703e-01
3.386036829078201138e-01
2.122748842523238255e-01
6.227584599540646471e-01
3.638246224067699930e-01
2.986398170217258730e-01
3.144229145965213301e-01
3.234041555138759128e-01
1.475586804916467487e-01
2.755716052690664886e-01
3.735719485296054021e-01
6.916355179397842834e-01
1.920288740519794091e-01
2.333595154323459264e-01
2.864502735094930919e-01
2.725468708220624703e-01
4.266306514218128898e-01
3.234197682214541292e-01
5.961984807790411400e-01
2.539630785054300399e-01
1.841013119952929489e-01
1.821081671053704221e-01
2.179985012567201563e-01
4.349022168471143313e-01
2.123777215953311648e-01
6.706684572638166308e-01
1.412425333913406578e-01
5.132860127102280012e-01
3.705135466065720418e-01
3.496045023416432529e-01
2.472023212691813465e-01
5.099922117580929504e-01
3.573621686062605218e-01
3.018731961465589975e-01
4.507445756609977927e-01
1.646529166550994849e-01
2.016637197350580057e-01
1.428559594293747348e-01
6.388173408902279027e-01
4.522845206105675087e-01
3.733716088269081190e-01
3.511364215727670879e-01
3.646334827237693865e-01
3.509262428235026543e-01
1.551886837260009755e-01
1.979545558672459460e-01
1.915944363838394671e-01
4.415522181647921762e-01
3.512315097825395305e-01
3.517999343129343259e-01
3.504305060483095535e-01
3.498240923562747628e-01
3.146764134577661465e-01
3.512327620476509704e-01
3.516511790583990438e-01
3.563281627094595505e-01
3.387691087019744640e-01
3.514974941493529959e-01
3.783012473207745252e-01
3.491631915564595845e-01
4.882454549915861142e-01
1.643555474847615827e-01
3.486192502265251791e-01
6.749344174814093655e-01
3.556436958972138407e-01
3.515357187724267862e-01
3.449254243348985893e-01
3.389202587199008909e-01
3.545621603887572082e-01
3.514115090607727310e-01
3.509219969041342257e-01
3.790672739214412390e-01
3.512410407239689447e-01
3.295060504218841890e-01
3.512327587534641027e-01
5.573572359885066163e-01
3.517264416983991726e-01
1.642568255742342387e-01
3.479832713439375280e-01
3.904979722149823917e-01
1.823685987902616545e-01
3.513526183004465619e-01
3.511029630735025275e-01
3.507597469251091393e-01
3.512012670480739729e-01
4.007118864312505524e-01
3.512327620476509704e-01
1.667803835975069093e-01
3.504995642102607389e-01
1.526943128139579831e-01
3.512337458233388277e-01
1.526943128139579831e-01
2.047184714540233874e-01
3.526430784149769959e-01
1.749476677444679606e-01
3.512299417178038619e-01
3.512280182205299583e-01
3.512304527057197867e-01
3.500873052759824744e-01
3.513237398702370173e-01
3.193039213477771310e-01
1.621198571726241988e-01
1.739771848644505459e-01
2.922914324888479798e-01
3.508132602784959642e-01
3.510917797726322287e-01
3.511741715045658130e-01
3.512467134370700905e-01
2.079188585115416821e-01
3.512327592241289986e-01
3.512326776208944956e-01
3.516154966004341187e-01
2.198613326692769321e-01
3.526599633413254886e-01
3.512339848173753332e-01
3.512327615692381055e-01
3.430283113749413304e-01
3.801673722903307628e-01
1.911381934186655585e-01
3.112445592262992888e-01
2.828270104391206741e-01
2.045382354791562829e-01
4.413985651951838340e-01
4.125320458065067641e-01
3.436678352644383372e-01
2.398790707271465095e-01
3.091295120421662102e-01
2.772016429213068900e-01
4.692847994304073511e-01
9.133347990919687964e-02
1.461784248903585381e-01
3.958202319623717602e-01
2.447306963962218862e-01
4.721268475871324144e-01
5.732822474482359709e-01
3.363611922815647470e-01
2.999046764965970224e-01
2.927945244417630155e-01
5.108613027602635359e-01
3.283706660322810444e-01
2.263728381914595633e-01
3.747928426133306234e-01
2.180171831169372687e-01
3.421010666428218050e-01
2.879196501790041163e-01
1.728182953963091073e-01
4.857789532939112975e-01
2.099142989747979082e-01
1.579128186681572066e-01
4.486686110753244638e-01
3.956690975203274174e-01
3.052789426888717905e-01
2.507906069488256562e-01
4.571066024743404288e-01
2.115264517923289012e-01
2.903660003714049198e-01
2.415875210592146327e-01
5.064004080957358322e-01
3.038112775229159790e-01
1.924218309968839247e-01
4.505496277419396844e-01
2.397507411351184614e-01
4.480910866255025660e-01
4.491048995777616737e-01
2.666612080429867082e-01
4.292236954737645438e-01
3.044704401533967486e-01
2.927945244417630155e-01
5.658556290015804846e-01
4.328348109749112216e-01
2.744399856001090154e-01
2.831079688880511758e-01
4.376559775375581940e-01
3.690355186049396052e-01
2.928267619324481097e-01
2.346734080036966541e-01
4.236796914008885140e-01
2.072390641697213209e-01
3.112154307746002879e-01
1.931028725094607879e-01
4.302347171043188201e-01
2.927945244417630155e-01
3.325944948830391601e-01
3.969480969614050947e-01
3.843678637425594902e-01
3.710741898907479186e-01
3.666387697450855798e-01
3.489167828801578164e-01
2.817537926863158959e-01
3.408736228199665819e-01
3.211999423159863087e-01
3.771652084349723655e-01
6.387931912819202473e-01
5.632132835007305216e-01
4.596712770189686492e-01
2.098498578042260476e-01
3.779537062196372532e-01
4.238600833664113443e-01
2.051393023029919327e-01
1.405559280403030908e-01
2.828565652715294698e-01
3.092926810351601108e-01
3.694061896036869297e-01
4.295118404893482622e-01
3.192633499195290381e-01
2.089547137275863387e-01
1.801163885903221684e-01
4.393373895685669939e-01
1.713303833492233752e-01
2.561866623387847874e-01
2.602848196558694704e-01
3.828270299574211832e-01
5.000000000000000000e-01
1.574972800123376482e-01
4.013218499255055693e-01
2.639868290051181621e-01
2.251676220318643007e-01
2.021711277430770504e-01
2.768956480698515632e-01
2.610273674870554617e-01
2.227911434402079505e-01
1.827576302462821101e-01
3.477616325213661597e-01
2.425933688598235216e-01
2.809703232654932603e-01
2.047414243866801098e-01
2.790430943632854488e-01
3.407192627531011597e-01
1.673668964861729225e-01
3.348267927426819002e-01
2.665013935480078922e-01
1.190240552352129638e-01
3.169323935649446256e-01
3.303026131297986390e-01
2.233032034595801851e-01
2.158288549194024575e-01
4.110633460979505882e-01
4.790895982089589111e-01
2.138218459661941073e-01
3.870838790114966566e-01
1.733594342643520470e-01
5.000000000000000000e-01
4.785126730272012963e-01
2.571531744904844707e-01
2.493064950883869535e-01
2.244551432319668305e-01
5.000000000000000000e-01
2.971797116197736899e-01
4.163708296970942135e-01
1.764900669444818271e-01
3.656184547801660800e-01
3.418301989196044222e-01
4.486917973650632607e-01
2.695509928115978893e-01
5.000000000000000000e-01
2.877105748571917587e-01
1.858950900002693529e-01
2.261248736415145677e-01
2.847272702108186171e-01
3.909259246864824067e-01
2.221214619272300905e-01
4.504832466317898465e-01
4.202779445969937466e-01
4.175288406988575951e-01
1.071071682392233798e-01
2.392393947361661222e-01
2.864793989299539989e-01
2.954283040557745821e-01
3.475906420493911630e-01
5.562924796790693627e-01
3.708910192040147935e-01
3.834689320963042269e-01
3.610396800517979288e-01
4.532761839675352178e-01
3.888224593237573079e-01
2.962678258755947480e-01
2.835721700929950129e-01
