3.993888694301646614e-01
2.987712780744939400e-01
3.339924929591483460e-01
1.775024843491873061e-01
3.142373480630726301e-01
2.966146593604969683e-01
3.637256964833591732e-01
5.213619158007317678e-01
1.786245858042971035e-01
1.749050315852924142e-01
2.897710020685232424e-01
2.726333524140669984e-01
2.768953096926549118e-01
3.039267049309641866e-01
2.590688462664332836e-01
2.191670459700007789e-01
3.602480759370944585e-01
3.767716410731770105e-01
1.736487156263442910e-01
5.000000000000000000e-01
3.065432574213025063e-01
2.627546133128111361e-01
3.293288783199186942e-01
3.135890870512311190e-01
4.178978968172436526e-01
1.787182510510210431e-01
2.737866215893655086e-01
3.770818821347734495e-01
4.380881466324362261e-01
2.197684495259627502e-01
7.747689940615106741e-01
2.197684495259627502e-01
2.359140252487816891e-01
4.167915234151041148e-01
1.786245858042971035e-01
1.952552042958310974e-01
2.384591706931709909e-01
2.385879933992861579e-01
4.002601443663024727e-01
3.141810989175968238e-01
4.936530489463572535e-01
2.937786706485025490e-01
2.691492581848439758e-01
3.049422163539546315e-01
3.105920169533959996e-01
4.876871240717957634e-01
3.981851933585401904e-01
3.231399851122801481e-01
2.911507779819154096e-01
4.410681355358667122e-01
1.786521334294910168e-01
2.906100223907874258e-01
3.580293842960690642e-01
1.786245858042971035e-01
2.593728097542105093e-01
1.827867620148981298e-01
1.990392587147506442e-01
4.406995570696528031e-01
4.752083725471387687e-01
3.488041815336127005e-01
2.520841511368923094e-01
3.570608659997734358e-01
1.786245858042971035e-01
3.416062249701869447e-01
1.786511454228407736e-01
2.623049554221700830e-01
5.469005471876655644e-01
3.599167245094513912e-01
2.414291914968927921e-01
1.754800164197510837e-01
1.786245858042971035e-01
3.391895245302511963e-01
1.736487156263442910e-01
4.261569738960196974e-01
2.099949156507665005e-01
4.495699309715300851e-01
3.464229399926105346e-01
3.707483430471383845e-01
2.976876771787476672e-01
4.942914490267484307e-01
2.613400491120922986e-01
5.088077468028621153e-01
3.054446141763954015e-01
2.613173389505876187e-01
3.105630242799904961e-01
6.513842733074534097e-01
4.515730077335878279e-01
2.613173389505876187e-01
2.966704984106299792e-01
5.182279577906748758e-01
2.612332153217412634e-01
3.151885202373317374e-01
3.182098499674538838e-01
2.486669721961050072e-01
2.973265005869022981e-01
2.613424649781982967e-01
3.685192934871749926e-01
5.241172340022446363e-01
2.299389584997709457e-01
4.621877627366187125e-01
1.660970565912592567e-01
3.017424312997645797e-01
2.807514603540414155e-01
2.470413275753854665e-01
3.789983643824600401e-01
2.837660590064558508e-01
3.031374362282473478e-01
2.837332428294703779e-01
2.090903711792293784e-01
2.803855890975843201e-01
2.413458042838229900e-01
3.141482963238292903e-01
2.613173389505876187e-01
3.192472477059267177e-01
3.495209921728207880e-01
4.500303738698621658e-01
2.327063882122652194e-01
5.984055453095333821e-01
3.095273107815953995e-01
6.530937037197680484e-01
2.655775756270431498e-01
2.600535499454519894e-01
2.620488486783233428e-01
4.742281402841413973e-01
6.983456040819204791e-01
2.605701033739972194e-01
2.637719501970856029e-01
2.191217240220771079e-01
4.015935323738031859e-01
2.739120455337156756e-01
4.393912524698226907e-01
2.010407315075818102e-01
2.578433195226056962e-01
2.782282225961008049e-01
5.334568454162186280e-01
4.312540769715196842e-01
2.333710602991399818e-01
3.812862245029953745e-01
2.762223725842972710e-01
3.683084177902836709e-01
2.642768045869415272e-01
4.629938585185098820e-01
2.658524415775847527e-01
3.806342491070589529e-01
3.835016286508954320e-01
2.617454389659028546e-01
2.567757880946874849e-01
3.468425603354445830e-01
3.329112941873345610e-01
5.104607504256500894e-01
3.139323694139363741e-01
2.318752413521451283e-01
3.028766245739590302e-01
3.952856954879332418e-01
5.366177607181493725e-01
2.160897577617733600e-01
3.350031116876084347e-01
2.450284343973608558e-01
2.237564926064960491e-01
2.071475355520164541e-01
6.876604323320939516e-01
4.561891720596143451e-01
7.838436315028862733e-01
4.452132114316634248e-01
1.368262392291571261e-01
4.170135506774488854e-01
3.465960977988437053e-01
1.520397692663089662e-01
2.071985972495201112e-01
2.071194414410454376e-01
2.015046780007430094e-01
1.837882366024712888e-01
2.071985972495201112e-01
6.270019104001159915e-01
3.041711440088503693e-01
2.092671971055268254e-01
6.425508905702612683e-01
2.605990307939908268e-01
2.071040882153809548e-01
4.037853153986718513e-01
2.912789933379744123e-01
3.969163146603275072e-01
2.071079494597097559e-01
2.420956097301639465e-01
3.797868387178837124e-01
2.182443119599263848e-01
1.729967008116453930e-01
1.901593420477031005e-01
2.265702650473289115e-01
1.685899122127564320e-01
4.258070167728702504e-01
3.056634681966233225e-01
6.373814141395436339e-01
2.140601468651474604e-01
2.214653289661908109e-01
3.711842185653453363e-01
5.709185139638039974e-01
3.043085899030709141e-01
1.826539802944527613e-01
2.295869120427692367e-01
2.068842919362331167e-01
3.675293258682975628e-01
3.473774474811763824e-01
5.782270056593290519e-01
3.528638490691944907e-01
2.072106705784302338e-01
6.497669899378232250e-01
2.215598183709723279e-01
3.297567955087335467e-01
2.959044339015056702e-01
2.528529533125977724e-01
4.305938074751046729e-01
5.638346673944090170e-01
5.173628639484357805e-01
3.385749506306864887e-01
1.601713974486239089e-01
5.336997684812572196e-01
4.529949057706702531e-01
1.111121684467440834e-01
3.664686003200131603e-01
4.586357615169543989e-01
3.956871747287284968e-01
3.032341339085709575e-01
4.108810357124357271e-01
4.427795565389982535e-01
6.455656042314745768e-01
3.482275543490814251e-01
3.551431807783949623e-01
2.688470373004877012e-01
1.819938428942903530e-01
5.000000000000000000e-01
3.378846423695924805e-01
2.109392041281862584e-01
6.462736171735773416e-01
3.703167036808770463e-01
3.013643329165606177e-01
2.378299165362605938e-01
2.022649147952913784e-01
2.283262390306577683e-01
2.496884520659463647e-01
5.157288567938802526e-01
2.825342975159481074e-01
2.953278984367337379e-01
2.158849949000405111e-01
3.086767061200821338e-01
3.842415105405357911e-01
5.499114047220615697e-01
4.272392050177203915e-01
2.249246471106009504e-01
3.698595162829463323e-01
3.940224367610364875e-01
2.248567426064201347e-01
3.875484248655852171e-01
3.392766633890391681e-01
2.596002394080138553e-01
2.978491883873413681e-01
2.827181917698717850e-01
2.981002078678648415e-01
2.257159926280976059e-01
3.285182058184531462e-01
4.139476846259880216e-01
2.266781524284507410e-01
2.147022965857140198e-01
3.095527171253460996e-01
2.279142210109616484e-01
2.284759193293642576e-01
2.098094097362823984e-01
4.537992403447023149e-01
2.249245922411275134e-01
2.477576536659339967e-01
2.996282264182658639e-01
2.621765073380376010e-01
1.482725421498861385e-01
2.249245922411275134e-01
2.310522521771936344e-01
2.817782128611611148e-01
3.582043120969813366e-01
5.611183243924635633e-01
3.062189167873502482e-01
2.948059809944774678e-01
2.632567043943223051e-01
3.534644969832064776e-01
3.351668424901668164e-01
5.231830760653535251e-01
4.836681814790272926e-01
5.648822331828449173e-01
2.896861638598549615e-01
4.020387255875645938e-01
7.120857289444312288e-01
6.924539313937418950e-01
2.645469242147121536e-01
3.109434140075861830e-01
2.655411902995362672e-01
5.422766852670770632e-01
2.957498406715958761e-01
3.296879864889442069e-01
3.088321139144551419e-01
2.826678515645198453e-01
4.010086608555378795e-01
4.027221376635092276e-01
4.204589497419709554e-01
2.724505052683440787e-01
3.817253143249124681e-01
4.484178867494206244e-01
4.664053042703042995e-01
5.000000000000000000e-01
3.400877967788754619e-01
2.906004154075305657e-01
3.097423834035675227e-01
3.161374754415105515e-01
2.354893200707374734e-01
2.845375931528068003e-01
7.007604557701206938e-01
3.024134237407382075e-01
2.948580006724121350e-01
1.611006454096776119e-01
6.283114630667028244e-01
5.654532701409319406e-01
1.864525922824157300e-01
4.471343244602609124e-01
3.794100047810846643e-01
3.452419623240002844e-01
1.602111564594751181e-01
5.537175972839807336e-01
3.088953056424088017e-01
2.112193982742960052e-01
2.969990105713916639e-01
1.863546792329049129e-01
2.308369690350687009e-01
3.055971241549242934e-01
1.670688642985896644e-01
2.946084878750768743e-01
2.394432841743940055e-01
2.019284376813229309e-01
1.681764746032376745e-01
2.850614797408342893e-01
6.368689120386102909e-01
3.042393805101501481e-01
3.465780942101754913e-01
3.827404103793257684e-01
2.933494170276510493e-01
1.681234247328093345e-01
1.650660028261720091e-01
3.084143575165027018e-01
3.697397130355142836e-01
6.494788565093656540e-01
6.945016296287582769e-01
2.474453074961898424e-01
5.122933704093249885e-01
6.197935383864586756e-01
3.766201888695090982e-01
7.335820754398781895e-01
2.779484352034587435e-01
2.850954489900171529e-01
2.310609537417264714e-01
3.887374609970823403e-01
3.909724473628105046e-01
1.803864445482351864e-01
6.162753616263060286e-01
2.662525803497168275e-01
4.778663275402741384e-01
2.090977480006968592e-01
3.052791202998271225e-01
1.681864979550531658e-01
2.601048471311666610e-01
1.947710687847686861e-01
2.658800512667893745e-01
2.014201656359049242e-01
1.699619019164749223e-01
1.681683526072208501e-01
1.681830140060656953e-01
1.681830140060656953e-01
5.000000000000000000e-01
1.681421194875680480e-01
1.833781547655685684e-01
3.073079685202584899e-01
2.242792993577921723e-01
1.674848560152855381e-01
4.084769733177260331e-01
2.972233218934494658e-01
4.097985766131614915e-01
8.291899086809196850e-01
2.442461725857584531e-01
3.283002729045021995e-01
3.162182188570628605e-01
3.026135252831008149e-01
6.676080650251203785e-01
6.073885738963866743e-01
1.681830140060656953e-01
3.501428666601836270e-01
4.428262968654980702e-01
3.091112284808019695e-01
3.911214814750263447e-01
5.229740136875168366e-01
3.400850016344718618e-01
2.945715959481887136e-01
4.783402509467036268e-01
1.593351746096319244e-01
4.103405828638252428e-01
3.110878408661488792e-01
4.015626940433790204e-01
2.019473773227230262e-01
2.447897613597574129e-01
6.933944208679015953e-01
5.623824879147946154e-01
2.935973770613676259e-01
2.214312004317492422e-01
5.431162294704083848e-01
5.193435349727371086e-01
4.064240111672154376e-01
3.152621950244720583e-01
3.377998525035260102e-01
3.637345900953318223e-01
3.154247731328619908e-01
1.311033509524945351e-01
3.414661207857594971e-01
1.653916605317959643e-01
7.091070135847316047e-01
6.934291994164548667e-01
1.593346613342020157e-01
3.066359559796857370e-01
1.592320461127630093e-01
3.802763422703546170e-01
6.159435335791045851e-01
1.593408262685170884e-01
8.045393650987213707e-01
3.819909815830784261e-01
2.853220063156644559e-01
3.466163139437811735e-01
1.798891010441330540e-01
5.818844136108151099e-01
2.580754525692104950e-01
1.640491037701070354e-01
3.851932994132867827e-01
4.566108202908716329e-01
7.881649650668004492e-01
2.663227998510441230e-01
6.846731129267601412e-01
3.560264609469886432e-01
3.024619300479263750e-01
4.151645087949646928e-01
3.836451338152612189e-01
4.128235930648606611e-01
5.560746507869268607e-01
2.500978941685689794e-01
2.447076302480040710e-01
3.776404797248436584e-01
3.057311685191530515e-01
2.072221963073528628e-01
2.520252413696414395e-01
3.393614402719086209e-01
3.760418899187275010e-01
2.765264083499580083e-01
3.530243279561220970e-01
6.142411859340364266e-01
3.030266140267691699e-01
6.044623509299633657e-01
1.591918538557881291e-01
1.882088832224755870e-01
2.745975608422321357e-01
3.727142932531883335e-01
2.132267929794485761e-01
1.543096294242154165e-01
1.689920082550467884e-01
7.009744571492048104e-01
4.790955580834446725e-01
8.226005765520763013e-01
5.315091911643579081e-01
3.750750804368037095e-01
1.736058190412928248e-01
1.593351746096319244e-01
3.299088088262873142e-01
1.831919316882980320e-01
3.073475196352510874e-01
1.746031049160519377e-01
2.984301403995667790e-01
1.832042100000313423e-01
2.116865617026253421e-01
8.004128964926616741e-01
3.219909409104878550e-01
3.219443158430694285e-01
5.079067928354623618e-01
2.640866187983261781e-01
3.371142457676834514e-01
2.651330246353655329e-01
3.181799740973480506e-01
3.543642757416913258e-01
3.219086112909348429e-01
3.129544007721958843e-01
1.832611644773406157e-01
3.513269603637952931e-01
8.070582694357192333e-01
4.003041964605242864e-01
6.507124938087568422e-01
3.147840812827980561e-01
4.652663760359305178e-01
2.986555194171064409e-01
1.788695589999785840e-01
8.070582694357192333e-01
4.060894804196278907e-01
1.832203919468787801e-01
5.085458378501200860e-01
2.922470329525225785e-01
2.998859984521002331e-01
3.365177674519931328e-01
3.235255648083203428e-01
3.176773917935570846e-01
3.494462483958238330e-01
2.398209817630412022e-01
4.171645908882644083e-01
1.832155156297485821e-01
1.938584794939822165e-01
6.222924287025637380e-01
3.742687755479158218e-01
3.960691073010693120e-01
3.302950860155839385e-01
3.504781320548390200e-01
2.949105789803135313e-01
3.366840615693298400e-01
3.133103698545177118e-01
4.850671338003316735e-01
7.058683781998904561e-01
1.753147890006702403e-01
2.953587920080483764e-01
3.066979748043148768e-01
3.293773242784591160e-01
3.010694802857941665e-01
4.150310622784736392e-01
5.850724537821722082e-01
3.092480840256515706e-01
1.785154693668696835e-01
1.764843294213311875e-01
2.824668064227728870e-01
7.765863005802423613e-01
1.832397806804615947e-01
7.486476707492599747e-01
1.726748073239789683e-01
7.338075951711841016e-01
6.721698068777527402e-01
3.476199200994176119e-01
2.291707443671637257e-01
5.000000000000000000e-01
3.003710704923400199e-01
3.374291429508214368e-01
2.042530612587399874e-01
2.263126240956793156e-01
1.912917839928487407e-01
6.720487329560634882e-01
4.608323576682571421e-01
4.206617789755287551e-01
3.788240757930073088e-01
3.201935725722940829e-01
4.783345037014035128e-01
3.592216303451502557e-01
1.596263532765039850e-01
1.662066173372275524e-01
1.547715681829484879e-01
7.227887458675106291e-01
2.766571346924552310e-01
3.539145172178416732e-01
2.857185278264419148e-01
2.256748435587022927e-01
2.496283118651582145e-01
3.050023784966122142e-01
3.664648810353848263e-01
5.176020454407235238e-01
1.756909417332259138e-01
3.128632234463443185e-01
4.600856843019416331e-01
2.124691216150829953e-01
6.462821615045234447e-01
1.597220322670432902e-01
2.242396078013565996e-01
7.300219615462445466e-01
2.889653378527262118e-01
3.298624405749542854e-01
3.158494444825192815e-01
1.945865663705562687e-01
3.852782818218563610e-01
4.044100032147346924e-01
2.354845912257828022e-01
4.050106979403771956e-01
3.072101876488325112e-01
2.223703684413434467e-01
3.050024155639531886e-01
7.366174867719813557e-01
2.778628563299985754e-01
1.595715913180884293e-01
3.714930060192814798e-01
4.277815658111882580e-01
1.637594423059797466e-01
3.531565281469069006e-01
1.596937467141140710e-01
2.405060573818855185e-01
3.319458739350081844e-01
4.493004365243354892e-01
1.596116318868982253e-01
2.402631045943562638e-01
1.596322656506895532e-01
2.740720455630584196e-01
1.596322656506895532e-01
1.578230791349485573e-01
4.391390658743040132e-01
1.596771929572059767e-01
2.889351938032696521e-01
2.952907593306637879e-01
3.028013625114595042e-01
2.264816310458577231e-01
2.333092318209095961e-01
2.238805690744722077e-01
1.596394691661761900e-01
1.687894160842732805e-01
1.753048589984005090e-01
2.873113866525878191e-01
2.837727351184666236e-01
2.886504970299378914e-01
3.092504795677781804e-01
1.512528912509795986e-01
3.049312707074888218e-01
3.044476375615600694e-01
2.195506917394623447e-01
5.856894603507448727e-01
3.122354414867147820e-01
1.596265101067054215e-01
2.772637276337476808e-01
7.214803664227820157e-01
8.090178585301853742e-01
2.328370800236852500e-01
3.140327556898509509e-01
1.930495152782177870e-01
2.332597851654480692e-01
3.350697658986242500e-01
3.078342770278099660e-01
3.038413200683446336e-01
2.750003131978518423e-01
2.578044008553664335e-01
2.350484360819292684e-01
4.182492619225714470e-01
2.260493599874156545e-01
6.123704365066240385e-01
1.872821324858724157e-01
5.000000000000000000e-01
4.197710047631036945e-01
3.842115678423464464e-01
3.225512680072619154e-01
1.955581799170076629e-01
2.778550903420110019e-01
3.390142966496767496e-01
1.955264801969241184e-01
3.403662968015664925e-01
3.135457233711562708e-01
2.273587424391430301e-01
3.082045264402369922e-01
1.943673543416663818e-01
3.039632947741478519e-01
1.895449414152867162e-01
1.955033067016631598e-01
3.319530980126741970e-01
3.013411342292801054e-01
2.813924879450145911e-01
1.922834710781499423e-01
3.920728218588145908e-01
3.180685101672353632e-01
3.189866556792241292e-01
2.615671655118608774e-01
6.370326971252276982e-01
2.760817706455710452e-01
3.193587332428310388e-01
7.027048270163321897e-01
3.328746445712554292e-01
7.916515723100605584e-01
7.275487341086925852e-01
1.955489983840875412e-01
6.451606869897525964e-01
2.757341880597912187e-01
1.955581799170076629e-01
3.702050802581560163e-01
4.297749672260474108e-01
2.659048395566009915e-01
3.223232694234971496e-01
4.656120809989421905e-01
2.722907673743473755e-01
1.955115832036382062e-01
3.460002968481388219e-01
4.029813863959834097e-01
2.677498672362119692e-01
3.197623703184457877e-01
2.611211945832745962e-01
1.955581799170076629e-01
2.931420838850884447e-01
4.713083141020589784e-01
1.955893494646167019e-01
4.295603332099284799e-01
3.219562443036594890e-01
6.291810833964966987e-01
3.039261209757326831e-01
3.090752155086439190e-01
2.893565831166620694e-01
2.801420042222411144e-01
6.843730628198637644e-01
6.723593828245119086e-01
4.557718751271944146e-01
3.187859228044535032e-01
3.044680617509274434e-01
2.691561369463603137e-01
2.035646902361303856e-01
1.341872319192815022e-01
2.259273653151558925e-01
3.129072495007028110e-01
3.878116290563874968e-01
3.450998478591618124e-01
3.115830126948357925e-01
1.786778586337204600e-01
3.060188772045367434e-01
3.133703023759851214e-01
1.660348558485895687e-01
2.431650562309463082e-01
3.193221354069950002e-01
4.149987901880345942e-01
5.122935530374902457e-01
1.304843980956101324e-01
4.108260487712620534e-01
2.669401358523659784e-01
2.631462974665727539e-01
2.459343297893112901e-01
2.908168421202186327e-01
2.237785360290910075e-01
2.412448861450230131e-01
1.851002720011676039e-01
3.792272665762471684e-01
1.845364980348198902e-01
2.796244476226842912e-01
2.251032999034335291e-01
3.315104905720900330e-01
3.629399171950837832e-01
1.441742007930231495e-01
3.530479686743827061e-01
2.867915607809658485e-01
1.807495177612058190e-01
4.851339758734135033e-01
3.618125076117884031e-01
1.959554911426455159e-01
4.413141871585709586e-01
4.784291828065974639e-01
2.466466983889086251e-01
4.759699552644831022e-01
1.831014170410135422e-01
5.503600015984461136e-01
4.498886346853626095e-01
2.908793832118874989e-01
2.082858910979158706e-01
2.397912846995699787e-01
4.684288695070316089e-01
3.343868324890125199e-01
4.195994042880208386e-01
1.933693267789958481e-01
4.044882786143497722e-01
3.580443237271591639e-01
4.919366090889244481e-01
2.513459951339428455e-01
5.983302168723019232e-01
3.070036098189108387e-01
1.844808419673747979e-01
2.009785155971828829e-01
2.636476647080057689e-01
4.046921114861788960e-01
2.329840716348033081e-01
4.861976160219316778e-01
3.882607190453526980e-01
3.085172787542351247e-01
1.208037123882430008e-01
4.684288695070316089e-01
2.517121617488719543e-01
2.823029286704114571e-01
3.917348817271796291e-01
4.539550091861774828e-01
4.497273324844813791e-01
4.100190399180515533e-01
2.919002044843680976e-01
3.478747340682412648e-01
5.357422236103175361e-01
4.123689546089184810e-01
2.832023028764629746e-01
