4.194019155312569413e-01
2.452635257560371040e-01
3.199047157421592291e-01
2.906077414487260313e-01
3.522738198487234129e-01
2.306063242227055776e-01
4.751897833048437381e-01
5.531704953390322865e-01
1.620571520247453823e-01
3.531802821781679924e-01
2.099035855607850332e-01
3.139241303725800458e-01
3.715987651485744281e-01
3.354744201917811419e-01
1.636423317355696350e-01
3.475349832021318863e-01
5.181496265204761364e-01
1.563380801403573273e-01
5.624515862345017547e-01
2.566836401939224244e-01
4.122866210642012752e-01
3.475237025861262485e-01
3.973162252648667625e-01
1.635827199173416069e-01
2.052188735018931620e-01
4.509978672615996276e-01
4.866919747263926954e-01
2.173864035841565068e-01
8.562073262550070618e-01
2.173864035841565068e-01
2.187564009298993417e-01
8.562373111812005000e-01
1.583336055342793591e-01
2.346674517909767832e-01
3.021339915569558054e-01
5.403682005236057906e-01
3.516196147923495441e-01
3.510809774838360986e-01
3.507894874722082279e-01
3.588022978622472103e-01
3.744151107191657224e-01
3.186758277363972436e-01
4.614991082993955551e-01
3.833559434794137633e-01
3.209247898940576493e-01
3.334998991142360536e-01
3.967210998311411774e-01
1.635512986518976308e-01
2.532168582073758833e-01
3.087052088636312308e-01
2.249757205398720261e-01
1.601661764600414151e-01
2.019560800364540720e-01
5.883082088541795596e-01
3.389926868276612604e-01
4.882923085753022585e-01
2.512002241767791744e-01
5.718795887334124917e-01
2.572168868327253111e-01
2.883989892418125089e-01
6.561910838023938819e-01
3.994755352367138079e-01
2.603675517662182304e-01
1.520765469634143274e-01
2.854042545994319169e-01
1.563380801403573273e-01
5.238597756724983068e-01
1.637012047904446710e-01
5.069487865858033349e-01
3.479836468347058398e-01
3.358697792266284177e-01
3.462623510505876689e-01
3.755999294601988781e-01
4.089264145894970226e-01
3.790213420893698282e-01
3.189596079988839539e-01
8.987567647330754195e-01
4.229585251906084475e-01
3.003787206243578312e-01
3.070342556183102145e-01
3.514280478795251406e-01
2.773566138517846169e-01
2.441938503237763014e-01
3.367970431429800349e-01
2.225295428218631300e-01
3.199683062937628275e-01
5.469355391979793257e-01
2.221707968205596240e-01
3.658080463709859065e-01
2.219510302232549914e-01
3.366113953970636397e-01
3.358157143657150012e-01
3.342137873139753301e-01
3.701043064919276593e-01
2.221805820028125988e-01
2.656284842125672951e-01
2.226022705457131323e-01
2.226340925059467346e-01
2.217363440658541573e-01
2.546000589177074835e-01
2.686546233483281254e-01
3.440276576473104142e-01
3.345650759903247007e-01
3.919751693739640941e-01
3.376858408794317645e-01
8.987567647330754195e-01
3.066466893721629949e-01
5.920791815881882858e-01
3.524979421919021139e-01
3.220516496224135605e-01
2.225472236858242747e-01
3.502584210142767884e-01
4.626057544743807370e-01
2.585529175133350899e-01
3.142306188330459271e-01
3.019489168120156886e-01
2.219286397565555513e-01
5.154751925586548156e-01
2.253932860509567926e-01
3.906027223748927968e-01
3.208622217235403418e-01
4.809940530688190941e-01
5.634944043949996484e-01
2.459275309631468454e-01
3.462434894702304811e-01
2.823286290633170159e-01
4.626477826677318217e-01
3.532488665001043970e-01
2.392534767095165493e-01
3.334082475649218225e-01
2.235238671081131723e-01
3.281216720981709467e-01
3.433885853372457553e-01
2.852245218570940710e-01
3.429266899889735210e-01
4.670297995960152049e-01
3.618621267489938731e-01
2.492707165526662216e-01
2.730314712880955175e-01
2.224329026561055744e-01
4.327700543167352087e-01
3.709379011613428978e-01
3.176187229165947645e-01
5.518670159884372373e-01
2.187157481057702690e-01
4.249807495270924163e-01
3.183318667237389210e-01
5.518896649541663590e-01
2.188760483717339944e-01
2.948756386669745821e-01
3.558417101026682960e-01
4.148691441745051556e-01
2.340502581778827751e-01
2.195157760406719061e-01
2.282731855366197382e-01
4.344038685380632869e-01
3.929742049276381821e-01
3.172271655256367895e-01
8.807607433839869104e-01
3.428872620488795930e-01
2.177541236719370554e-01
3.799382550691077221e-01
3.466652163871306591e-01
4.861125754705265534e-01
3.501135191859975904e-01
3.593979189293985410e-01
3.620487868280843902e-01
2.288324493007673210e-01
3.423193774423686775e-01
2.236772434312443159e-01
3.180192599686951782e-01
2.211390466012428113e-01
3.592015435863109563e-01
3.294221262317922894e-01
8.844089495527566180e-01
4.211517594307182533e-01
4.636033571493935468e-01
5.176735358073850657e-01
2.184643159147517943e-01
2.203203554478373738e-01
2.254942377453936220e-01
2.255683704636302633e-01
5.697028753501274245e-01
3.397853907237268212e-01
8.170668970097719752e-01
3.630821494590845688e-01
2.560719930308428816e-01
5.181755156091942816e-01
3.224570418075338729e-01
3.334456576236727865e-01
3.543132959673189752e-01
3.481413207608267113e-01
3.945783793911764037e-01
4.479375963085665546e-01
5.433408458393388374e-01
3.541339359951809485e-01
2.254037227155961109e-01
3.214657929313982643e-01
3.899953558523637787e-01
2.524584878895481110e-01
4.311621778367948910e-01
3.710439420499541119e-01
3.444893871235384930e-01
3.525634723354781341e-01
3.970450779559209220e-01
3.808896456017140664e-01
3.278453478520171327e-01
5.146903929287494073e-01
3.130500534297845361e-01
5.139556445177723143e-01
3.610671221123582519e-01
2.473415932172881582e-01
9.498485994747253303e-01
7.731212068497417267e-01
3.877351030499396889e-01
2.341854930424969172e-01
2.330795410002018953e-01
2.889475790416962675e-01
2.923063107631818647e-01
4.341003570666353562e-01
3.468892345089845120e-01
2.341773103896426789e-01
3.320098865062705573e-01
3.853622710592537470e-01
5.000000000000000000e-01
4.113648258733569874e-01
3.318102563198999100e-01
3.449423294941557083e-01
2.334971503058966003e-01
2.685234142788012757e-01
2.337967032995171002e-01
2.348000712840832005e-01
3.156424786838681329e-01
3.492787403739355256e-01
2.904621763382234101e-01
3.055863245565769160e-01
3.454072285595020109e-01
4.668934833604559409e-01
3.377787768681367320e-01
2.340534266721334689e-01
3.763691619179729830e-01
2.341684783658305180e-01
3.284230832735423045e-01
2.340534266721334689e-01
3.017510459428342506e-01
2.337891851279850775e-01
3.332230046252530609e-01
2.937413211762660570e-01
3.367391508213250506e-01
2.322587410075240832e-01
3.052703217920308965e-01
2.872946769983077964e-01
3.703813331957095389e-01
6.669095039641930178e-01
3.222720464251686012e-01
3.536926442610326959e-01
2.717179230203650153e-01
3.456104099916932348e-01
2.855989763839901774e-01
3.638811146160444432e-01
3.659578265008925357e-01
3.710148133667973136e-01
3.013116886602005828e-01
8.684278633188118324e-01
5.264515382735852622e-01
3.425832789342917462e-01
3.966526764541231653e-01
5.064722294474154340e-01
3.306735437061542604e-01
4.020660592557285251e-01
2.465101882293842528e-01
3.362584375853032159e-01
3.940403778067397278e-01
4.055867424087261641e-01
3.637120339546806580e-01
5.000000000000000000e-01
4.094847630108831571e-01
4.051776566931842294e-01
3.696411708783857164e-01
4.252301089552336100e-01
3.157297418360985874e-01
3.520775606582522976e-01
2.874107084410214563e-01
2.921529942943347224e-01
3.662711382301077623e-01
7.794533758621170483e-01
2.971131948311196980e-01
1.459983602733431196e-01
6.007962405423644681e-01
5.094217621274069741e-01
1.542506877692441936e-01
2.731071678307241402e-01
3.808642671858559758e-01
1.543547360377328925e-01
5.318916491888370235e-01
3.690741228659578099e-01
2.432366334803037489e-01
3.055911553896255017e-01
1.525016486870872656e-01
2.574238914912271303e-01
1.542806709555905043e-01
1.520404190670170130e-01
3.394195753184137132e-01
1.779359345450940710e-01
1.550134143900382122e-01
1.542688671937358091e-01
1.543267915116798006e-01
3.546140401531255315e-01
8.044907739446759409e-01
3.386189737677966494e-01
3.516148385480769023e-01
4.050450310639109319e-01
1.543547360377328925e-01
3.395516337999233691e-01
4.899099304785471398e-01
7.800879844978005906e-01
7.159139219596760695e-01
2.085554616813605489e-01
5.376885115857873432e-01
5.903729996602711250e-01
3.925402961179891848e-01
6.847361974940430196e-01
4.714116771583572452e-01
3.075550293557224313e-01
1.542830161828425140e-01
3.512287236142961899e-01
4.172465679574242636e-01
1.542814364627506651e-01
5.274672370203761229e-01
3.096177231866201196e-01
4.010088022716054579e-01
1.541927964160195730e-01
1.542483499492177668e-01
1.542682164384397980e-01
3.141966362029620097e-01
2.251400425373681069e-01
1.543531082304365754e-01
1.746316335643913753e-01
1.541682547117412816e-01
4.678156889018377229e-01
1.543688066571065887e-01
2.308394907749262703e-01
3.164191979646115982e-01
2.195728660182327541e-01
1.542800498553801580e-01
8.576208122636179709e-01
1.923676489880288276e-01
2.860861124168674330e-01
3.688262447724407478e-01
3.664698901402520526e-01
7.546481754181224577e-01
8.576145020392292873e-01
3.699893860424312009e-01
4.506752671522094023e-01
4.345460470295493538e-01
4.924368866836705272e-01
4.233167137852179018e-01
3.465962782573115963e-01
1.738193474652749981e-01
6.071925281288417242e-01
5.679648658087854685e-01
3.478109804485076673e-01
5.184692579898656506e-01
4.099998829440940629e-01
3.647904086966629600e-01
5.679648658087854685e-01
1.738050485454768201e-01
2.812021078958568121e-01
7.118440584470795418e-01
4.798964761372151444e-01
3.390785287454365360e-01
2.576486724583585408e-01
4.817616149769157752e-01
3.052627676358514175e-01
3.514357911492808073e-01
3.974990776981051077e-01
3.361906870857902518e-01
2.256055493086446817e-01
1.596692310031450623e-01
3.867081774676412453e-01
2.262867983933226634e-01
5.850966704119027195e-01
1.738082058326494428e-01
3.554617201104248725e-01
1.737988662555380592e-01
4.274983438614244902e-01
5.776613509454852080e-01
7.690306575144633117e-01
3.977222406084644502e-01
2.279546833501704950e-01
3.806130318378814770e-01
2.413651924982184171e-01
4.314335254849822610e-01
1.849492347577428863e-01
1.736750862394822736e-01
4.897405779481411314e-01
4.754323080462905526e-01
7.445522352117306397e-01
1.836086303573553624e-01
8.167256885832377966e-01
3.544080256479516522e-01
4.777260264100041676e-01
4.330196172761959783e-01
3.624400868747854054e-01
3.905909230286389588e-01
5.068836663779767715e-01
3.437121736505713288e-01
3.356346248706836843e-01
6.090845979088599371e-01
3.460328052342329097e-01
2.138723088143116013e-01
2.926218463683246673e-01
1.920564532979502637e-01
4.294382643210299944e-01
2.891971716464064035e-01
3.901394022572349241e-01
5.197489230072344091e-01
2.369239081763783727e-01
6.454153267520372772e-01
1.718148940144872960e-01
1.911623239094626392e-01
2.905559790695433908e-01
3.611227108138245767e-01
1.733993832655712775e-01
7.024353721786819049e-01
5.302835999180164350e-01
4.806620640001860179e-01
2.826582472297694548e-01
2.242322577298422048e-01
3.810100032130332437e-01
9.940627112679247812e-01
1.692124913069775471e-01
3.471118110478977892e-01
3.410488678081543545e-01
1.684237773978437824e-01
1.746451085752285248e-01
2.181699431425568880e-01
7.902747191031385121e-01
4.894359532790457656e-01
3.350399859964733884e-01
3.938098725056329852e-01
3.107369227448298910e-01
3.802650984310116944e-01
3.560848652986149387e-01
1.684237773978437824e-01
3.606193038589788902e-01
9.953605906501129530e-01
3.479643758751931881e-01
6.524881242373232748e-01
3.310496220162247316e-01
4.064347104024714774e-01
3.368590908912582060e-01
1.737328591559367807e-01
9.953605906501129530e-01
3.223055937639072721e-01
8.290504725371624639e-01
7.035661989900945379e-01
3.552323530017331699e-01
3.447228523181402604e-01
3.443119180540163971e-01
2.875357819750899435e-01
4.589122190192457262e-01
1.698051627362830163e-01
3.887967042402895590e-01
1.780394445072819576e-01
7.855241903622428579e-01
4.028577137857951573e-01
4.140106535991466830e-01
3.480216366056944621e-01
3.336923288273737631e-01
3.401520507749364874e-01
3.364552662171506059e-01
3.012693117242022933e-01
4.708501214594194573e-01
8.600344619100637189e-01
1.880517069852681855e-01
2.432017042037403209e-01
3.339420784475986004e-01
3.568874473968304262e-01
5.491352720628908113e-01
6.316111470764855795e-01
1.738996480825532875e-01
1.768115687002967673e-01
1.711048370359530835e-01
2.692862522549802629e-01
9.194879893830675277e-01
1.692124913069775471e-01
8.936209273661946950e-01
1.797716826243631327e-01
7.188885916805016763e-01
3.695493669227181144e-01
5.200596112537265725e-01
2.711610151022592619e-01
3.445003553999163026e-01
2.505827937216210666e-01
5.239194994062943422e-01
2.812492192219572806e-01
6.670776357199319495e-01
4.388142467985873818e-01
2.961701367059851875e-01
3.579633717485389832e-01
3.722621506331773578e-01
6.660234212494048345e-01
4.253304607934677017e-01
3.467135962597809873e-01
1.677437109431413609e-01
1.684422497375816508e-01
1.690484904560063673e-01
7.371028343538725824e-01
3.095223263516879153e-01
4.670374360607041364e-01
3.186975604646897220e-01
2.917149780636598133e-01
3.464884257550070457e-01
1.690410107870170819e-01
3.178556977576086351e-01
5.256923450918591367e-01
2.507134726798572744e-01
3.357962735353199890e-01
3.686555228450607014e-01
1.832178574380602387e-01
6.135611837824974657e-01
1.879732015987069238e-01
7.607822115642556282e-01
3.090994812851625695e-01
3.448711623957759764e-01
3.756318862225715982e-01
2.320935857468642283e-01
3.666958584402328358e-01
3.849743617971979059e-01
1.690611127351640264e-01
4.264802201104525570e-01
3.340426853258225415e-01
2.814622123356961270e-01
7.474142960973588767e-01
2.810098028010781235e-01
4.284115590160267328e-01
4.116436173538060572e-01
1.691229519565906891e-01
4.194682519968028211e-01
2.724437608394661980e-01
4.371936215914727919e-01
2.713389782068597045e-01
1.690899495677168352e-01
2.839290136525557395e-01
1.689751620681814448e-01
2.832636776233933285e-01
1.689751620681814448e-01
1.606151978712436201e-01
4.683260623356144126e-01
1.690531716663701556e-01
3.396254893071604108e-01
3.426673875741228503e-01
2.978480628426735111e-01
4.391539820227491897e-01
2.431661918707902492e-01
1.691458201518188376e-01
1.735119087248276903e-01
3.343033012425211670e-01
8.319377327739249095e-01
3.523820032944319225e-01
1.516510021848840317e-01
3.405886735817856281e-01
2.237774267259425021e-01
2.186029481117703899e-01
4.643140534237991668e-01
3.427994762746943147e-01
3.112498796672776291e-01
4.508944124107812090e-01
7.702071168381418032e-01
3.748323820670330098e-01
1.548676511899739483e-01
3.770565254350013995e-01
3.127543155522536367e-01
3.549314219000247461e-01
3.273731964894813218e-01
3.740399356053325519e-01
3.647229401379174507e-01
2.823258476521237625e-01
3.736938869364680449e-01
3.682337897120873116e-01
4.088195123979071477e-01
1.592614787549623268e-01
7.153957358667807354e-01
4.017243638898115865e-01
1.572334082407601530e-01
3.748323793560809913e-01
3.714796811605607929e-01
1.630286431163570082e-01
1.561738030264915866e-01
2.159311414674798257e-01
2.945145281162645512e-01
3.734808590265045747e-01
1.563356164118563929e-01
1.533598134590676842e-01
1.520512441858507535e-01
1.631444694445207400e-01
3.724797590250736312e-01
3.885100348140765325e-01
3.401547366002770634e-01
1.563356164118563929e-01
3.810146546379337695e-01
3.748323822518371817e-01
3.748392161272013356e-01
3.742245632825338952e-01
7.702142660579811562e-01
3.741815025178051868e-01
3.748322244638624956e-01
6.627560927563231896e-01
3.748324460627360244e-01
4.704976433816733250e-01
4.257522275908589560e-01
1.643564216256026278e-01
4.432979480451585963e-01
3.737120815028056597e-01
3.765933108577582122e-01
3.749616009333091582e-01
3.671125129588845293e-01
3.748383663127520804e-01
3.759046157680295819e-01
3.500145159256926597e-01
1.584305156348360666e-01
4.218688739953674882e-01
3.804371890373593468e-01
3.748220649936393478e-01
3.754893732116496574e-01
3.666229341284681364e-01
3.743015664066384196e-01
4.324709583034631599e-01
3.721417042828802368e-01
3.729523666825920181e-01
6.149364490190284416e-01
3.747962541920493162e-01
3.748322220711249875e-01
3.709019352170815909e-01
3.977591384780226891e-01
3.768375775529557714e-01
3.769692346092390900e-01
3.136404410842171253e-01
1.442836562967508285e-01
3.742300983909008227e-01
3.579736540522959753e-01
3.804708826220259965e-01
3.819203524581489262e-01
3.612857939473473889e-01
1.570223399416592336e-01
1.557122754792237274e-01
1.558291516202566784e-01
3.570805469679501076e-01
1.555314572231103198e-01
1.561264934984582242e-01
3.748389181682543758e-01
3.749858152336300599e-01
3.842107611188989580e-01
1.608301142115259874e-01
3.798840071296699650e-01
2.472622644892790988e-01
3.737051678359163409e-01
1.556625619417714712e-01
3.748343593296248888e-01
1.467812812725831084e-01
8.753768984633324424e-01
3.480515793762620769e-01
3.748396145655280010e-01
3.748389200587540215e-01
1.565190503882931683e-01
3.748897098219816648e-01
3.748407025456830244e-01
3.711785046195744120e-01
3.349383829848867067e-01
1.557588639620906823e-01
3.742219084914878979e-01
3.748411258357352560e-01
6.918904485894930012e-01
3.747449305266519204e-01
3.785129358698519630e-01
4.010765350282493036e-01
3.817056223188609043e-01
3.723881834600143437e-01
1.570943561049045201e-01
3.628447755471658764e-01
4.282324950335666403e-01
3.747647672113077477e-01
1.562926087268232955e-01
1.565190503882931683e-01
2.069898769075618206e-01
3.828897993814253664e-01
1.550736732092170556e-01
5.734903533723527680e-01
7.516999362280958330e-01
3.794884360998099226e-01
1.410875774860161080e-01
3.921562936481554074e-01
3.604216229097952362e-01
3.745795446961603381e-01
1.569924602482281328e-01
3.748390638604637282e-01
3.748620744618457179e-01
1.559379490401467394e-01
8.277989390485545051e-01
4.348896060926770724e-01
5.494906201866744944e-01
2.875815078524241453e-01
2.947235188857240118e-01
2.238813171502584409e-01
3.766180064386575599e-01
3.706556677190460114e-01
3.937443085570421775e-01
3.868012861403490321e-01
3.748502369286713654e-01
3.748389180846166124e-01
4.641424400046926246e-01
