4.204855338306031642e-01
3.530439894318571081e-01
3.947175498927192883e-01
2.594794893685237192e-01
2.720026128254926512e-01
1.631956371856370658e-01
4.301742576892971792e-01
5.308067506537749169e-01
2.065743205337681743e-01
1.686295199626345886e-01
2.874744064762972950e-01
3.699108239402555953e-01
4.240157380396615272e-01
4.153240157502811059e-01
4.133544947230621824e-01
2.063112679109239678e-01
1.640831451203208224e-01
4.207054283302817388e-01
1.659135632103509173e-01
4.916253711406696203e-01
2.579457626723424268e-01
1.971002011353666927e-01
2.631515139061444408e-01
3.811161142806069879e-01
3.688677409116160599e-01
3.385624056668167237e-01
5.237512842455608331e-01
3.366191186247933786e-01
2.549906777511293243e-01
4.303640860962399950e-01
2.281928404965905821e-01
2.784465299366082891e-01
6.656144255610041416e-01
3.581205897101105151e-01
2.206491798385771808e-01
2.244614568521940690e-01
3.113399843261592803e-01
2.955538564035995464e-01
4.654970262772427647e-01
2.700277864752470558e-01
4.087108205869550703e-01
4.316815492317330749e-01
2.129620173995181165e-01
4.738140415096228630e-01
3.701062062107235984e-01
3.763964645839601442e-01
2.966968631053415462e-01
3.619606627413955446e-01
2.238749917689351054e-01
2.698810286029262318e-01
3.013393186635725529e-01
2.119465015959778320e-01
1.597902148998561755e-01
1.729678831651151605e-01
3.580926490911864879e-01
2.162195078386015545e-01
5.847492487157064378e-01
2.027488581311099047e-01
3.355086968502604128e-01
4.035011291043492654e-01
4.083442836102678664e-01
4.946424995589065454e-01
2.929809279812620182e-01
1.987458707466381869e-01
1.793695624074134187e-01
2.084005851533346776e-01
1.659135632103509173e-01
3.828349304179612944e-01
1.669384925720494850e-01
5.236133289457957085e-01
3.618145871205284969e-01
4.404169741821110096e-01
3.897412931179292661e-01
2.789925736816829538e-01
3.193280640132489800e-01
2.920440992335077701e-01
2.909822194566956122e-01
3.308298208564477982e-01
6.017079367265609768e-01
5.000000000000000000e-01
2.777532103164522814e-01
2.909103234407200422e-01
2.460909737080561321e-01
5.913679802554602238e-01
3.296950355680185463e-01
3.613436351380269751e-01
3.377395679229616698e-01
2.115848277055657201e-01
3.923064565318553631e-01
4.414743779449600281e-01
2.688299991783220655e-01
3.354802373404277560e-01
2.153271693670908427e-01
2.584209035157779555e-01
6.754681004379157194e-01
3.548530171009526279e-01
4.113849857929971487e-01
8.654994078078029340e-02
1.967649710287844855e-01
2.115574778144336254e-01
2.027404524282589715e-01
2.489260436944689125e-01
2.001104323507477134e-01
2.767283536189204529e-01
1.914802154009632718e-01
3.739695285490668986e-01
4.447479202663547349e-01
2.558937341005784183e-01
6.224097857511824428e-01
3.701079585994859755e-01
4.615568105089679074e-01
4.185181225106860414e-01
2.549174827714012492e-01
2.084846185411814712e-01
4.902046037161125192e-01
3.517260500724930794e-01
3.087724694233384692e-01
2.096969335853769711e-01
3.782114229447521847e-01
2.557526060031136694e-01
2.115843113244303131e-01
5.000000000000000000e-01
2.098469799530429392e-01
5.000000000000000000e-01
2.663334403656796856e-01
5.445385447263418888e-01
5.000000000000000000e-01
1.694887959913131126e-01
2.554201654895990048e-01
2.615166198071604553e-01
5.927726358405158713e-01
5.885601183724322727e-01
2.290325975326018004e-01
3.338731052839092883e-01
2.115540845908341350e-01
3.173561860294634163e-01
2.898951663137513401e-01
6.039660550966703401e-01
5.832020434235080097e-01
4.741596624010764871e-01
8.720765812419649654e-01
2.971804431550033598e-01
2.113509944739091206e-01
2.925985224192484413e-01
2.115761353349632223e-01
6.286940839372872070e-01
5.190419105038374115e-01
3.884138728351959058e-01
5.359635664973397828e-01
2.160669766794962865e-01
7.294272748169891019e-01
1.952203088179564061e-01
1.699865830940054390e-01
2.320744249867275899e-01
3.072512952071128622e-01
1.292902465133777823e-01
1.952131399972283354e-01
2.033442416366700312e-01
5.348888816457126882e-01
6.828989575353566766e-01
4.223114011219341046e-01
2.274679104223250037e-01
7.819917679193262305e-01
2.102956162997084710e-01
1.606036098198532769e-01
2.976625172030107347e-01
5.050096509192703031e-01
5.973871702950512841e-01
2.629159468739271088e-01
3.174029481261821939e-01
4.489129647186301808e-01
1.766554042029971627e-01
3.744898846706615769e-01
1.563678642325130319e-01
2.105921531035838679e-01
1.570443013813805910e-01
2.754893422073773079e-01
2.815420703179750128e-01
6.654078660204761908e-01
3.402560890909225311e-01
4.451010816820194504e-01
5.000000000000000000e-01
1.882640274643671563e-01
1.952272493151139821e-01
2.861617046191859970e-01
2.609616938510912476e-01
5.572865595371209180e-01
3.191957118751704847e-01
4.298842372015381219e-01
3.177266851286663085e-01
1.951601362824925689e-01
7.763539629178779489e-01
1.537408145330035891e-01
2.766949098202854396e-01
3.373059732690070200e-01
3.587464917267207398e-01
5.052168760661315261e-01
5.621101104024821549e-01
5.725196091056916625e-01
6.349287455803107605e-01
1.481407601825239784e-01
4.345414581991454694e-01
4.708699010699025078e-01
7.617438358952301203e-02
2.602933241502832229e-01
3.459692067716823582e-01
1.952131399972283354e-01
2.450952735711337260e-01
3.027029258227740272e-01
1.923218658845971540e-01
2.594592043694211037e-01
1.845877262669272101e-01
1.888499320447653562e-01
3.640973242953863265e-01
3.123241001294174146e-01
2.739020676000436527e-01
6.318827896255236887e-01
5.087573855559985869e-01
1.773173919595195103e-01
1.853132881900634854e-01
2.234876136582251704e-01
5.340716486123550100e-01
1.838789000606959323e-01
2.750296000195868173e-01
6.354417318521492497e-01
2.285061405414314517e-01
3.954925935920164393e-01
6.332162783467757405e-01
6.701992721768297301e-01
7.488209915789143523e-01
1.807619158834326833e-01
6.872744728266187986e-01
1.454976154220139484e-01
6.551102143371300146e-01
1.886113641140834685e-01
2.202406314707250068e-01
3.517337960983215606e-01
2.460272029846798936e-01
1.978103148761210517e-01
2.880964610971931128e-01
2.513813468954087527e-01
2.257912366167433293e-01
2.992063198880930974e-01
1.886722764701038446e-01
2.761411026800495994e-01
1.431967281283143267e-01
4.575536255503376837e-01
1.703225129100850999e-01
1.886722764701038446e-01
1.746528771218539555e-01
3.771357097352860399e-01
3.101793180096337199e-01
4.728147208508252652e-01
1.605760452262535998e-01
3.323730197970419242e-01
1.770909184652494361e-01
1.933817045106324684e-01
2.091121338025380694e-01
4.468262465146323192e-01
6.652054317590571086e-01
1.965910771407280988e-01
3.872332664394404489e-01
7.802957353406041185e-02
2.863398485516901459e-01
2.840428800750647853e-01
3.756954845733607717e-01
2.703990907221384132e-01
6.127179031207479198e-01
2.680658928933041252e-01
3.500353153369931136e-01
6.232095263640665683e-01
2.517528570703547186e-01
2.544514989440671560e-01
1.835223421116331521e-01
5.437093375623094360e-01
5.987127221586456827e-01
4.654533761462149033e-01
2.129306725459516048e-01
4.042913710279583128e-01
5.696679565055997596e-01
4.289052548611994031e-01
3.054703700780403430e-01
3.359729461914099380e-01
1.431967281283143267e-01
4.051484717922885226e-01
2.876759632997467619e-01
5.685402730614587119e-01
4.901914761128762232e-01
6.446064081061200213e-01
4.840381785304460061e-01
6.294132495875975897e-01
3.103187100115171737e-01
3.767452418018880644e-01
4.749607583372059683e-01
7.431473856405877987e-01
5.846077988874036624e-01
3.412556935931773117e-01
6.485017460154360869e-01
1.011801827635589734e-01
5.653928778616805761e-01
3.279487378977259948e-01
4.530965494385789105e-01
2.650767178068357821e-01
1.815604210625800241e-01
3.626986137113041297e-01
9.603930426281417909e-02
2.446702813646854935e-01
1.636433962124102803e-01
2.909236685930182142e-01
2.531819763509445265e-01
2.306256626400592924e-01
9.709768038420810154e-02
3.524317620536511764e-01
2.002054709841090685e-01
3.797398980560123816e-01
5.608094579763790444e-01
3.595072397801299946e-01
4.373794095664972903e-01
5.325246621292922811e-01
2.001137393002251630e-01
2.913660187225966536e-01
2.001907159752634169e-01
3.411144837657341666e-01
2.913660187225966536e-01
5.651052121436465070e-01
4.432005926866596224e-01
5.759432734643423757e-01
1.482258905168469532e-01
4.135056084361362072e-01
4.082179687945486912e-01
4.516564939459768446e-01
5.261921698960261295e-01
5.943231215148017110e-01
3.599117622664016469e-01
1.968162630470920993e-01
3.324603980779937684e-01
4.664509529867243987e-01
2.035595295076764455e-01
5.308573258104490877e-01
3.374632761894875710e-01
2.621206726492535388e-01
2.264489801231464317e-01
2.002136766675349233e-01
2.002381342716159363e-01
6.855044257789937312e-01
2.275873318081051699e-01
2.354279151924825730e-01
1.304736004397623050e-01
2.002461136806850672e-01
5.526608650763837893e-01
1.521266892687237193e-01
2.707375105380676605e-01
1.574045729962952889e-01
1.592258747335746905e-01
4.690368944226124825e-01
2.002289630510569740e-01
2.129845428781149408e-01
3.314983506223426191e-01
3.273890305059278805e-01
6.420065342121455965e-01
4.541362858060342678e-01
6.750863825616298941e-01
4.125178362368561724e-01
4.105155132014615682e-01
2.627548617569735456e-01
1.152041642372070435e-01
4.741903725553930360e-01
2.701931473025684927e-01
3.220990693413204875e-01
4.664313278854361755e-01
5.094084356805126390e-01
5.918590956899619782e-01
3.826148778873707523e-01
3.575228523588028784e-01
8.776064355398974226e-02
3.705913358472269215e-01
3.935165130968928948e-01
9.304696612752290097e-01
3.984550261096876378e-01
3.760498418938537646e-01
3.634422885379942070e-01
3.740365046150997408e-01
3.767333997163441750e-01
4.083633043981259592e-01
3.770051220835211048e-01
3.713095191825083186e-01
3.904478104230729718e-01
3.652255745592569158e-01
3.326180910356364984e-01
1.580852628467263599e-01
3.760853256579523296e-01
1.812895413396583277e-01
3.689344984683025075e-01
3.760507363442950890e-01
3.760567240375892739e-01
2.699307428128183695e-01
3.739535718778794759e-01
3.798505807720321537e-01
4.889949491715281926e-01
3.781991428646981901e-01
3.045639963624821589e-01
3.760487743732892074e-01
3.533946790766717694e-01
3.278915299285368179e-01
2.496886904455288547e-01
8.546722880601265171e-02
4.038362142943557331e-01
4.011750459958740578e-01
5.635009792712413201e-01
3.475860418966472132e-01
4.384763999598140227e-01
3.763191949661446878e-01
3.780118573376549107e-01
3.867825025037578968e-01
3.766332372169880482e-01
4.108344048107037128e-01
4.611339682877329538e-01
3.760507922791403446e-01
3.659642795452965336e-01
3.510767215881231418e-01
3.743529927276292302e-01
3.623719236318135861e-01
3.507181290996491119e-01
4.007890191457811890e-01
9.304918577015817149e-01
4.149642515650274199e-01
3.748087600286812981e-01
3.765865201603866286e-01
4.368033778248449628e-01
2.212597247229217690e-01
5.166757173459268770e-01
1.004124660587968759e-01
2.941757032989235632e-01
3.745434828388607973e-01
3.760494427144745466e-01
8.786067225086818810e-02
1.961047391899196357e-01
4.425522645295225099e-01
3.515414392931606180e-01
8.331377730314601937e-01
4.343968462646743967e-01
3.809426060322422813e-01
8.787719325547614646e-02
3.760502937500732612e-01
3.737992947779814612e-01
8.787381920979564498e-02
1.695131049680033142e-01
3.604381880199475918e-01
2.090014680549210635e-01
6.736551821817160501e-01
6.736497045624989521e-01
6.084340487111808971e-01
3.097292524855534968e-01
3.167480006105015122e-01
1.258609695921334148e-01
2.476051350266715856e-01
3.928078632686778926e-01
5.761443390363125694e-01
1.434859424598466104e-01
3.023293700178439902e-01
6.737503145121560566e-01
3.399990621450625916e-01
6.736700521309989531e-01
2.235554888878499846e-01
6.570585900133536494e-01
2.455229704613660913e-01
1.569586576154510249e-01
6.737503145121560566e-01
3.573494732139693153e-01
3.071874793849687646e-01
4.034980728768412517e-01
5.388158886147521587e-01
2.853019744558286663e-01
2.726291278049416955e-01
3.029144056871722612e-01
3.923215069756740281e-01
5.729554279012605278e-01
1.671645799898605067e-01
4.923790762658625253e-01
2.173160908102608757e-01
4.407222849053093472e-01
1.996456330688310132e-01
6.736472050320259086e-01
3.961399388592787285e-01
4.130768527336147744e-01
3.346007598760706303e-01
3.364684101866897148e-01
1.590873704718348547e-01
2.135710318574786937e-01
5.052413155834649672e-01
5.677106543106793524e-01
2.234990896540234862e-01
1.709849829813563926e-01
2.810582323244191216e-01
3.845247125257627019e-01
5.363416249421673054e-01
5.120002689056395440e-01
2.288366094528185568e-01
1.982163093663652786e-01
1.996314569549100248e-01
2.176340826950142193e-01
5.205531131484811835e-01
1.996484851226232038e-01
6.953886727988926042e-01
1.722127703907364304e-01
5.624852354231542062e-01
2.529869927574761590e-01
3.850041082399333070e-01
1.840417100361874114e-01
4.141071075089610143e-01
6.270298930336355436e-01
4.622538062521653890e-01
2.423311561283647830e-01
3.378723582508558199e-01
3.057314445546547854e-01
2.911713871286825683e-01
2.203320599379178790e-01
1.447923953549108134e-01
2.746797883656672545e-01
3.042274852718031553e-01
6.735656520901799338e-01
5.267675385085466289e-01
1.992493408888535988e-01
1.922562839490789266e-01
1.983836951346978072e-01
6.117824761392147703e-01
3.343604681279181423e-01
4.004490489634847106e-01
3.135542106187081957e-01
2.650681589698379859e-01
2.284923109111735573e-01
3.213703437236383742e-01
2.836440300911692858e-01
3.936774066955309181e-01
2.798298810002462500e-01
3.300697056593619449e-01
3.392666944331423351e-01
3.159353778616582065e-01
6.208020067432776790e-01
2.355065994609297497e-01
6.737880671974101343e-01
3.449411280647821099e-01
3.472794923200546169e-01
3.223912463202707746e-01
2.423917337111152759e-01
3.661923819673290059e-01
3.469462146121338741e-01
3.166881229341373394e-01
4.695514068955037312e-01
3.183595327769128125e-01
2.483556240047606611e-01
3.086460726303954516e-01
5.535460325222900657e-01
3.040452551781743784e-01
3.385443406886031181e-01
5.624064018961743017e-01
1.991119313506308219e-01
3.274676791301761591e-01
3.168391948410315684e-01
2.512832379065672583e-01
3.500704675479150985e-01
3.311978050602430446e-01
3.213699747713000821e-01
1.922959836923320842e-01
4.133886872077377483e-01
1.987005559836925728e-01
3.218917727489397640e-01
1.987005559836925728e-01
1.914572598418264326e-01
3.974194396839922927e-01
1.984864629424871463e-01
3.224110647464550894e-01
3.173651953385253632e-01
3.170146629879332378e-01
5.335490888952133526e-01
3.014265653432589009e-01
1.904634718452420106e-01
2.396724477125587727e-01
3.007096914453170067e-01
4.732279478394516570e-01
3.588074648081048257e-01
1.706204166354075014e-01
3.213611811096718784e-01
3.202226132910325207e-01
4.016823719095876655e-01
2.156412619877210723e-01
3.213649681372480194e-01
2.225029480110879143e-01
3.732528537576056404e-01
2.903573731116217416e-01
3.055154640850202830e-01
3.206517085352581509e-01
3.179590810466969564e-01
3.021675793100391250e-01
3.601355968979682576e-01
1.904916978113722070e-01
3.419407587729982323e-01
3.369631755533413209e-01
2.994438619697434856e-01
2.847643949008068498e-01
3.064350726193553753e-01
5.238222843385949012e-01
3.204802475680893492e-01
2.772187990171362526e-01
4.031728163288204048e-01
2.856698209518651610e-01
3.336704966395506733e-01
7.191517355200927053e-01
2.767639780513493353e-01
3.206916845631835322e-01
4.220467992502096033e-01
3.050341880616221912e-01
2.989817473434767670e-01
2.952497813462595655e-01
3.004353647007454997e-01
4.217977353278513086e-01
2.979203960340017776e-01
2.709841553628105637e-01
3.607613107540558750e-01
2.693228413504413221e-01
2.830529743676861165e-01
3.596409153421503690e-01
3.686983900076173382e-01
3.142109069632633145e-01
2.542165789212469940e-01
5.148896536831004678e-01
3.004995125603669437e-01
3.027809365077840931e-01
3.012418857825773233e-01
4.018546011795377515e-01
2.940198581735581351e-01
2.905307959672832618e-01
4.057660186590769102e-01
3.705357694324906692e-01
5.607280090126159910e-01
5.000000000000000000e-01
2.701996926625626072e-01
5.225039048915161022e-01
3.285692141732833305e-01
4.671444605997274735e-01
4.269236836922141176e-01
2.776073870724554693e-01
3.030672382783634045e-01
3.750535229004021698e-01
3.613072295378481624e-01
2.813637762026712785e-01
2.816671711896621133e-01
4.769073080281498456e-01
2.845715923994088792e-01
2.934851123118134009e-01
2.928647334508289735e-01
4.899775137283655657e-01
3.135366489303574866e-01
4.034837279813426880e-01
3.201438194813140958e-01
3.491486724136685371e-01
3.731647554828209090e-01
3.337598954780165994e-01
3.131768235505538178e-01
3.399282964559836584e-01
3.039471279477500287e-01
3.004353647007454997e-01
3.832760545142816500e-01
2.974948381472404813e-01
5.203521939166779742e-01
5.166501283016818880e-01
5.671086869234220895e-01
2.875798057770024840e-01
3.343938078014921933e-01
3.141532158937408448e-01
4.770724896409079818e-01
3.930640267693005785e-01
4.734966490575963083e-01
2.873329947955481356e-01
2.228263387074496116e-01
1.716783453317325681e-01
1.495196242525847485e-01
4.829661848323084095e-01
1.817041093522660522e-01
2.062497414648008509e-01
2.159148799441754363e-01
6.069769578771287977e-01
4.673859059923933246e-01
1.713407017734132620e-01
6.759134665167400025e-01
1.917860611636661161e-01
3.726630886084989491e-01
2.111282590919700830e-01
2.681735839507017882e-01
1.963576903861408152e-01
6.452681631724132005e-01
2.975557813995978740e-01
4.809015012705976089e-01
1.960366732702184256e-01
2.111359973168661641e-01
4.014475076696006339e-01
1.710989748844120029e-01
2.902107053907168610e-01
1.379771870826928537e-01
1.848806452207011064e-01
3.991525248483980826e-01
3.718671442961863915e-01
4.634250853785450430e-01
1.940124045497200467e-01
2.872450899022523374e-01
5.000000000000000000e-01
6.698480117098997155e-01
2.746442094564737202e-01
3.522925318896636404e-01
1.656836881211008472e-01
2.907861105351676190e-01
5.384796592459097919e-01
4.073392545736422288e-01
2.134557958064416117e-01
2.111359973168661641e-01
2.110654759462708419e-01
4.220385267248265571e-01
5.532947072632515839e-01
1.808236570780372698e-01
2.679451382078503752e-01
6.329345834984909658e-01
5.000000000000000000e-01
2.110556637690146620e-01
5.571276900081870709e-01
1.939781350037207142e-01
1.628635289949610099e-01
1.811238535623726220e-01
2.714840639215072571e-01
4.556358253165859185e-01
1.987869098420635139e-01
6.742065644644769096e-01
6.137745288698085444e-01
3.325179912998125764e-01
2.017795227861128304e-01
2.854227038413840734e-01
2.215217486141233261e-01
5.787757658733484467e-01
6.424796494898389332e-01
2.832548874388753912e-01
7.039667451739244353e-01
3.810707091096431909e-01
4.084545551399805796e-01
2.952434544437583241e-01
6.273244114405160943e-01
