1.745822384847814657e-01
4.634143791235594279e-01
2.496171353946996241e-01
1.741158850751190479e-01
2.817745773285062483e-01
5.316396834908160285e-01
4.073802974092045615e-01
2.495683442253910922e-01
2.030077119859541590e-01
4.016728244396960412e-01
2.360033126906896372e-01
3.815950879684047448e-01
5.295575391623101869e-01
2.461660446638194999e-01
1.531791414034760768e-01
2.536723510797482817e-01
3.729739927269460353e-01
1.529259093588738738e-01
2.011454962546607994e-01
5.295575391623101869e-01
3.533345028734952709e-01
5.385207559988278714e-01
2.352846643471240839e-01
3.048415781288570381e-01
2.406528571028564434e-01
5.555041825233287822e-01
3.815723981638309836e-01
4.083442783926177211e-01
2.495683442253910922e-01
1.776934620211706450e-01
1.745822384847814657e-01
2.495683442253910922e-01
5.215461057029197045e-01
1.496982281865353870e-01
5.331534001484352636e-01
2.028040293071724509e-01
3.969106853790582701e-01
2.176926576147740489e-01
2.790761145855631953e-01
4.317447362624436957e-01
5.062874288175343018e-01
4.504221368592892238e-01
1.061598172241319388e-01
3.061944831171836134e-01
1.745822384847814657e-01
1.929818538361739166e-01
5.288422680919914187e-01
2.495683442253910922e-01
1.787097138850309574e-01
1.449005951327139996e-01
6.029746530755240030e-01
5.215461057029197045e-01
2.544358981393913255e-01
2.015754815852180415e-01
4.401298170894915596e-01
5.215461057029197045e-01
2.495683442253910922e-01
3.634450865075737336e-01
2.495108771417416105e-01
1.929818538361739166e-01
2.469350860828732341e-01
4.250611806228093426e-01
2.497801735332277617e-01
2.771184133247610593e-01
2.495683442253910922e-01
2.212665090607552620e-01
1.529259093588738738e-01
2.159250784512331545e-01
1.929818538361739166e-01
5.473224717417698448e-01
2.260282512102657348e-01
2.495108771417416105e-01
2.496109978703349996e-01
3.970631891581087869e-01
3.663694848958596317e-01
4.938501269379778624e-01
5.762399072313433290e-01
2.670370618120952444e-01
2.669647690939391804e-01
4.352309711388384073e-01
2.225181019733775689e-01
2.670370618120952444e-01
1.677910610335017760e-01
4.830674228151319860e-01
2.669702198313732566e-01
2.061340763528870523e-01
6.246270638441945300e-01
1.705185156170767324e-01
5.699672711568863903e-01
2.669702198313732566e-01
1.107569490836446402e-01
2.249257743979816704e-01
6.086203100502234065e-02
4.495744019124273683e-01
3.096180812993770681e-01
4.540666212694463022e-01
5.995691465081175453e-01
3.307005811891118863e-01
1.433793690928029663e-01
3.100067843300144954e-01
2.623046304413840790e-01
5.342066449516915672e-01
2.669702198313732566e-01
3.824159373780730009e-01
2.670370618120952444e-01
1.235253927203101704e-01
5.896429590333041038e-01
3.623957714466128355e-01
2.011437923177156195e-01
2.258971005346401550e-01
2.068101084093293685e-01
2.670014362994571622e-01
5.520411446924354815e-01
2.669682059261753171e-01
4.099814787829046958e-01
5.520411446924354815e-01
5.350832265767576645e-01
2.669351290578261815e-01
2.670370618120952444e-01
3.578403824243784892e-01
3.118695405448054236e-01
7.949099279035731769e-01
2.670370618120952444e-01
9.441137732254394066e-02
1.980185914959108340e-01
2.669702198313732566e-01
5.520874870270986445e-01
1.856912492869840503e-01
4.532858539754844318e-01
1.444381697808100606e-01
2.669351290578261815e-01
2.669702198313732566e-01
3.488717805291836060e-01
2.815225411401574562e-01
1.384481990893622616e-01
3.830749851322504118e-01
2.973454013152566633e-01
1.776603906106912212e-01
5.096186238972402194e-01
4.837950845691817436e-01
1.278819017202025010e-01
3.809617347974327828e-01
1.086216177003432870e-01
2.669548957578775639e-01
2.067119023365264485e-01
3.135297231527910400e-01
3.235669595502046469e-01
5.520562145659125841e-01
1.755312297605474692e-01
4.444198628139369167e-01
5.142486880310708219e-01
2.148139896017741690e-01
2.147609257999507359e-01
2.056306473505841170e-01
4.206939736324428192e-01
4.510890646721765207e-01
2.150101495897729087e-01
2.147393371062536749e-01
2.147783461919013648e-01
1.861989933624336457e-01
2.147454823187417428e-01
2.147393371062536749e-01
5.098391868202116761e-01
4.192955266352026422e-01
2.147454823187417428e-01
6.144258198523347980e-01
3.011414580526448614e-01
2.148166622536747672e-01
2.726063868214760877e-01
2.821268874222804812e-01
6.144258198523347980e-01
2.088152999107752428e-01
2.148346390457713251e-01
4.591133091830011947e-01
2.147972711046972072e-01
6.145279273346827553e-01
2.147285813101428575e-01
2.147393371062536749e-01
1.879939157604222921e-01
2.215111907167871819e-01
5.096733080230955171e-01
6.144258198523347980e-01
2.810973653571437469e-01
2.147454823187417428e-01
3.549510746912649117e-01
5.300879089242011011e-01
2.090431905957183811e-01
2.727493149374521919e-01
1.943108806946640121e-01
2.148102460736817931e-01
6.144258198523347980e-01
2.862316227944388669e-01
6.144258198523347980e-01
3.888313057517566174e-01
6.145301299460225186e-01
5.677581159338656036e-01
2.355122463969947511e-01
2.147132586008309862e-01
2.854056277978210265e-01
6.145279273346827553e-01
3.299287416395081385e-01
2.148296080152707621e-01
2.147610071181514646e-01
1.594666517641859516e-01
2.109541437219913107e-01
3.142997123658086145e-01
2.147507855706249913e-01
4.253779179067267990e-01
2.147220467511735398e-01
4.039448829530708496e-01
2.736034664714371289e-01
5.429351743728048074e-01
6.143811153918545820e-01
4.264873731729512674e-01
6.144680762200654955e-01
2.654450965870588375e-01
5.433560022554357882e-01
2.054085728146763101e-01
2.147677934758872031e-01
4.498293716246831719e-01
4.710652138912846953e-01
5.898960789616740641e-01
4.033802162204251363e-01
1.500692088967214566e-01
2.378765829737877757e-01
2.145839008684032045e-01
2.346202575051142269e-01
4.157081461507554643e-01
2.077368014761550863e-01
2.317676517418286730e-01
4.840812445208642623e-01
4.235525086169516507e-01
2.182861724984607454e-01
2.335226324207232418e-01
6.236955472338810980e-01
6.303920555894663158e-01
2.335124844624668627e-01
3.916290237391362727e-01
2.942800611904943242e-01
2.615243660967315753e-01
2.668693665621257871e-01
1.441069401881770462e-01
2.633854225273308258e-01
2.228860395832920893e-01
2.675504538991037573e-01
6.236063710212117472e-01
1.990734930527847668e-01
1.819872114963413945e-01
2.148279396699716293e-01
2.477980029440396137e-01
2.335689604915119622e-01
1.645926654827130908e-01
4.609974005397843300e-01
2.335517218843477794e-01
4.253954710205137824e-01
1.717992681928374732e-01
4.561756715352031644e-01
2.335576963173879028e-01
2.363714250437345954e-01
1.161992311725532218e-01
2.335517218843477794e-01
1.694998317536476340e-01
4.293144346777905129e-01
2.535886739544784274e-01
6.259624583840317502e-01
2.335689604915119622e-01
2.602937006064984793e-01
3.740009625147361905e-01
3.550669074863825880e-01
2.215386565261726892e-01
2.523653933020114648e-01
6.236063710212117472e-01
2.335689604915119622e-01
4.119269162559058284e-01
6.236063710212117472e-01
6.236063710212117472e-01
5.797240180416749489e-01
4.435273215166551375e-01
6.973736376653508762e-01
6.146707405398162960e-01
2.335576963173879028e-01
2.625117649144873555e-01
4.749988405131491676e-01
5.060374156346577612e-01
6.236955472338810980e-01
4.561684584693682099e-01
5.375238843868371807e-01
3.805774426864525495e-01
7.544451070004382087e-01
3.805115350259293261e-01
7.189260075882651924e-01
6.236063710212117472e-01
2.296443520820622419e-01
3.412931269879474483e-01
5.504264429524797775e-01
2.417801790101692938e-01
2.996728310523945060e-01
2.742604754205562045e-01
4.677001604335815355e-01
6.212916308385406650e-01
3.931590731724540211e-01
1.974123882989625989e-01
3.669780037742949585e-01
3.292518204779551483e-01
2.811754069517378718e-01
2.934580359965605068e-01
1.571528516468153613e-01
2.742700003339285098e-01
2.742700003339285098e-01
2.504490588159351550e-01
1.978604161458482058e-01
1.792282387857253023e-01
1.010230305876487072e-01
2.742438039963512320e-01
6.473311239844735665e-01
1.908611794981038279e-01
1.862049906189405801e-01
5.223405738052966374e-01
2.742296844915531051e-01
2.445652650755610058e-01
2.570338505008125662e-01
5.475098384433886300e-01
6.193785047208876238e-01
2.847177648547788431e-01
2.742438039963512320e-01
2.620022490981821495e-01
2.742721787906025610e-01
1.746655320194299144e-01
5.256353813775611616e-01
5.099376231444512353e-01
5.223718147062536010e-01
2.742947364294590074e-01
1.542538061612361289e-01
5.223718147062536010e-01
2.742604754205562045e-01
5.223718147062536010e-01
2.742566528757069411e-01
5.000000000000000000e-01
2.742700003339285098e-01
5.223718147062536010e-01
2.742828775073941072e-01
2.742238355658995763e-01
5.223405738052966374e-01
2.802603281618448738e-01
2.715253641403061469e-01
8.830383949757186768e-02
2.692905312979044785e-01
2.144756571589834238e-01
1.983337940527239163e-01
2.742700003339285098e-01
8.830383949757186768e-02
1.527324563449938832e-01
2.742700003339285098e-01
2.742700003339285098e-01
4.868265481370377401e-01
1.751396485017387150e-01
1.426445448056227472e-01
4.119793330067644255e-01
5.446950050025843870e-01
1.329029388593277183e-01
5.000000000000000000e-01
4.262795419541102193e-01
2.742947364294590074e-01
5.224128839241853894e-01
5.223718147062536010e-01
5.829368780452705012e-01
2.742470585163874208e-01
2.286770076044114530e-01
4.056106201847577419e-01
2.742604754205562045e-01
6.764790454644026285e-01
2.721297021873407829e-01
1.966781577044812157e-01
5.463744118316253839e-01
2.348442176249779800e-01
2.721720370809001532e-01
5.572318062003484007e-01
2.562916111450327938e-01
5.000000000000000000e-01
5.326963850614735430e-01
2.642215949608125447e-01
2.395249255506089470e-01
5.103290434637263173e-01
2.721057518353496296e-01
6.585660175247378678e-01
5.326686697588942643e-01
1.292991630236731970e-01
5.326963850614735430e-01
5.326963850614735430e-01
5.160692483423464649e-01
2.601248220115711662e-01
3.061986405888716400e-01
4.190572192819537189e-01
2.584182120337126798e-01
2.721208284716383208e-01
5.326963850614735430e-01
5.326963850614735430e-01
2.721273906412825516e-01
5.327250093896157557e-01
1.355978077641822321e-01
2.108313157265175597e-01
9.706212003941869226e-02
1.500782410308555415e-01
5.326963850614735430e-01
2.721057518353496296e-01
3.817905244586553004e-01
4.863077257084740257e-01
4.314540400289054722e-01
4.107874652613902611e-01
4.161967544508143324e-01
5.326686697588942643e-01
2.489379243602000968e-01
2.632891994307339778e-01
3.037765771948441329e-01
5.530057953759852651e-01
2.242323238343221226e-01
4.487841511812300510e-01
3.484511627161738789e-01
5.326686697588942643e-01
3.671769467042542145e-01
2.721444791056258916e-01
4.896276051207534841e-01
2.601248220115711662e-01
2.592152085290400643e-01
2.721534123945923977e-01
6.464882977735761926e-01
4.184447112555255699e-01
1.435746535760122067e-01
2.562916111450327938e-01
2.721000435564702169e-01
2.721444791056258916e-01
5.326963850614735430e-01
2.721271810721868634e-01
2.721534123945923977e-01
2.721583936113027846e-01
3.878934267073101405e-01
1.179959032903898503e-01
9.706212003941869226e-02
2.721692752184843855e-01
5.800679416351531836e-01
5.326963850614735430e-01
1.987474956033472850e-01
2.348442176249779800e-01
1.535375888346343087e-01
1.355978077641822321e-01
6.681908579961176597e-01
4.745786202659637576e-01
2.993771523495434295e-01
2.512915367114924581e-01
2.475507486391936018e-01
3.476618030501940071e-01
2.513853902902962734e-01
5.157866871583179913e-01
6.066285343211973435e-01
2.513161879616330197e-01
6.880256376579152455e-02
3.395763085836371320e-01
1.956733328710981989e-01
4.499577701516794259e-01
2.078857979651576593e-01
3.654058590025398012e-01
4.593630730477170077e-01
2.513207152679094447e-01
1.623935937417389508e-01
1.270766909798178856e-01
2.512892420167858742e-01
5.812385084224847009e-01
2.469814506801419340e-01
5.450070642913321661e-01
3.442538079681072699e-02
2.175581957405459954e-01
1.652347466465305115e-01
1.270766909798178856e-01
5.812385084224847009e-01
5.000000000000000000e-01
2.513591234480055392e-01
5.906971083552363666e-01
2.513591234480055392e-01
3.161990851445158346e-01
2.513325354780209797e-01
2.513591234480055392e-01
5.478859906889103071e-01
4.690739964245746463e-01
2.781400030334054696e-01
5.783341836365184507e-01
2.121472506845974715e-01
2.538944440738572506e-01
6.172956602055119646e-01
4.835247802800962114e-01
6.259129516368155954e-01
1.693305751580292950e-01
2.302294035544883155e-01
3.710011629017023749e-01
4.509457499938987479e-01
4.158506144209444533e-01
3.715109948361287606e-01
6.707924195249993504e-01
3.703234261580489739e-01
3.959773551910361067e-01
2.513700450448123069e-01
4.606148146864785797e-01
5.549569961717581990e-01
2.513325354780209797e-01
2.513660815594606635e-01
3.703234261580489739e-01
1.553497617363414351e-01
2.513700450448123069e-01
5.812385084224847009e-01
4.871046808540256956e-01
1.270766909798178856e-01
6.066303711814203803e-01
2.513325354780209797e-01
3.395763085836371320e-01
1.888443312198694046e-01
1.493480344805089566e-01
1.814708008173819831e-01
6.078660517257015172e-01
5.773671648173253068e-01
5.812385084224847009e-01
2.474280610501251310e-01
5.000000000000000000e-01
6.972504737525948570e-01
3.955648381252339085e-01
3.471810532062729604e-01
1.208637340275798971e-01
1.216310154653994224e-01
1.754091263209855700e-01
1.719190627342477851e-01
2.180069848816537093e-01
6.820204381950647488e-01
5.742096863159789066e-01
3.218974959897312749e-01
2.474679267035300445e-01
5.767279348645651949e-01
2.474363458793343018e-01
2.499497866065423790e-01
1.630013614334256677e-01
5.742119215096341822e-01
5.693867205175258128e-01
5.160091847401880871e-01
6.217815058895157510e-01
2.474773774281331107e-01
1.637468436715097675e-01
5.062485734610453481e-01
1.302647113989768568e-01
3.561004131551353535e-01
1.514253052951871070e-01
1.121651238166297554e-01
4.522695744529807715e-01
2.474679267035300445e-01
1.967159504982128604e-01
1.907388496362058261e-01
2.474142127855802620e-01
2.474311953681354592e-01
5.742530670978439611e-01
2.474142127855802620e-01
5.315301610356689688e-01
2.474311953681354592e-01
5.742319237814643706e-01
2.474142127855802620e-01
2.074833813233367408e-01
5.742725240170307721e-01
2.474336309673512424e-01
2.474311953681354592e-01
2.497150204484976377e-01
4.820581769938613870e-01
1.810421739087308968e-01
3.441157915985124660e-01
2.474605097895651584e-01
1.435233473587005926e-01
2.474605097895651584e-01
1.261493465179298612e-01
5.673758027301610829e-01
5.742234344315985117e-01
2.742179596310829748e-01
1.769760199685667945e-01
1.848968314226304144e-01
2.474311953681354592e-01
2.474142127855802620e-01
2.474848075816274973e-01
2.474568231222293024e-01
1.651992285503361968e-01
5.742096863159789066e-01
2.474605097895651584e-01
8.625301529201738759e-01
2.474237872233928381e-01
2.474720087667230117e-01
2.022052686080066108e-01
5.693867205175258128e-01
4.814227077912126562e-01
5.513308982443674289e-01
2.474142127855802620e-01
2.474142127855802620e-01
2.667820035523825184e-01
2.057033123605569724e-01
2.096176182455190273e-01
2.668012739634965658e-01
2.667979912982345048e-01
3.327547177355712482e-01
5.660436071768389921e-01
2.931252505101363259e-01
2.028836090872372933e-01
2.642026057976194497e-01
1.457760535012776748e-01
2.694849098574657043e-01
1.872615447274783573e-01
5.501033966695322297e-01
5.298907556704731681e-01
5.315570645993930032e-01
2.985843595228494518e-01
2.667788336583832298e-01
2.667640010457016930e-01
2.667900363021752375e-01
3.976737072989702249e-01
1.973120779391607238e-01
2.667302488248106673e-01
2.667640010457016930e-01
1.207389856289604879e-01
2.667904955035449444e-01
2.667884885856526278e-01
1.923055088917901001e-01
1.761523463445781590e-01
2.096176182455190273e-01
2.667640010457016930e-01
5.500282845765747108e-01
5.616966542397796580e-01
2.667640010457016930e-01
2.096176182455190273e-01
7.053497455407816696e-01
2.668124855022558362e-01
2.667884885856526278e-01
2.691798941726263328e-01
2.667788336583832298e-01
4.792150325206725459e-01
2.667800394333614267e-01
3.976737072989702249e-01
4.201514808622034969e-01
1.847231387705295935e-01
3.411053917863629548e-01
2.599991976425856666e-01
2.667640010457016930e-01
3.061598438275540124e-01
5.501053736800253224e-01
8.830005563133543067e-02
3.644480067076854568e-01
3.477707594211497666e-01
2.668012739634965658e-01
4.215463473820138529e-01
5.743194257045064477e-01
4.044047456956223474e-01
4.164671209108701255e-01
1.465065222877042772e-01
2.667640010457016930e-01
2.667979912982345048e-01
5.147667091892489388e-01
2.667571893865762211e-01
1.919037399725303239e-01
2.402984103588310383e-01
3.041708003010682448e-01
2.883815206116052687e-01
4.379371668146105900e-01
4.477573892807851785e-01
5.915840764834500165e-01
5.315570645993930032e-01
7.194005363653168672e-01
3.976737072989702249e-01
2.529636637342392302e-01
4.339209825748446825e-01
6.376221623554297890e-01
2.379241786511634704e-01
5.846569428470621554e-01
4.687626739176719570e-01
2.872075430436527577e-01
2.318541715288743865e-01
1.196920317431108272e-01
2.133819885301697639e-01
2.379570781102442745e-01
2.840530152839900735e-01
1.086456481525607393e-01
2.379502173513403374e-01
2.293767905402131768e-01
5.216585059020276693e-01
1.927455774046723525e-01
1.196920317431108272e-01
3.432292010790282122e-01
6.410727979514933006e-01
3.061061309201217884e-01
2.323005935104355824e-01
2.379406825301827177e-01
2.379406825301827177e-01
2.260019142072560161e-01
1.508368714902683372e-01
1.974589461935182533e-01
2.836493951820967530e-01
4.331403399204378779e-01
1.196920317431108272e-01
5.904665151531132139e-01
3.476949822601115292e-01
1.778777344712531017e-01
5.596888878506111054e-01
5.060364317467241912e-01
1.344649536541448476e-01
3.890168092904246477e-01
5.904665151531132139e-01
2.558595142963392410e-01
3.509536856705325891e-01
1.196920317431108272e-01
4.543733445926653736e-01
4.936778571871662802e-01
2.378840966522210720e-01
1.778777344712531017e-01
5.904665151531132139e-01
4.617844945567057269e-01
6.627007538709464018e-01
2.379495901788489520e-01
6.255383358214557932e-01
5.498671189784910540e-01
2.777100186958310624e-01
2.378840966522210720e-01
5.000000000000000000e-01
1.997481896949486191e-01
2.816226687921034588e-01
1.086456481525607393e-01
1.464449933422084515e-01
2.276608338202134318e-01
1.139436934731769685e-01
6.368792604289333914e-01
3.742336229389187086e-01
2.133819885301697639e-01
3.009763909575509655e-01
5.904665151531132139e-01
6.047802942936332249e-01
1.742855138287367212e-01
5.904665151531132139e-01
3.070648525382692617e-01
4.587560044665214276e-01
6.050713315925940750e-01
4.187694024418522898e-01
2.994680305082789151e-01
1.953811460222675545e-01
5.137661881181403434e-01
