3.077810342592905979e-01
2.616315060878015020e-01
3.855424501864352371e-01
2.032673492435927709e-01
3.310651217219113263e-01
3.034068083556637485e-01
3.818620207614786266e-01
1.868175109957967150e-01
1.490732322473148630e-01
9.863692503786247734e-02
4.200047154553778195e-01
6.454970303899887352e-01
2.881832435748691301e-01
5.185018949429631707e-01
1.256937464049572017e-01
2.679847222893694814e-01
2.910659524087990113e-01
1.313857257936787426e-01
1.703067878836324600e-01
1.639755604609783868e-01
2.302439146743573140e-01
2.852745490558403207e-01
2.514492036198108238e-01
3.920206528939253476e-01
3.016509362081685186e-01
3.227662380616386772e-01
1.157422131657813991e-01
5.612580513869983578e-01
5.176308593394137736e-01
5.092069827189878994e-01
5.780150018611871499e-01
3.023771867595452800e-01
2.849653525049571923e-01
1.053287965789056757e-01
6.561632172493198079e-01
5.000000000000000000e-01
8.567291575851709862e-02
7.037081857130611517e-01
1.975119798045047448e-01
5.251285250431647622e-01
4.279563913959694155e-01
2.452090320913647425e-01
4.337583822532966038e-01
4.362178887993704013e-01
3.052314147142747291e-01
6.248325851011687915e-02
4.000068821770113026e-01
1.814597482133673001e-01
2.081884214781793974e-01
4.913651884405458303e-01
3.023771867595452800e-01
1.156137211223479955e-01
6.523847916782507528e-02
5.792932573337237212e-01
5.071035694037593355e-01
3.694334585634764245e-01
2.853463165828926118e-01
6.044987063676520167e-01
5.071035694037593355e-01
3.023771867595452800e-01
5.607308480048851518e-01
1.710304626396386141e-01
3.576950419788384461e-01
2.641621774522705524e-01
3.435005657022735526e-01
5.739457316115587071e-01
1.898660244878854209e-01
3.023771867595452800e-01
2.943026129338707220e-01
1.313857257936787426e-01
3.283438605009604827e-01
2.006486106651580725e-01
5.474542781746875031e-01
2.416130096676236405e-01
6.598177173463195544e-01
5.338275440783770698e-01
1.825798002283885724e-01
3.650991717050784957e-01
5.281311688528826931e-01
2.213007475541447777e-01
2.387465581855576224e-01
1.301649517890650920e-01
5.447800546793327703e-01
3.420966786331305354e-01
2.387465581855576224e-01
1.463398597444277860e-01
4.521070758185264382e-01
5.202091009364515628e-01
2.032893705416818630e-01
3.512097163636058172e-01
2.834883682148455208e-01
5.000000000000000000e-01
4.339198543971131139e-01
4.289707807550374730e-01
2.092922320538964376e-01
3.660770906161658900e-01
1.669951172468680800e-01
3.010640947837009973e-01
4.516211378929805842e-01
2.884821146212720455e-01
5.347721542515018189e-01
4.478735557321514293e-01
2.069551052132152236e-01
2.443918430765758820e-01
1.630586075309037875e-01
1.176029093701532052e-01
1.357256231486621556e-01
4.135752131743299920e-01
2.387465581855576224e-01
2.386982120949866504e-01
5.494485413356022807e-01
3.481586970217122601e-01
2.039172906629092008e-01
2.795256047194131788e-01
4.539880521589536588e-01
2.796818452666197108e-01
1.910637833166824728e-01
2.465536031739318235e-01
1.823632833831574929e-01
4.402525060044728544e-01
3.731601711970365387e-01
2.872188503150036598e-01
1.276246796772319281e-01
2.381183058304660038e-01
2.676736860318088551e-01
4.843370478457856287e-01
1.272380066760926964e-01
3.552730278489684146e-01
3.869133419678901231e-01
4.264611234736268575e-01
5.000000000000000000e-01
2.411634063693164631e-01
2.569539494127393575e-01
2.620988104293336951e-01
1.792343348106502365e-01
2.282850020317157835e-01
2.155459130543320723e-01
3.964421480816412435e-01
4.483556703233222973e-01
1.744174855150243120e-01
2.287722072649685523e-01
4.493098777743045891e-01
1.781611154267067620e-01
4.363894338846421306e-01
4.699276264964662442e-01
2.774277892979793436e-01
2.613865188220556024e-01
1.781868504851668866e-01
1.548812768345052548e-01
3.620313394509187543e-01
3.900527993166926222e-01
2.485158124188941720e-01
5.881809961578322588e-01
2.263459995424267346e-01
5.000000000000000000e-01
4.397857339708414193e-01
3.440766132362603757e-01
3.339855011393850215e-01
3.313411516964000492e-01
2.577447212114487574e-01
2.845268130318523436e-01
3.536770124433554208e-01
3.480253129282521729e-01
3.149259451919880215e-01
2.576049645470427363e-01
2.577952434671680892e-01
2.629148226527591725e-01
2.576981709338196924e-01
2.576049645470427363e-01
3.457708649789030808e-01
4.185333701529397876e-01
3.216299961380444938e-01
5.861206270473831026e-01
3.169309547058595244e-01
2.576465677050687741e-01
3.002656017276909561e-01
3.004451209960891100e-01
9.725033763585502200e-01
2.575343960367182938e-01
2.575920924190878147e-01
3.100117173844899598e-01
2.664949051754145759e-01
2.612022682950120300e-01
3.060615982563833493e-01
2.777370193722481506e-01
3.080745807860172381e-01
4.175851216185095249e-01
2.772129620825428131e-01
2.648106625505221579e-01
4.143322232547569373e-01
3.462122349345198580e-01
3.053793935732316833e-01
2.529679584866166842e-01
3.308083657405681555e-01
2.997414755537833875e-01
9.725033763585502200e-01
3.432210907003768185e-01
4.387759249962712160e-01
3.806194552695070787e-01
2.575590486861263351e-01
3.532207990286382882e-01
3.510786364362079026e-01
2.784116511159196450e-01
3.412645549753831609e-01
3.202378655202735014e-01
3.340094762981978826e-01
4.158887167269322283e-01
3.512223168231080606e-01
3.176008468927968842e-01
3.512269757299292250e-01
3.083982371293717550e-01
3.190118395401581597e-01
2.894965312847669892e-01
3.394010701930461615e-01
3.282079392560859898e-01
3.318326936050591813e-01
3.168863981248256634e-01
3.283256658096790348e-01
3.074908657788242849e-01
3.041731187696045113e-01
3.345809977670690660e-01
3.223434282570506459e-01
3.217215402934888724e-01
4.260157670803075836e-01
3.181155860676884717e-01
3.170390429189427484e-01
3.403127413121010969e-01
3.135636564335957943e-01
3.753722647734555884e-01
3.227305939893557740e-01
3.341625356480965592e-01
3.497271051461975366e-01
3.118901649256611841e-01
2.744998399124337629e-01
2.866604124976078749e-01
1.982788577674058916e-01
3.041702374761718897e-01
4.025620124904836228e-01
4.489391979279410694e-01
3.610268126670518885e-01
5.417676980107860585e-01
7.454918510300787560e-01
2.570030060320738774e-01
2.785298833748097724e-01
4.913557725609761229e-01
4.271004346712787281e-01
1.864441976901257680e-01
2.886867170154292506e-01
2.668591348153743215e-01
2.749874189069791419e-01
3.160333106281250637e-01
2.542185812660412991e-01
3.569815392929238107e-01
2.561420176567079099e-01
1.789019565128432410e-01
3.436917324192180212e-01
3.214187261489910852e-01
1.691446161874484155e-01
3.122343804916269949e-01
1.850847186689903723e-01
2.579509460770508245e-01
1.739062502292893775e-01
1.864292769384679194e-01
1.865061428435151325e-01
3.701938595984737290e-01
3.571522245030973597e-01
3.334398783588204407e-01
1.864668147345628912e-01
1.865061428435151325e-01
2.161147699793014298e-01
3.213610290181958540e-01
8.536406391758309953e-01
2.628146726361730856e-01
3.137046797140532473e-01
5.273672528542563409e-01
3.326575005619885617e-01
2.826750143884652622e-01
2.916003822939437495e-01
3.218972828742702186e-01
1.864162826518644123e-01
3.430621834038856677e-01
3.339187648089665950e-01
7.565346616471770869e-01
3.366334755040123472e-01
3.404932371463220142e-01
1.950637159619041938e-01
3.033009722528611229e-01
3.114316783969207081e-01
4.219311378892320885e-01
4.271784696725103303e-01
3.663634448973385194e-01
2.489893221695179681e-01
4.745255621661819134e-01
4.151508110842532240e-01
4.600375416791287475e-01
2.698155444861849439e-01
3.192632114379914676e-01
2.941466840344330591e-01
4.839959795605915382e-01
3.993243584244373645e-01
5.477225948967892055e-01
2.935470554141687005e-01
3.159788500824256552e-01
3.609660775664100818e-01
3.549541834834710752e-01
3.303801020244274134e-01
3.085895817704965016e-01
3.110937456982583726e-01
3.205951903987011575e-01
3.075383098874425181e-01
2.799018267319953179e-01
3.160103892669531289e-01
7.004843784738701284e-01
3.119337234338462883e-01
2.476843502390034257e-01
5.957591085880823423e-01
4.025584823326909811e-01
2.210588456890875964e-01
2.239831097158616335e-01
2.548542342245380121e-01
1.850709418472479550e-01
5.495567629717547087e-01
1.144341116230347677e-01
1.732079762179700999e-01
1.818055764175338374e-01
1.488619271416619927e-01
2.796719236450547763e-01
6.204673237661780805e-01
2.205636084695949128e-01
2.062372331638167855e-01
2.062298921157281473e-01
3.365753986983493484e-01
7.354308135627075638e-01
3.420566863726492990e-01
4.385249526795707564e-01
6.461830902143139710e-01
1.598570390653819007e-01
6.461830902143139710e-01
6.795647995425326826e-01
5.000000000000000000e-01
5.813590396233284663e-01
3.653147038810902192e-01
3.287070545317413717e-01
4.782692287327938163e-01
6.461149268205361729e-01
4.782692287327938163e-01
4.945802209693556661e-01
3.435925742110563230e-01
2.852939716240026069e-01
3.511045864663979721e-01
5.174996694364866201e-01
4.480974199270763014e-01
6.855981858117358163e-01
2.834122287182252453e-01
2.024792084429115624e-01
1.631839004875637877e-01
1.625943669381079704e-01
2.489936818909049276e-01
1.414135590838772882e-01
1.459773479945985497e-01
2.925812763556530638e-01
1.751000949805991691e-01
1.098143809811010646e-01
2.061847962983684168e-01
2.061847962983684168e-01
4.802195098089116487e-01
2.062668363444934427e-01
1.405777861729986811e-01
3.739337837002986165e-01
4.434963845354236156e-01
1.824006933169822764e-01
5.324323752265139875e-01
2.061614316649220402e-01
1.967436623426188358e-01
2.500524085093499549e-01
7.369317135784624329e-01
3.996583878672754775e-01
4.229489031878386762e-01
6.188424127723035628e-01
3.011949819056426447e-01
4.713204338332308563e-01
3.482277258663531994e-01
3.037712214472200190e-01
3.562309691480132767e-01
3.277369015475453673e-01
2.061847962983684168e-01
2.664650955565012747e-01
6.891871245644327626e-01
3.093559965454403815e-01
7.026353393988135076e-01
7.085880899390374354e-01
2.684113171986384772e-01
2.755479068496494155e-01
3.703511575086346763e-01
5.791856088796627500e-01
2.640226733090859645e-01
3.466980681284421162e-01
4.409622598436890306e-01
2.098029239546637392e-01
3.327863141312608630e-01
5.127604893747508275e-01
3.653999586526839871e-01
2.989896462040197989e-01
4.901267436839409908e-01
1.176167198872794944e-01
3.083518077307113581e-01
2.244102345951676514e-01
4.518511385032972782e-01
2.648792471220520750e-01
6.521576557239866512e-01
5.742610478325546053e-01
8.591397243427065233e-02
2.706739459826044136e-01
1.445523690529438021e-01
2.214877145437554595e-01
4.518511385032972782e-01
2.499619838861477372e-01
5.149327650563303438e-01
2.174138334297958386e-01
2.642375888591630972e-01
4.948261025747005548e-01
2.222516870506462405e-01
6.054766477155736348e-01
3.351226375659826506e-01
2.481232646950793652e-01
6.894920246533445818e-01
3.890731111610441495e-01
3.890731111610441495e-01
3.597734296582904556e-01
3.938426674148953199e-01
4.869980511895513065e-01
2.755187707902301275e-01
2.617861572842271611e-01
5.068432565690994540e-01
5.102058014147379250e-01
3.012661867587687614e-01
2.810557298780449464e-01
2.971973617076900109e-01
3.333698882799084884e-01
3.031145655435106834e-01
2.924434475063591443e-01
1.598436675594173961e-01
6.515530879005428933e-01
6.325347712302511471e-01
1.168979077536570904e-01
5.431745046092986140e-01
5.906784771961628433e-01
4.687555410393625110e-01
3.541087225204082034e-01
5.743127391979143681e-01
2.755640446127167742e-01
1.304463105386433619e-01
3.409715439245895041e-01
3.365530586018674053e-01
7.104037838716814601e-02
8.745728463565989597e-02
2.553972507760736699e-01
5.065776136596696899e-01
6.483778763140370938e-01
5.394079390334930446e-01
5.000000000000000000e-01
3.164776806358621242e-01
2.714473476267832419e-01
2.684113171986384772e-01
6.241756876366914009e-01
8.591397243427065233e-02
3.031145655435106834e-01
1.973403935007422005e-01
3.108148677636798918e-01
2.074313807565573986e-01
5.152933129529810863e-01
6.010964454878101604e-01
2.502902053502972790e-01
2.984402080628356657e-01
2.888056492687437471e-01
2.518165969292460726e-01
5.000000000000000000e-01
2.442915525873888549e-01
2.633284695326950642e-01
4.461281059461318921e-01
2.485062959249890735e-01
2.370310198334196483e-01
1.463544832549217578e-01
2.177916845774466037e-01
4.356609579870518445e-01
4.856692396178353133e-01
6.012171281444881332e-01
3.090455605022522922e-01
2.983311358934870872e-01
3.218617678400578774e-01
1.463544832549217578e-01
4.356609579870518445e-01
3.440965928474266078e-01
5.056044925338971652e-01
4.505402219791722618e-01
2.467343270772435759e-01
4.838056479431779855e-01
2.495848412365443414e-01
2.495153542132736435e-01
5.375648084964417261e-01
5.083863149200309461e-01
3.675124029071142329e-01
3.802394083438362382e-01
2.495119870770448334e-01
1.497852540884635764e-01
4.795877614528106792e-01
3.668010005819447028e-01
4.788040699986360060e-01
4.839037851191801409e-01
2.569313785971947817e-01
2.838296869563235458e-01
3.085911638386952816e-01
3.419160466937356535e-01
2.335620627238169100e-01
4.170039879609416245e-01
5.739540320770138981e-01
2.707052783470664248e-01
3.277970061319662176e-01
3.599852080378264652e-01
1.595307231960587935e-01
4.318198636174857552e-01
4.632767230628234145e-01
5.733669436900588057e-01
2.196454839990674701e-01
2.707052783470664248e-01
2.060107151476382181e-01
2.595071573228622808e-01
5.491656513964002784e-01
2.495146936043393937e-01
3.668010005819447028e-01
1.463544832549217578e-01
6.011588565141465779e-01
1.839311850554204708e-01
2.907207877863013934e-01
3.460842215185473969e-01
3.389846668980628364e-01
3.193101503435702426e-01
7.079864707361814835e-01
2.022798762599205269e-01
3.698565026490976404e-01
3.773483994491113047e-01
3.321422056599112604e-01
2.700669034320192230e-01
2.105564443558393672e-01
6.011569817444978314e-01
4.809349540326406935e-01
2.840747943173013712e-01
2.510620795240349201e-01
1.131152968146681703e-01
1.578849245069511298e-01
2.190896455597404202e-01
5.064164885887096901e-01
2.822198303472353564e-01
4.256552932325564642e-01
2.640955196710517150e-01
2.041439643787414937e-01
3.315817048089748087e-01
3.054703025954845774e-01
3.982954967014153413e-01
1.980884763808073434e-01
2.877675169601551231e-01
3.016705783072795577e-01
2.757064726915225972e-01
3.188074233115896217e-01
2.559612337169273610e-01
4.081787690932398016e-01
3.287616366388899647e-01
2.030454281015557916e-01
3.209214756162719340e-01
1.823132668298952652e-01
2.079366035705747517e-01
3.796553957647768041e-01
4.111744756789459943e-01
1.745363841192018595e-01
3.229757760885463291e-01
4.087700838677779114e-01
1.669237042712678198e-01
5.984035300709165117e-01
4.204639527950432831e-01
3.132593139294307383e-01
2.560162689670882341e-01
3.195339027817473698e-01
2.562258290079135747e-01
2.604771536789361464e-01
3.232786220419426870e-01
2.646611975088905555e-01
2.163989133975482981e-01
2.435137428344642807e-01
3.295154444427901841e-01
3.194280016993970572e-01
1.487049395542986985e-01
3.871255514849287760e-01
2.560076601614281189e-01
7.163308091944278200e-01
2.560076601614281189e-01
1.601587552927118130e-01
4.131592230135922583e-01
2.668854441148487133e-01
2.547804780805428271e-01
1.154621144665781141e-01
2.183497536618498325e-01
5.460831582615087720e-01
6.044715165748473229e-01
2.271226922312314933e-01
2.560839373498564053e-01
2.353682556899726885e-01
2.473791647559516471e-01
2.303223415816970099e-01
4.668842701020206598e-01
1.749413131085473250e-01
2.754191625807327348e-01
2.431074845719512212e-01
2.746055364536816867e-01
3.583455719668887096e-01
6.015916409855275315e-01
2.213027013307683200e-01
1.965698665252746113e-01
1.692407021715629234e-01
3.973116784467805584e-01
4.147542862726238955e-01
3.285420793948466978e-01
4.003768420459903332e-01
6.044798441120928789e-01
3.337462143939666781e-01
3.083485872618775825e-01
3.815107657148432141e-01
3.755804219250367670e-01
4.810798499100872316e-01
3.299450013710486518e-01
3.207179263294452354e-01
3.538615050622820335e-01
3.381380911138714418e-01
4.570921163880196647e-01
2.871054526975691523e-01
3.940695028212826689e-01
2.474930911544792334e-01
3.801841999267915884e-01
4.634423265686226090e-01
2.368206764597072245e-01
3.398407585137402376e-01
3.053817413461605845e-01
2.387908548690026167e-01
3.476299012696282831e-01
2.352371352788657777e-01
3.915085626804034602e-01
3.418503512974948588e-01
3.349491682184531638e-01
3.352618361921897994e-01
2.338412373927782617e-01
3.829283294423491690e-01
2.502203457322849656e-01
2.227216574273152561e-01
3.575824177132405635e-01
3.499865206805580775e-01
3.112974508115861072e-01
2.245281350544491572e-01
3.325017361996256970e-01
1.989275908988722696e-01
2.830559270581313736e-01
3.152955862680641430e-01
4.046853420710778693e-01
3.342246685103893444e-01
3.482261180134933465e-01
4.650981429946411394e-01
4.058730785696427756e-01
3.993664958462954107e-01
3.633768151995510065e-01
3.646551058687072522e-01
4.330080430111798995e-01
3.506188038649485916e-01
3.053817413461605845e-01
5.369056726554408687e-01
3.757734276567398779e-01
3.888648784169728145e-01
2.832931779368955127e-01
3.875318786348578848e-01
3.500791457077904179e-01
2.824164702975765495e-01
5.123933009665425642e-01
4.333987772831536245e-01
2.987519457126863731e-01
3.134654274425163756e-01
1.650508064596478142e-01
3.920132535792602568e-01
3.053817413461605845e-01
3.509394298457721439e-01
3.951127849508856427e-01
2.448155188280854433e-01
3.207512449041974301e-01
2.906892921907343053e-01
3.700172765638772288e-01
3.724496789772867578e-01
3.682125482463092236e-01
3.566315623541845836e-01
3.723104560143319364e-01
4.336378324344822288e-01
5.416040001029646112e-01
4.738322405872646970e-01
4.116565346620074117e-01
3.996689316037634332e-01
3.493691720107203191e-01
4.374077840743024748e-01
4.670515653223513142e-01
1.959212722656931693e-01
3.292866341034989541e-01
4.744216476888583611e-01
3.920441887042614981e-01
2.875129447390823434e-01
1.903975139341910205e-01
1.687301667141247186e-01
3.543094879731257807e-01
1.707586738780378643e-01
1.752328823680641690e-01
5.000000000000000000e-01
4.297565988004025117e-01
2.546722763889281982e-01
1.712916923288847204e-01
4.105296992502159292e-01
3.228718621227806840e-01
2.619731201903955364e-01
3.171060716614171326e-01
3.180433239692546654e-01
2.401975522006903618e-01
4.539004604301359880e-01
2.190478830636060081e-01
4.042383926170172170e-01
3.750516727989191001e-01
2.586524327300114834e-01
1.817274032740875400e-01
2.259965469706057550e-01
2.599581818031511116e-01
1.447479969350990159e-01
5.131668213047593241e-01
3.493068710232189455e-01
2.490896787679757196e-01
4.267101747363656883e-01
4.904312354176210698e-01
2.878781917052012362e-01
3.198158191529669736e-01
3.470545813409199321e-01
4.443726932415065223e-01
2.761404907736333403e-01
3.363300146547689162e-01
1.312021002706777739e-01
3.423542081432484618e-01
3.452473849584328236e-01
4.612191728671681812e-01
2.208334438232125441e-01
2.490896787679757196e-01
4.799837455260168029e-01
4.387672350957373402e-01
3.884963188539475309e-01
1.569675894004304295e-01
4.322794235007235697e-01
3.751123537695250088e-01
3.829092271934001479e-01
2.048769704101074673e-01
3.585557794440896173e-01
1.701999766404649894e-01
2.365553077584424679e-01
1.865229788493631691e-01
2.712933923003123526e-01
4.268931115968639389e-01
2.222830076471923044e-01
6.532276174601721053e-01
5.000000000000000000e-01
3.559960732672733941e-01
2.126102515001675464e-01
3.673757890670750759e-01
3.576976199918511234e-01
2.354091905747691671e-01
4.460183077920639727e-01
3.936755141710924222e-01
3.468449718039560703e-01
4.507088759173136228e-01
3.182820922392214924e-01
3.386107388286878628e-01
2.923485542072313259e-01
3.428784257907533939e-01
4.613795201607943097e-01
