2.569613748593570501e-01
2.970890967482949785e-01
3.148947902899079110e-01
3.453908103669010576e-01
5.288704449890164749e-01
3.715469086129638554e-01
2.457789846560247682e-01
2.493991096821815412e-01
2.955807081640263734e-01
2.762471471786464572e-01
3.454778420622145463e-01
2.949737185011748197e-01
3.031729440187742597e-01
2.493187572453000878e-01
3.487889349294544528e-01
4.817401204807299497e-01
2.375328507880191398e-01
3.953089344319839493e-01
2.397701794210186643e-01
3.414821304081490094e-01
2.734439409028706636e-01
2.935685446614388905e-01
2.493724714561487144e-01
2.866896776000744662e-01
2.494136050777474578e-01
4.662860685936434102e-01
4.249124178821741538e-01
5.624865762411893622e-01
2.513983343963878125e-01
3.670638624177925413e-01
2.742086088271154520e-01
6.346082160374276748e-01
3.415413840562457337e-01
6.664415281637455779e-01
3.013372139982208875e-01
3.012196803461315020e-01
3.907117983151963125e-01
2.657027918594602744e-01
3.300181012245068657e-01
4.743272428047054512e-01
2.949372048074906938e-01
5.336782410610074745e-01
2.899061254676428834e-01
2.837695778903459032e-01
2.690547605343076021e-01
2.493940821238044836e-01
2.493991096821815412e-01
2.493870583132049845e-01
6.016997390748849428e-01
3.773403160505120479e-01
3.949369018110272522e-01
3.895898117407600170e-01
6.016997390748849428e-01
6.664295728030683597e-01
4.392778611383842957e-01
3.905546480197621961e-01
3.535549378702030343e-01
3.152879783945882197e-01
2.494419326870138953e-01
2.494437243375713931e-01
2.375328507880191398e-01
3.475217507981926968e-01
2.493991096821815412e-01
6.412543225349678355e-01
2.494136050777474578e-01
2.337749191873896570e-01
2.494136050777474578e-01
3.514233947995035190e-01
3.514231536181315341e-01
3.524781796663028488e-01
3.514232041142774099e-01
3.139676014401635018e-01
3.514231667782275470e-01
3.516282166606762849e-01
3.514138526523340467e-01
3.384976933425196677e-01
3.156103071061853726e-01
3.508791688251673979e-01
3.514135357704744611e-01
3.515274327372902019e-01
3.559220257107053587e-01
3.624618180956967195e-01
3.514231667802902304e-01
3.156014241887490357e-01
3.153958297326225901e-01
3.155731458184301008e-01
3.154964187995180080e-01
3.156096052258360318e-01
3.155822712423932974e-01
3.155731458184301008e-01
3.180136488807646655e-01
3.154437707944323099e-01
3.386101918985678361e-01
3.514230583257537122e-01
3.155822712423932974e-01
4.188288646022465533e-01
3.342392914482164024e-01
3.513432921692649646e-01
3.514444183043348158e-01
3.514000602645191429e-01
3.154608249840675227e-01
3.514279575651239051e-01
3.291150836702048110e-01
3.321717579582308399e-01
3.511880442564843663e-01
4.024046740267000488e-01
3.298499114463643300e-01
3.505314165478537469e-01
3.513804851387088424e-01
3.157247720104344180e-01
3.514231670637161242e-01
3.514205756011634652e-01
3.514231663851883902e-01
3.514207736053890363e-01
3.514231667782302115e-01
3.513568184867192912e-01
3.512811479880761922e-01
3.514213287292357601e-01
3.514157297442071504e-01
4.621824687504615947e-01
3.514231707574662633e-01
3.514231627729005325e-01
4.188288646022465533e-01
3.514231853715263365e-01
3.574398330909980825e-01
3.514214741988419544e-01
3.514097728059403791e-01
3.504509517235323557e-01
3.156313663606232223e-01
3.156391421668867658e-01
3.514241909979956002e-01
4.730650739463583832e-01
3.512533006401101221e-01
4.047844643030379386e-01
3.090367140386105493e-01
4.138228543196104114e-01
3.465857004440447975e-01
3.426746293571911184e-01
3.479187597847779312e-01
3.481541679271923373e-01
2.063313668695320735e-01
2.146717037804121431e-01
3.131729847542871759e-01
5.218562783767637381e-01
3.484005529679456981e-01
6.284495024154497234e-01
2.061493167709558816e-01
3.480939181069702681e-01
3.408534566314753711e-01
7.517267036445574035e-01
2.062245759492719599e-01
2.062261395137343356e-01
3.481562068574890478e-01
2.149597017081850137e-01
4.085091303254894668e-01
2.062193154814164764e-01
3.481550514617804404e-01
2.062106019557820580e-01
3.477892980202291762e-01
3.481562227739409821e-01
3.188192274935476855e-01
4.914980168296331775e-01
6.470737909642346741e-01
7.517650880596707941e-01
3.315046399011661871e-01
2.063173189447441436e-01
3.481562711407310551e-01
3.443039076870827442e-01
7.517267036445574035e-01
3.996223312580298725e-01
6.462811107767717500e-01
3.489533725432025779e-01
2.063240928167779931e-01
3.577657930417638688e-01
4.194362260067303061e-01
3.357228567190754798e-01
3.464136044238637635e-01
6.470336589477503342e-01
6.795300287110563886e-01
3.472033850179247483e-01
3.443203246008870733e-01
6.470079696390804713e-01
2.062064605869013134e-01
3.475600210147404279e-01
3.481579523682458155e-01
3.437456498000805993e-01
3.481600400582071098e-01
3.479292743814635380e-01
2.063313668695320735e-01
3.481562577059873487e-01
3.555677024093730765e-01
3.481562495070669727e-01
3.462402123802651999e-01
3.481562729189860428e-01
3.481562701397717952e-01
3.481436379669369252e-01
3.653534399822022660e-01
6.470079694271516635e-01
6.148078081298053998e-01
3.357098272448253429e-01
2.946134686293073179e-01
5.531134891851241520e-01
3.543649036747241743e-01
2.241692145268393832e-01
3.792260456141965941e-01
3.342035858440944307e-01
5.408356464056373047e-01
3.226923007508056829e-01
3.153967048863088873e-01
3.805499606608254703e-01
1.944189175586709672e-01
2.242279111295139571e-01
2.458350896833642607e-01
2.787351491871482567e-01
3.443131032966639804e-01
2.694390525137717041e-01
2.241913371625836593e-01
2.533934185604536093e-01
3.407543849123287338e-01
2.242678958743598849e-01
2.242672323461650241e-01
3.437132847925513657e-01
2.525114681877222989e-01
2.242678958743598849e-01
3.446659132591105013e-01
6.061649673048538078e-01
2.242101057894088645e-01
3.313778462249496459e-01
3.139256177930957459e-01
2.241927416922436245e-01
2.242001634978064428e-01
3.341434154541186308e-01
2.241798330505146430e-01
7.198288661382179487e-01
3.076246596051557813e-01
4.576152602968153738e-01
3.481633289278533439e-01
3.415700609592821624e-01
2.830825665710403061e-01
2.438004206530040296e-01
2.242791772382345949e-01
4.067305530359201504e-01
2.241747144654313850e-01
4.706833574396625530e-01
3.416548938501515753e-01
2.215341859011807635e-01
4.189926453745576596e-01
6.593740096664281181e-01
2.683096495136879645e-01
2.241913932067505777e-01
3.416839302231737263e-01
2.921564157599674250e-01
3.884399137755581433e-01
5.401591696540475329e-01
3.132283235040269620e-01
2.242443183283379937e-01
3.340428885317354712e-01
2.242443183283379937e-01
3.352823852911612779e-01
5.000000000000000000e-01
4.402333070917516800e-01
2.242678958743598849e-01
3.796967861857556414e-01
6.062171023239216749e-01
3.451968069587563748e-01
3.477927063637446525e-01
3.715888900404671347e-01
3.390745142582869964e-01
2.804036038752166782e-01
3.401207018882815292e-01
3.167598658483047336e-01
3.098829140053602771e-01
3.409919364556003307e-01
2.959271505527898416e-01
3.446969231660956812e-01
2.810611210905795132e-01
3.408680128747994531e-01
3.382215600145982437e-01
3.163985292881946743e-01
2.807392259355698805e-01
3.379140850135681773e-01
4.310539859838667942e-01
2.806755428885160941e-01
3.626872806917890713e-01
3.445159659490230064e-01
2.807275205459842105e-01
9.270362421648260520e-01
2.804036038752166782e-01
9.270362421648260520e-01
3.904939347441383490e-01
6.586731385496874536e-01
6.151966445408648676e-01
3.512899504789290250e-01
3.603234548218795519e-01
5.752810532066918725e-01
5.338852047433262360e-01
5.752810532066918725e-01
4.354082240423760575e-01
3.407519130436187926e-01
3.409652172043058371e-01
3.773386544038443424e-01
4.580923553126379777e-01
3.409027477679617557e-01
5.487889960848473248e-01
3.473790824643143704e-01
2.940600067123682049e-01
2.810611210905795132e-01
2.804135647528949726e-01
2.897312955682848079e-01
2.908618546065693256e-01
2.807562509477365409e-01
2.808940155977938669e-01
3.355941231233602329e-01
2.674800476797865034e-01
2.807539161647475967e-01
3.445305465117873278e-01
2.807534343105025365e-01
3.217086224205359946e-01
3.458914891830925376e-01
3.705054939743364084e-01
4.563861438831104955e-01
3.414574811302683588e-01
4.242626715406463966e-01
3.310998490420615781e-01
3.130637276727749052e-01
7.749329288988087150e-01
2.803218560937501547e-01
3.897018794170910572e-01
3.408731359516698478e-01
3.413081851584655602e-01
3.373736953519608783e-01
3.547674147390134092e-01
3.408560255941460726e-01
5.831274579428478155e-01
4.040691247930150443e-01
4.309445890628457732e-01
3.209158800975457915e-01
3.407573618565679086e-01
5.901480746026530610e-01
3.541860518020046311e-01
4.417404558435586992e-01
1.991338519182335454e-01
6.113314334898682922e-01
2.407600375601429976e-01
6.013279554391720572e-01
4.083768076307581207e-01
2.723596541231079193e-01
2.208969381084596728e-01
2.757685457994355493e-01
3.867499897914344342e-01
2.407348707337861604e-01
3.937438647457088825e-01
5.160072075666803926e-01
4.233787379271425344e-01
3.190726395046480368e-01
3.431385041557330484e-01
3.154706128424424882e-01
5.901480746026530610e-01
2.756031420397264120e-01
1.793180591105319743e-01
5.231218127079072522e-01
5.231218127079072522e-01
5.231218127079072522e-01
4.624849932859050883e-01
3.429482233731800389e-01
2.407375617887025088e-01
6.113314334898682922e-01
1.843247484643197043e-01
2.408153755173883248e-01
6.112049259299008330e-01
4.847675501046446178e-01
2.407748496310022635e-01
2.407836206671660206e-01
2.631547295802161845e-01
3.209158800975457915e-01
2.229028815252045159e-01
5.753295317509853346e-01
6.111823070027584404e-01
3.821560891360440415e-01
3.211547326282011006e-01
6.112519250774297586e-01
3.287483074368086622e-01
2.894445731250699927e-01
6.111994596738506980e-01
2.407772710212884582e-01
3.441941295741760554e-01
3.721891047454770063e-01
4.252059696443495351e-01
2.407738873755803366e-01
2.220300010300230720e-01
2.334722883938146754e-01
2.075443741206496051e-01
5.285116581334505792e-01
5.285719833540828416e-01
2.407600375601429976e-01
6.112632933426159765e-01
2.631547295802161845e-01
2.407738873755803366e-01
2.775707648277574435e-01
6.203087034543072198e-01
3.495830489212408687e-01
3.520750547706696931e-01
6.203148136807808966e-01
6.203196707347595762e-01
3.761274424988423903e-01
3.472355837691805669e-01
5.000000000000000000e-01
2.294200477328069421e-01
2.828573717016549249e-01
6.203592184835085011e-01
3.435814595857627496e-01
2.265319160187170555e-01
2.511440534059526941e-01
6.202898581103883924e-01
3.139157383060535156e-01
6.202955749881547964e-01
6.202974387766988507e-01
2.265319160187170555e-01
6.202898581103883924e-01
3.575683575403222347e-01
6.203074372247812107e-01
3.139017630774431633e-01
3.466268383314716761e-01
3.494334904323160296e-01
3.158461568147762355e-01
2.354437554796512122e-01
4.382716831474349206e-01
2.064366304209111769e-01
3.509210163683037509e-01
6.203087034543072198e-01
2.265025922807940573e-01
4.225858585705476456e-01
6.150111581118496984e-01
2.266086635426295959e-01
3.947963655372626612e-01
3.585211014344323877e-01
2.268896821050384316e-01
3.566254181883573571e-01
2.644695820559255228e-01
3.031510072627565666e-01
6.587588900932545011e-01
3.673769233953303459e-01
2.268896821050384316e-01
2.265042998426085030e-01
4.182171373675138137e-01
4.268969056206489698e-01
2.265956018395748062e-01
6.203087034543072198e-01
2.265319160187170555e-01
6.203133101481923539e-01
6.203126690192127812e-01
3.518294988733089990e-01
3.514392481430588244e-01
2.733737626874744864e-01
2.265526806837181162e-01
3.722700935856800286e-01
2.207537331336311415e-01
6.203087034543072198e-01
3.235254447692576529e-01
2.265809306894220887e-01
2.265727215484840684e-01
3.499299279899814596e-01
6.202651102701374208e-01
3.757802363864480855e-01
2.265737139746855366e-01
2.391857963702785084e-01
6.376562201452649070e-01
5.185163689307945578e-01
2.690499762944901785e-01
2.594148282253991300e-01
2.934819928878585338e-01
2.716691066805244081e-01
3.408302698683569054e-01
2.690477701632802976e-01
2.975480934257818122e-01
2.710192519890595175e-01
2.452423646286072678e-01
2.444045806571394641e-01
3.380250832031933550e-01
3.030535915140328274e-01
2.754137814298028286e-01
3.535441270257089208e-01
2.690477701632802976e-01
3.856438316110575304e-01
4.925373413079608409e-01
2.689993661780043510e-01
6.459797392426379625e-01
3.551205590954049640e-01
2.622081343350647353e-01
2.690793112784302110e-01
3.354015782397432033e-01
2.879200380434303597e-01
2.636318878219579553e-01
2.528809168540757657e-01
2.663309526166200425e-01
3.136168421544256457e-01
2.598678981219972317e-01
2.854921907020225857e-01
3.523970273257341357e-01
3.813961658554362311e-01
2.391857963702785084e-01
2.188676056242687407e-01
2.689591565022600439e-01
2.689591565022600439e-01
3.689878886872887676e-01
4.555638102899542408e-01
2.690817885334287340e-01
3.011203158859971363e-01
4.916528840562378044e-01
4.837676187924338511e-01
2.683638666526753647e-01
2.688259362433685906e-01
2.645395439395125670e-01
3.071880367461627404e-01
2.868597845958191228e-01
2.388155860740920344e-01
3.762575586136713834e-01
2.690154237206138776e-01
3.183984392698948618e-01
2.609973747149892387e-01
2.391857963702785084e-01
3.158532282045297679e-01
4.939014856131016540e-01
3.460027961239134919e-01
2.721097161124446107e-01
3.349634347999906892e-01
6.391323682001841533e-01
4.945551964025056702e-01
4.029497727401962215e-01
2.738286592399261643e-01
2.710772694538645666e-01
3.408243159902464847e-01
3.073594764017733572e-01
3.142512015304338435e-01
3.529606439758978809e-01
3.441939464091018364e-01
3.131982077673988729e-01
3.489365210531298334e-01
3.475836890430901716e-01
6.946605495201901848e-01
2.907167282302446920e-01
3.487678886356814223e-01
3.117596481570709677e-01
3.462785914138062360e-01
3.453029731246665124e-01
3.624822232391047283e-01
3.275259016946990287e-01
2.895899995086768097e-01
2.895899995086768097e-01
2.905628284133249251e-01
3.452998106467056738e-01
3.154677392699611338e-01
2.915794115968809996e-01
2.902357548652090835e-01
3.125215683936335420e-01
3.162066566710008964e-01
2.927293836433003671e-01
4.208585485660925607e-01
3.033237491931647933e-01
3.453519604841360779e-01
3.642014694589070789e-01
7.838891296845289514e-01
3.533174587320705440e-01
2.955517086355105016e-01
5.754961797650381961e-01
4.202012272063409548e-01
7.431842904509986525e-01
2.915959904176612660e-01
3.319058566963922763e-01
3.639094138660365907e-01
4.140230495352631990e-01
3.502046277604666802e-01
2.933813433882701549e-01
3.472764871449900426e-01
3.560350237069259127e-01
2.958456549538329705e-01
3.485992174520987086e-01
3.214239306227587023e-01
8.090747577465458029e-01
2.911767497210515643e-01
3.461805310198465824e-01
3.374388439501247450e-01
2.935077032789920048e-01
4.276935306088641697e-01
2.937637919844002243e-01
3.431276324488073959e-01
3.624822232391047283e-01
2.930200089616856185e-01
2.983523080306495490e-01
3.309459694158066734e-01
2.937637919844002243e-01
3.785759044804121731e-01
2.897411740440017924e-01
3.090733240991169195e-01
3.307588128162851082e-01
4.163370287500769984e-01
3.462419661104379487e-01
3.230043842330853621e-01
4.404669225421147249e-01
3.634593326535338065e-01
2.500501038454456815e-01
3.636624359770502246e-01
3.149876230250577280e-01
2.500699341552571342e-01
2.500897372935999563e-01
3.537683252622655372e-01
2.501358161596299867e-01
4.036015109891288311e-01
2.582302775024393759e-01
4.004585117467857058e-01
2.500909717596760395e-01
3.396970533452516317e-01
2.400457160602829099e-01
5.794979498857869560e-01
2.501063774802239070e-01
5.794473367748642634e-01
3.440983335938734844e-01
5.794473367748642634e-01
3.167582394450901284e-01
2.500754086025283041e-01
2.990789013053886669e-01
2.754421495797019226e-01
3.279303527385175610e-01
4.345534082136476850e-01
3.122083023538578805e-01
2.501201038872927218e-01
2.832143263531171629e-01
3.514602999779804504e-01
3.153644577503716406e-01
5.794473367748642634e-01
2.500963587016679091e-01
2.501285636594697825e-01
3.647219700041687829e-01
3.567628642794450911e-01
2.414955559762641257e-01
5.794473367748642634e-01
5.794257939007341207e-01
5.794490044080650160e-01
2.500763600211384774e-01
5.794373499620515400e-01
3.733874706255588816e-01
4.248059039461039577e-01
2.500702101642023889e-01
5.794473367748642634e-01
3.476953347216983348e-01
2.514671487278678508e-01
2.500603325810237809e-01
2.803061512615729334e-01
2.500947336987267566e-01
5.405689959841258885e-01
3.616277443748384113e-01
3.526695038244380132e-01
2.501280749752927135e-01
3.307540051375436052e-01
2.500758433680390636e-01
2.501122839369089856e-01
3.578538801687691229e-01
2.568363162187642934e-01
4.518802516993064566e-01
3.581678011430122210e-01
5.080747592017829106e-01
3.516908670618960064e-01
5.794054530196232067e-01
