7.250375197308399633e-01
3.432309457419441268e-01
6.110316512485651774e-01
8.325980743997968281e-01
4.681102168161411226e-01
7.868542224885780589e-01
6.312480885394413654e-01
7.645561261942975806e-01
4.731276258714180449e-01
7.265481460790409463e-01
6.640760355800932047e-01
5.206404300283288267e-01
6.923996916378727384e-01
7.698328212245757474e-01
7.317903033038687388e-01
6.446363777033802256e-01
2.587069024170967624e-01
8.380898545607566863e-01
6.558640456837938615e-01
6.832569640418324486e-01
4.813780421783955821e-01
4.456745668677424277e-01
4.154830817954271449e-01
5.290824292405363893e-01
6.529687849730086979e-01
5.928028024137693697e-01
8.113845655238384191e-01
4.526525681785183441e-01
8.271042595329212155e-01
4.437196030559665827e-01
6.399678556318058043e-01
7.871390150031785105e-01
5.000000000000000000e-01
4.926274319367533461e-01
6.462242678330798462e-01
6.787349679987643158e-01
6.453827233635823779e-01
7.579987303751518635e-01
5.000000000000000000e-01
6.265093801127114004e-01
6.953347833254580612e-01
3.687759047407453417e-01
4.461454078315442717e-01
9.318846511862692861e-01
6.334540778084656321e-01
6.152906726459286268e-01
4.288972451876308378e-01
6.432611721446763742e-01
5.000000000000000000e-01
6.780924865915785027e-01
5.676011427875858883e-01
6.676759186908051147e-01
6.704526743866657812e-01
4.105086851961537997e-01
5.115499843602060448e-01
6.998591395237128143e-01
8.893615521027289361e-01
6.883082542099918655e-01
5.000000000000000000e-01
2.604357982728155441e-01
7.242460660694747254e-01
6.840713842947980794e-01
9.123252240140620195e-01
7.359514971609539824e-01
4.512187877055490182e-01
9.263665136338415929e-01
4.943900595551855015e-01
3.873609926074355614e-01
8.856915358980868014e-01
1.808424744603542023e-01
3.106168827969993940e-01
9.125146051988024531e-01
7.806720350460427671e-01
7.338485883420987621e-01
2.077905825283128116e-01
6.658744270504592944e-01
3.810320245282723950e-01
6.694710180882600392e-01
7.103657409191632688e-01
1.827258331092605770e-01
7.335071454018450288e-01
6.037611812229685126e-01
6.882492651561569197e-01
3.994037623289420913e-01
7.449846800648251000e-01
7.849011383345108062e-01
5.606542028063429273e-01
7.321324060737122164e-01
8.047720702729186382e-01
6.984257962199565961e-01
6.380438860227025666e-01
7.800552913410678801e-01
7.356305727901597535e-01
5.900370640444407844e-01
2.179918597048812190e-01
6.949576201490735849e-01
5.277878125133537157e-01
7.205521325837532798e-01
7.708227009866224222e-01
6.746905439300490137e-01
8.340198978516648598e-01
7.541495375688153091e-01
7.505794343326295248e-01
2.165144079155267021e-01
6.553058306757177931e-01
7.332058323709499392e-01
6.137343951998542879e-01
6.112076490052519295e-01
7.556969053343440823e-01
6.301249930414334344e-01
8.255733411215677719e-01
6.712486164840065772e-01
7.698480804319469684e-01
6.628396752374630108e-01
7.267963903304095474e-01
7.383311751357922725e-01
6.129653498618785612e-01
5.463441691625400276e-01
4.117754231298508816e-01
2.988032876618743616e-01
7.987242628068758066e-01
5.400469672987576741e-01
7.750515063330640775e-01
4.081124671942255588e-01
7.022170702797595476e-01
6.850417419863065183e-01
8.736856007448591255e-01
7.177970163781270951e-01
8.350158361454189659e-01
8.072751048754254199e-01
5.447284366978839554e-01
8.328636765144583620e-01
7.909272791342378817e-01
6.356414076194791818e-01
3.623201637231556749e-01
6.985088099084942881e-01
5.255065951062607432e-01
5.269124786188413845e-01
6.833311100655169446e-01
7.067036741391100607e-01
6.025291262427110439e-01
6.414675841970639558e-01
7.260270937418099590e-01
5.728197989988905725e-01
5.983183805462382043e-01
8.096194289818570144e-01
6.682229305355927851e-01
6.467532086871435881e-01
7.559863139904337004e-01
6.988240877113173211e-01
8.581542101850283544e-01
8.010432045171415050e-01
7.401047910991999101e-01
6.016568629237003529e-01
4.213061999149183001e-01
3.715779587965251096e-01
3.311765841456721926e-01
6.092221359520973989e-01
7.425013931183315208e-01
2.819546804225205316e-01
7.149722444743872307e-01
5.977516204875293893e-01
7.317717878543035237e-01
6.390804846775399728e-01
7.163994291735578113e-01
7.689552808279681573e-01
5.369970625650434259e-01
5.196980901055989754e-01
5.601833557206968850e-01
4.781596251002625531e-01
5.717291418991125029e-01
8.607125617754433078e-01
5.077414879858791474e-01
5.953541033408277228e-01
3.747347769412540663e-01
1.629359414624763081e-01
7.037179293817997783e-01
7.717529653006752755e-01
1.673248922735686706e-01
7.028126196523737379e-01
6.086231626576995568e-01
6.832740336553314586e-01
5.440617103288351020e-01
8.124853499175674898e-01
5.902636367049646227e-01
7.925042319887489750e-01
6.939790492564449353e-01
8.631924148937841768e-01
8.602948782155862562e-01
6.851632689498916573e-01
