6.776290010299050870e-01
4.434129641772392993e-01
5.504221698131197549e-01
8.389205398408882131e-01
6.326798466658034581e-01
7.536916811498908242e-01
5.542669763567341645e-01
8.010961130403356778e-01
8.169550175430325689e-01
6.744146033039779553e-01
6.467741916078335596e-01
4.618137869669710072e-01
6.383333200414988973e-01
6.245367500553626883e-01
7.366803531688875806e-01
6.635047978217192277e-01
3.128359358353788866e-01
8.205263508460861610e-01
6.208142445931270625e-01
6.696626500844236052e-01
5.252539145207699711e-01
5.775869465123858459e-01
6.009510817850525211e-01
5.907005368394031564e-01
6.621485162457256823e-01
5.506706833566356041e-01
8.054940236790687491e-01
6.075810604648290703e-01
7.332916319323872223e-01
5.273405113624227702e-01
6.683900053245498407e-01
6.965168065849409729e-01
5.801233912515934010e-01
6.071353993520666181e-01
6.548629034649691150e-01
6.256178017321999407e-01
5.316333226160290248e-01
6.685492753195382276e-01
5.000000000000000000e-01
6.077539511275453776e-01
6.456298844784760238e-01
6.146003175389084250e-01
5.528756790656210729e-01
8.717001069544999536e-01
5.769467235200431698e-01
5.661411249832700721e-01
4.723812313435835630e-01
7.204130205217498251e-01
6.302986796388592161e-01
5.906367388634329307e-01
7.071599104450452256e-01
5.790244858532558325e-01
6.484140529861410762e-01
4.187699192414320315e-01
5.181232117850622654e-01
6.805105838100040661e-01
7.881212776798030006e-01
8.158491200667631338e-01
4.610828136870294136e-01
3.972303670577878587e-01
7.190834192279741410e-01
7.484575357285548902e-01
8.815794781282183523e-01
7.417894225355681215e-01
4.097785888332933224e-02
7.923880025402730842e-01
6.052573430849161884e-01
4.373238627370403253e-01
8.474820056056654449e-01
4.170247719362377842e-02
3.730273448731513675e-01
9.155141118109096920e-01
6.698337382638536175e-01
7.650368352954594053e-01
4.242019987613084853e-01
6.368114011239985883e-01
5.401116308939019062e-01
6.587026261027234542e-01
6.173573677229111656e-01
4.777236282857837413e-01
7.220826043314445553e-01
6.328251365417691954e-01
5.829697054262864553e-01
5.119781890921969447e-01
4.879239410858184356e-01
5.897203316494710190e-01
4.348809158600979718e-01
7.050669815086463288e-01
7.967132671740790872e-01
5.797713233032523172e-01
7.121105233958384684e-01
8.187105780170808034e-01
7.062210048037895760e-01
4.707592755119512362e-01
5.973115621950482179e-01
7.077311359036951854e-01
6.047903554092909362e-01
7.364093583154248668e-01
7.527795764909899212e-01
6.493027289584263340e-01
7.869123117848891846e-01
7.637335751230945879e-01
6.965147160721475439e-01
7.339318575141012824e-01
6.146778054809857172e-01
7.413325742941978547e-01
5.900053572181370720e-01
6.043071640451518345e-01
6.982783810636868926e-01
5.974078149672665816e-01
7.947703222109677723e-01
6.666116826001750040e-01
6.876750162404408062e-01
5.427666683092352562e-01
7.464862114241006541e-01
7.625169888950098507e-01
6.018603228453257570e-01
6.476748237542550024e-01
5.808483882068541382e-01
4.886174402250988424e-01
7.374757917046484978e-01
6.864267969218948995e-01
6.897058118074169686e-01
3.860748701193678079e-01
6.370340834088435988e-01
6.598590089703918471e-01
7.807836754134900303e-01
6.932042807837279774e-01
6.504035646618165911e-01
6.982421376923638734e-01
5.078831150341664991e-01
7.040297298073214805e-01
7.252289714541065857e-01
6.009623954263333401e-01
5.000000000000000000e-01
6.938642715367143721e-01
5.691197192765139468e-01
6.516034082295250052e-01
6.607152938502341977e-01
6.611442916817646953e-01
6.067144898877264714e-01
6.325447449522292320e-01
6.828153513370346372e-01
5.614670306552995704e-01
7.186540268006449406e-01
7.455141690446407399e-01
6.766327914156013978e-01
6.413757616542602458e-01
6.744590252714597334e-01
6.791814216363234458e-01
7.487168421166561227e-01
7.134215079009619265e-01
6.210095169320849484e-01
6.139111429776537010e-01
6.530437649605640438e-01
6.449235020188571754e-01
6.709540912985422212e-01
6.304385368502207765e-01
6.399978661368539434e-01
6.745272299168288965e-01
6.318900801391967859e-01
6.485229253462657661e-01
6.294805938633338815e-01
6.338697183599045770e-01
6.357800828612365507e-01
6.324269744760623313e-01
6.356036654948359343e-01
6.387274810817614723e-01
6.293021151413081826e-01
6.418999017152243747e-01
6.458335140361913806e-01
7.534653908448593063e-01
6.992309157596887648e-01
6.734978333680748941e-01
6.599160675492879991e-01
3.940990208061065925e-01
7.265252435806173192e-01
8.336447092205304665e-01
9.584048876266197670e-02
7.134265734553930649e-01
6.142741378225630156e-01
6.883916838509739344e-01
5.343895055059476595e-01
7.770800473040488932e-01
6.297786605382353908e-01
6.972630886827798635e-01
7.607819447908685806e-01
7.788086636299406118e-01
7.437228263614809043e-01
6.902266545004485110e-01
