6.388366262242742843e-01
5.927702054321832836e-01
6.267747860829872009e-01
6.335914999461601527e-01
6.565855867570812299e-01
6.893620348714872836e-01
6.316174007131878376e-01
6.943423032304371079e-01
7.154286853554219228e-01
6.566399770806778946e-01
6.481753081296429686e-01
5.775637346016003759e-01
6.131189970459470784e-01
6.256857642265392094e-01
6.831248840260826238e-01
6.492577213599559638e-01
5.292013277834987095e-01
6.505474673289850518e-01
6.459083189926874136e-01
6.070710135848087496e-01
7.008914982156346785e-01
6.115624094292482216e-01
5.115448085994217520e-01
5.676744487869275213e-01
5.250649123906619975e-01
5.935136344898154226e-01
7.615094272335204417e-01
6.283182942108180846e-01
7.452315839440406542e-01
5.915416258933258176e-01
6.451453385791446893e-01
6.860513950841187203e-01
5.546265955371119105e-01
5.379342743447996789e-01
6.150565252509602177e-01
6.877500092347917926e-01
5.493123507560933039e-01
6.997592518595752153e-01
5.739004105318152860e-01
6.047503124090048976e-01
6.247222370420778548e-01
6.617798802066391373e-01
5.697825043840268888e-01
8.025689475070467704e-01
6.869879347603199404e-01
6.439618410120150349e-01
5.502241029768928371e-01
5.871906924563898844e-01
5.510731174135168331e-01
6.463771306781593839e-01
6.439710356304011452e-01
6.355288457129288915e-01
6.415482072135409997e-01
5.713016801643149289e-01
6.085282713128697951e-01
7.005478338650642511e-01
8.207862793968306869e-01
6.478781939560668279e-01
6.431933144565415983e-01
5.056996641568556328e-01
6.210527193515862354e-01
7.373095574522752216e-01
7.040572293009847993e-01
6.957923356164276152e-01
3.945945296827879090e-01
7.428701437554064979e-01
5.870101269288962031e-01
6.529542878979137654e-01
7.646769068826505533e-01
2.533188855885882274e-01
5.353294837843634024e-01
7.557331466047417790e-01
6.382555246518658576e-01
6.983589193109347448e-01
3.608980293091905711e-01
6.256131804967320909e-01
5.154337092925582731e-01
6.252433268572896718e-01
6.093410651445190229e-01
3.498924584646919689e-01
6.922679152512084544e-01
6.690043565485235266e-01
5.890785519603815024e-01
5.000000000000000000e-01
5.602302879799417878e-01
6.067088788819597900e-01
5.000000000000000000e-01
6.680810055037877948e-01
7.741125031859756866e-01
5.615328764002475159e-01
7.521516859693084811e-01
8.132665974039012813e-01
6.619287076921690494e-01
5.140333687227541803e-01
5.578622936237851437e-01
7.207137376593295564e-01
5.380455392055304431e-01
6.923931721132445816e-01
7.177656214249205080e-01
7.346650519365496290e-01
8.035681903271378879e-01
6.721903177144105124e-01
6.223638626986766065e-01
7.147174165383745059e-01
6.553948336240464911e-01
7.679810294124781445e-01
6.655100560603864901e-01
4.675358354785905668e-01
6.657525659590567413e-01
5.457765968715876381e-01
8.120199892592252500e-01
7.433111826307710057e-01
7.785485477121976139e-01
6.256209046597029921e-01
7.314046821972687296e-01
7.077292028020576442e-01
6.750084025406197785e-01
5.000000000000000000e-01
5.331018956489100846e-01
3.642673523548428105e-01
7.113245754060482096e-01
5.934701822995476217e-01
7.312755010178065840e-01
1.841260640623745837e-01
6.941730443015605712e-01
6.725622380857867455e-01
7.530240062507201904e-01
6.401045383716831294e-01
6.223334942084596255e-01
6.594119168053970137e-01
6.754577903511860271e-01
7.828847074046754173e-01
6.953412868413401116e-01
5.941283251308118185e-01
5.000000000000000000e-01
6.893599539546736432e-01
5.494784839830685330e-01
6.083286735272507295e-01
6.576869943528198537e-01
6.806457297632242387e-01
6.140657068361525805e-01
6.114207786450248650e-01
6.641565527253041612e-01
5.655197929879064445e-01
6.803627030979655377e-01
6.868769389269713255e-01
6.987891651061938214e-01
6.332549359788000043e-01
6.678201736123143828e-01
6.671750116272899822e-01
7.013628269348656241e-01
6.766789586351634744e-01
6.327797757025933612e-01
6.299135237021100675e-01
6.337307712445575669e-01
6.331683102702523325e-01
6.338779359065404018e-01
6.557581080107192095e-01
6.277280670115196193e-01
6.332889321563663909e-01
6.332381760614572697e-01
6.332850424445419790e-01
6.326399622833587255e-01
6.332842713856637884e-01
6.341992273254591916e-01
6.333286700281395287e-01
6.307986110346402997e-01
6.332901213007481322e-01
6.385363892754357673e-01
7.054692056714204629e-01
6.329886280061244319e-01
7.350273750932397876e-01
4.831649363104336126e-01
5.549951318475607742e-01
7.275304876983965663e-01
5.337155770311462488e-01
6.275479963748001877e-01
6.150751890956960288e-01
5.842177951406515302e-01
5.845545125468826209e-01
2.282155404711679048e-01
5.649237507033947336e-01
4.860983417889724878e-01
6.934145694618755185e-01
5.411232314147775835e-01
5.000000000000000000e-01
6.499922531361829181e-01
8.052145970677084819e-01
7.321459963337859644e-01
6.567106825205965004e-01
