7.074948319680987030e-01
4.336878253763994384e-01
5.834123096812867670e-01
6.535318340011727622e-01
5.642126803073858055e-01
7.180494005489113096e-01
6.750223043543915891e-01
6.677286188475016759e-01
4.310631675542543340e-01
7.328002357114744569e-01
6.697547938498038533e-01
4.757317344106130053e-01
6.231460962378273516e-01
6.148199109079990343e-01
7.039171745633647781e-01
6.476550000700334042e-01
2.877078417543261768e-01
7.672814661662211710e-01
6.925817735883338377e-01
6.461954203245081629e-01
6.574477648831434928e-01
5.662314899913348798e-01
4.154778053127263782e-01
6.300443496679580813e-01
5.565782654273707664e-01
5.800972173766552054e-01
7.446987793592950711e-01
4.681046669592097698e-01
7.155761225270506065e-01
5.569433360315975134e-01
6.840595416688765029e-01
7.429642901821771339e-01
5.999427106866345172e-01
5.361838839249933875e-01
6.359769509847503777e-01
6.973832664529060477e-01
4.380520675696578103e-01
7.450740112038966023e-01
5.389721008614335451e-01
6.026733163065283172e-01
6.311555027277034879e-01
2.485770979054093277e-01
3.697644703712600900e-01
9.269623440477930965e-01
6.102828836311799954e-01
6.684757863242252185e-01
5.000000000000000000e-01
6.419393088134788261e-01
4.115480511072838188e-01
7.107442100584151490e-01
5.431147605091907193e-01
6.132249739545639899e-01
7.347713251350379560e-01
3.935338437210801343e-01
6.778577732325533622e-01
8.530240458858011632e-01
9.252320352976964868e-01
7.032574803753456338e-01
4.290038832979963246e-01
5.291362801778897174e-01
6.211704746906225871e-01
6.976677621307648680e-01
7.937242812555977967e-01
6.982356344464731857e-01
6.833974530767430444e-01
7.805641099936068139e-01
6.929156415972508309e-01
6.510663267420232492e-01
8.052592682771594346e-01
1.711702975823929940e-01
5.323562961530808879e-01
7.156894032690617191e-01
7.087608947824943773e-01
6.975166326203803280e-01
2.923102431387042954e-01
6.372401826160474236e-01
6.131372301535165104e-01
7.451151138781244576e-01
7.196386999382448080e-01
5.200711882757395044e-01
7.586579547736751472e-01
7.075190725919721091e-01
7.061252086710210207e-01
6.203130959939199274e-01
7.842823128153627588e-01
7.298781845718304018e-01
7.109934703253243393e-01
7.640784826135433860e-01
7.861881752592758676e-01
7.194173871867671766e-01
7.514088563096096296e-01
7.973385326807672646e-01
7.424258778567714989e-01
6.743508273285976351e-01
5.000000000000000000e-01
7.663407267532625911e-01
4.779801046293525313e-01
7.931670931426310078e-01
8.098716594262812540e-01
7.277588965011906330e-01
9.042304884579003277e-01
5.902042545965074938e-01
6.282431597312188032e-01
5.734640390467429238e-01
6.606054808868573325e-01
8.958850475402502234e-01
8.112133021743842543e-01
3.764494143245895041e-01
7.861221336224955003e-01
4.512950337719784932e-01
8.645781798063902901e-01
8.300553169744323556e-01
7.951984214435986464e-01
6.788224221446502726e-01
7.549811559078291046e-01
7.399967035095604828e-01
6.144261831222422865e-01
3.435606467213140891e-01
5.056069231233404349e-01
4.054877335320329901e-01
7.506496067255490345e-01
5.179451228616182012e-01
6.572084332841264809e-01
5.054567808704234499e-01
7.497032349690915254e-01
7.100251087284891183e-01
8.460860402240211187e-01
6.453628284357647571e-01
8.135056900066409691e-01
7.836815711651343719e-01
6.902528914469634458e-01
9.071377836093450497e-01
7.370660201197110073e-01
6.961878867500033152e-01
3.677135040124180909e-01
6.854908912190961212e-01
5.496421430262190544e-01
5.810419020260449985e-01
7.023364082020511212e-01
7.268641101370342250e-01
6.477292682065682872e-01
6.380939943567882633e-01
7.028887356097589523e-01
5.995517799925607072e-01
7.103940870325792245e-01
7.421903672011777031e-01
6.797541190799539779e-01
6.641704276782175453e-01
7.035518534925814249e-01
6.451740091939115462e-01
8.068225497073017172e-01
7.192153478433745972e-01
7.324021250730373689e-01
5.825152375308274566e-01
3.787277338990543973e-01
3.344948338546586131e-01
1.938174902880116512e-01
6.151703942430127858e-01
7.705042441122840202e-01
2.165170888551189166e-01
7.075810555250062750e-01
4.645894233282061303e-01
7.289228730724122141e-01
5.903742267557403611e-01
7.185291461494687226e-01
8.572102765680050807e-01
5.896816442178692830e-01
4.811432033306385359e-01
6.218628505493507541e-01
4.431844512359148780e-01
6.380468060147592713e-01
8.145389457025010715e-01
5.180845607874303704e-01
6.667483510078902054e-01
5.085732964754127172e-01
2.894886056519227480e-01
7.259365659685689254e-01
4.692374546687404502e-01
2.103290844005729077e-01
7.050525910884402059e-01
5.266398910601975958e-01
7.035439925387290128e-01
2.818756742560772910e-01
7.943914474242869117e-01
6.007327572196622389e-01
5.688520085057401365e-01
7.363486151776188482e-01
8.543283999769394343e-01
8.259377918342689640e-01
7.149978719177925157e-01
