7.946548751144729694e-01
4.098694251883972517e-01
7.166786628652513924e-01
8.215118545199094902e-01
4.363533616318734931e-01
7.042328767282720614e-01
7.334758051777964249e-01
5.548793283988051606e-01
4.548430155754111803e-01
7.872025847497058360e-01
6.966737705073354769e-01
6.233259099216708066e-01
4.523292522837331631e-01
8.814299204529054688e-01
8.047672512152601598e-01
5.096447457412560667e-01
3.476734786283019463e-01
8.268420029852511233e-01
6.504705552762864995e-01
7.506367519943250022e-01
1.769878928269400797e-01
4.723276899636918436e-01
7.867806936324631129e-02
3.737423017073572828e-01
8.342102976475399556e-01
8.208403729250499659e-01
7.246759635625152907e-01
2.278345259749667007e-01
4.838381901106993399e-01
3.458149498170031699e-01
5.262124482944168236e-01
9.228181257370092760e-01
1.955817416544387288e-01
7.627386044823533107e-01
4.134505078208530193e-01
7.509817573947005220e-01
6.450686505789182679e-01
7.604071559287802762e-01
6.785829656556985334e-01
2.141348747955111043e-01
6.724076723650078691e-01
5.124248056164044662e-01
4.118811113763169440e-01
6.242562768139231499e-01
6.006189333011964226e-01
7.630018003267321491e-01
6.589120415440873346e-01
6.410983673719149456e-01
7.593849379839675562e-01
8.988715040158254954e-01
5.479266608403184913e-01
1.747568948045098436e-01
5.326265818558354459e-01
7.760345197361037117e-01
3.372773482441390747e-01
7.469798511399463603e-01
7.416577579250073216e-01
6.888538466301553642e-01
4.049631730911695815e-01
8.368525578698313705e-01
7.237138978276540513e-01
6.858225160119516550e-01
8.009568475740180826e-01
8.256365916230961055e-01
8.056868003395851741e-01
5.933294003369729008e-01
6.232937166860086364e-01
7.407517205633987745e-01
2.199004379304030921e-01
2.702747198787099903e-01
7.170054221002152284e-01
8.819286717306167311e-01
7.235592988560306527e-01
5.069309869216781506e-01
8.073066084122203501e-01
7.851244485874945278e-01
4.205233696988096570e-01
6.079254059343230931e-01
5.796770202374770253e-01
2.911198892857240761e-01
7.271521327970844606e-01
6.468387112171894993e-01
5.701562905313389829e-01
7.180611331015941401e-01
7.303618488936213238e-01
4.420412240222501010e-01
6.621216977202685205e-01
6.652783487434558163e-01
6.552821499730903110e-01
7.021277776193751707e-01
6.274574533034456003e-01
7.242968700869570897e-01
6.459780495371253428e-01
5.000000000000000000e-01
7.519318927064889690e-01
5.628773869459181567e-01
2.327996983875089410e-01
8.980657177834807658e-01
7.893553413063704172e-01
6.395459001423989820e-01
8.135893765837861613e-01
8.395890499385953998e-01
5.193506213394619708e-01
8.989863519902452360e-01
8.868070320362447800e-01
5.722823203890167187e-01
4.374996652935612129e-01
7.867990455779835246e-01
7.231440751724356186e-01
6.962350937941015339e-01
6.209663240774345727e-01
7.484827774406613843e-01
3.832766532066474996e-01
6.184123705123648618e-01
5.790583362423219471e-01
6.675698628801906009e-01
5.374737792719905816e-01
7.853545931330800922e-01
3.641377032639557254e-01
4.620746261789118181e-01
8.202660923588771524e-01
7.153476772626577995e-01
7.550736446877961416e-01
6.650284167207238806e-01
7.537445521629528855e-01
7.740218534645750825e-01
7.185480837665476628e-01
8.447531593319363985e-01
7.851557597856148041e-01
6.342519989087639365e-01
6.387915885353924184e-01
8.008129439848821196e-01
8.283699182100618952e-01
7.860232965937379301e-01
5.346160738324181594e-01
7.122075209865362799e-01
5.843340366343554582e-01
3.942621068588296196e-01
6.130411869863917618e-01
8.473942833857343038e-01
8.527355083185939044e-01
8.652845362822094710e-01
4.638734311670074661e-01
8.391642413775541876e-01
8.099568733749813454e-01
5.383908572249193059e-01
9.615696453519838593e-01
8.380215328258182605e-01
7.694766687190237597e-01
8.073068271006024199e-01
8.961233065960285682e-01
7.151198471647129962e-01
7.856684179231266940e-01
6.086376433433186017e-01
5.173313098082145123e-01
4.205500676829407314e-01
7.494040486479270902e-01
8.045508226723623313e-01
1.875251147425029685e-01
7.762763369304489514e-01
8.315994639295862800e-01
6.141507866295164986e-01
7.548801692360322946e-01
7.960515204315776749e-01
7.785200372109525313e-01
3.627241163102808974e-01
5.089708483733035305e-01
7.587254861701416830e-01
5.869089545847153699e-01
3.231179525668284036e-01
5.146124326661716264e-01
6.547987287173987481e-01
3.298181224061967343e-01
2.662861338737478878e-01
2.511352346324703388e-01
5.331592818636737841e-01
7.526256148040765259e-01
4.741101984685296838e-02
7.903450300276182450e-01
6.165359652021741299e-01
7.311146306871894041e-01
7.554367514797889482e-01
7.923864441981197659e-01
6.002001221464550174e-01
7.688186617137573453e-01
5.084585969118952109e-01
8.312966856681511807e-01
8.588199324177832050e-01
6.342201852811193419e-01
