7.421603773385309077e-01
5.289671081509871309e-01
4.921922568125286501e-01
6.339098062557548818e-01
5.000000000000000000e-01
6.405749226057882995e-01
4.643289458198602837e-01
5.355288186122211247e-01
3.797872760069084808e-01
8.572662448475352193e-01
7.892118101128187124e-01
7.401251507290749210e-01
2.673727258445245392e-01
8.036989719066794935e-01
8.238824853393280634e-01
4.106312677863930283e-01
6.694845400523485868e-01
5.354977933305418158e-01
8.172098237217987338e-01
6.221417034914982214e-01
6.639485859384888222e-01
4.700501772595542249e-01
1.694620511490891324e-01
6.746675401547762574e-01
6.639356300052862148e-01
7.981134756321685009e-01
5.000000000000000000e-01
3.057144248107302453e-01
6.639485859384888222e-01
8.689904806854786834e-01
5.189506182287412228e-01
5.228739389822055772e-01
5.000000000000000000e-01
6.733671612556776376e-01
5.387496475691240239e-01
7.621755188014259774e-01
7.216027257709651810e-01
7.644296226931829308e-01
6.721979924105649928e-01
6.464451776279982465e-01
5.984915257818269607e-01
7.492280439846451534e-01
6.785260778588716457e-01
7.099245679550441057e-01
5.469396831147196325e-01
5.464850030970149763e-01
6.748694135774733205e-01
8.878915155040214557e-01
5.186431053083868647e-01
8.456087218518839599e-01
5.076028192543163842e-01
7.421990031320170322e-01
7.391826553337937922e-01
8.099233745380615135e-01
5.467743910832055798e-01
4.734218492446141680e-01
6.406040747901247112e-01
3.742512985383538715e-01
4.663948145696245606e-01
7.067303765834315188e-01
5.204541635514029485e-01
7.023290122905060384e-01
7.286009238350753536e-01
5.235182895381012003e-01
5.953487242781612121e-01
7.894699204214532529e-01
7.099085518293976049e-01
5.828610875533665192e-01
6.855131199215721560e-01
6.268834760613373192e-01
6.821484942041076138e-01
6.645115053549270900e-01
4.058966827615868023e-01
6.210276414245965437e-01
3.965330056841403494e-01
7.275026455771665956e-01
6.210276414245965437e-01
4.552342503078214420e-01
7.618950198141745123e-01
7.274268388117625106e-01
7.569947800349445810e-01
8.483028810371716633e-01
3.915317222089959026e-01
7.274268388117625106e-01
7.087243716751839839e-01
4.542507442982758326e-01
4.471003791014879769e-01
4.269262565972365975e-01
7.650078883155243537e-01
8.535860977176855657e-01
5.514979502691135238e-01
5.752969316520774035e-01
5.253069812589448162e-01
6.627908965677334896e-01
8.265308139249317732e-01
6.641946666610600847e-01
3.146160959166330873e-01
6.897392945148514976e-01
5.220867763022337682e-01
4.477987775256241920e-01
8.555824671665429593e-01
5.221247502339600999e-01
6.455366778166765629e-01
6.627758930251692604e-01
5.710537164905148400e-01
6.627583653785690254e-01
4.253343785841296465e-01
6.754551333947822478e-01
6.476779442440729895e-01
6.671772255806782681e-01
7.072886388159659310e-01
6.632826773067722614e-01
6.491504920587898297e-01
4.265861768053104131e-01
4.210546598401132545e-01
6.141328554381583205e-01
6.577031165901701115e-01
6.448312308789468927e-01
5.582458755869733613e-01
6.951235445282790693e-01
5.498542476235149801e-01
6.995835256876201669e-01
5.957329170353143910e-01
5.545685627830315712e-01
7.356971609892751784e-01
6.880367689597440828e-01
7.934052576089146713e-01
5.712542085690063276e-01
5.938143682274886759e-01
5.799302838803523930e-01
7.135781638152971507e-01
4.466482674392054375e-01
6.993874144307659080e-01
5.215450534645290626e-01
7.301701050556338446e-01
7.613895186976509244e-01
6.686025447686196888e-01
5.912758550457253293e-01
7.827435290027663362e-01
7.275701017992214359e-01
7.927603198506979476e-01
7.761907218684364063e-01
6.954151603634107781e-01
7.618639128875727140e-01
7.049263519871126205e-01
5.444518208138056092e-01
5.455143581208220516e-01
7.144049557480522950e-01
5.777109766610110109e-01
6.454484985950137421e-01
7.833709417756040683e-01
3.693782787682635682e-01
7.220403543744232655e-01
5.771564714523805817e-01
3.787587312834029274e-01
7.193033027398453294e-01
7.230902151314012594e-01
5.620797336426778257e-01
4.214936574719057583e-01
7.507894540483371904e-01
5.989363382193002572e-01
7.144049557480522950e-01
8.579959171871546220e-01
5.000000000000000000e-01
6.177281306616708711e-01
6.896780703935719847e-01
4.106288818388734163e-01
8.558454812889259022e-01
2.886574527414699221e-01
5.228424116680028266e-01
6.840633302909070457e-01
4.907427995425158729e-01
3.338350784718578379e-01
6.217173681718152212e-01
5.475295106226529818e-01
4.172089398747129141e-01
5.228033765338863104e-01
6.840633302909070457e-01
7.990933955949672818e-01
7.309961553908106424e-01
