7.841828303498502573e-01
5.065866520340082113e-01
6.602149998406766640e-01
7.735784589203317241e-01
5.404132505320037305e-01
7.314427856619585278e-01
8.318865999791867916e-01
7.046233798032721651e-01
6.649801540989213056e-01
7.622290971313308017e-01
7.245100943942885952e-01
5.775770940448682333e-01
5.399163010790462014e-01
7.336358949906947036e-01
8.351015448445077149e-01
6.217584168734971994e-01
2.327102501424910264e-01
7.510712681848864536e-01
6.700053829258413307e-01
3.171862150788475887e-01
2.523662261386462879e-01
6.059004982377754756e-01
2.073309273393349750e-01
3.840527422192550611e-01
7.797825635644911602e-01
7.292771368960428990e-01
4.471035616156036618e-01
3.637948068807738689e-01
9.484892792546475437e-01
1.155610031940855348e-01
7.173210365309974357e-01
6.748414925943738707e-01
3.273996518282896728e-01
7.526881482528757772e-01
6.020417880770141394e-01
6.717243652165120205e-01
7.784067796279805496e-01
6.333451906149571986e-01
6.241921310761958663e-01
7.229141492094718346e-01
6.200284405525658959e-01
5.481660537413053369e-01
5.299306220033064285e-01
2.124171437546671093e-01
6.406348000011939936e-01
6.258379713101538400e-01
7.228675311310808205e-01
8.395513112054329152e-01
8.419428085809519402e-01
8.080519187054798769e-01
3.562857802223683423e-01
7.652909441564372806e-01
8.483333657823679541e-01
1.919255656417110378e-01
7.652649944318292707e-01
7.704428807927810041e-01
7.018396955998691400e-01
2.984875450337580727e-01
6.865199228326421821e-01
7.723703762328081313e-01
8.043690899409192685e-01
7.345946453265370657e-01
6.949390486841008352e-01
8.745691972404221470e-01
5.000000000000000000e-01
8.774001513003959474e-01
5.000000000000000000e-01
3.631277881868978374e-01
7.345946453265370657e-01
9.175917521302258129e-01
8.356665242093291868e-01
6.446268624742655939e-01
7.970688456776451325e-01
9.160350806219478281e-01
6.461592266031905840e-01
5.639887186691024956e-01
6.715572739310258221e-01
3.048883474613577893e-01
6.810963204344977484e-01
7.007383075565767339e-01
5.000000000000000000e-01
6.773771008955893347e-01
5.340763336806930717e-01
7.325330076195255558e-01
6.178034586594695066e-01
7.397269349032310481e-01
6.057036490271560103e-01
6.674728517606737244e-01
7.102282601675045104e-01
7.235061400200210047e-01
5.862471182522406288e-01
7.196063284095062240e-01
6.284177290775740943e-01
6.969225289384060051e-01
3.938121552531169689e-01
7.294366778043631649e-01
7.353180205448692774e-01
7.586714961158841364e-01
7.543031519284604247e-01
7.449313395731773646e-01
7.353759671933985942e-01
6.470411274826322057e-01
7.381788096390946574e-01
7.300942361378192080e-01
4.468745482922322765e-01
6.907868467998983242e-01
4.381602572144594476e-01
5.495720197668627627e-01
5.000000000000000000e-01
7.516620252427540505e-01
4.518014660109003211e-01
6.110034493808912393e-01
5.634254103004748826e-01
6.179520878954223306e-01
5.971170655012946193e-01
7.162738433066554444e-01
6.763642915862262406e-01
5.551216016476240300e-01
6.940488134481556104e-01
6.878664955925561930e-01
7.390502825807062637e-01
7.570458973928605451e-01
7.026590247936621569e-01
6.318389787838103455e-01
7.142198843577214351e-01
7.223279756186051781e-01
6.460981746439865558e-01
7.212239237858896201e-01
5.116116191716214567e-01
2.081179712525695613e-01
7.986058643967194337e-01
6.479674429849152650e-01
6.144643177810170664e-01
2.546930044278682415e-01
7.263929287655832567e-01
7.846495224225756848e-01
5.740878954506407617e-01
8.976684926087914462e-01
7.831653799587673381e-01
6.914046365868232735e-01
7.670120456003830522e-01
8.446476619176191969e-01
7.011916554992471129e-01
7.668982918107847269e-01
6.882759644501003082e-01
7.368228543909133288e-01
8.570063325218102435e-01
8.543041992403350715e-01
7.180062649965244237e-01
7.791605635606958513e-01
3.928645066590358836e-01
7.854872265783456875e-01
7.792630684986056044e-01
3.008750169421516851e-01
6.447036226938361869e-01
8.910805588380155129e-01
6.905709914586791731e-01
7.928615285238285182e-01
7.977695469511423276e-01
8.262480922222817936e-01
3.889890130179345373e-01
3.654072393462662882e-01
7.256317841689443604e-01
4.410555057643442134e-01
6.662756405354856026e-01
1.340584311623198022e-01
8.225424290731760957e-01
4.192414771961450737e-01
3.511113868037368801e-01
8.648326196151652212e-01
8.430854408710135306e-02
7.998989461469345752e-01
7.593255435631759420e-01
8.098243462576424356e-01
7.365348633662958111e-01
8.715988887344577885e-01
7.746235076857991286e-01
8.118842799257895981e-01
3.169806560414876184e-01
7.999455199041505260e-01
9.205299111265297096e-01
2.920810043387772059e-01
