3.367888298612820575e-01
5.000000000000000000e-01
7.446702047129570845e-01
3.873918566317827161e-01
7.190675081440635052e-01
4.207350439668622322e-01
7.036253990535752401e-01
6.619345019129514451e-01
8.085277443798855046e-01
2.491904009441246182e-01
7.582496414073293112e-01
5.114583107086472236e-01
7.735263180065086175e-01
5.896395167783539115e-01
6.542567678658273156e-01
8.071773959797859943e-01
7.892366552909085842e-01
6.254062404647325879e-01
7.187163801148495068e-01
6.743914292549268996e-01
7.982562038687331940e-01
5.993414995739886342e-01
9.515023788659638937e-01
7.901341605070878460e-01
6.068062710744794863e-01
6.825404553791087903e-01
7.849643811733533205e-01
7.141975606294689305e-01
8.740010420704148464e-01
6.753300549798982866e-01
6.329276736330664566e-01
4.824202266451734777e-01
8.019883208969211807e-01
5.360146624058158560e-01
6.616337241101712952e-01
6.095179442648838153e-01
8.191297763010172428e-01
6.341723834831326512e-01
5.744926088766011407e-01
5.722246898805026794e-01
4.166074658291096799e-01
8.544668741632696074e-01
4.898527172452474265e-01
7.698542396432056512e-01
3.418297276028020582e-01
7.975133582984147429e-01
8.650463877214996655e-01
7.400731412477048465e-01
4.550529345943440940e-01
4.684443598615846138e-01
6.683340614260599999e-01
4.250774107067888385e-01
7.579949746756551310e-01
7.119778964489836826e-01
6.699359774053481598e-01
7.072682872138825738e-01
6.411873647176905555e-01
7.809041203034762235e-01
5.165735795601225089e-01
7.106124624208982610e-01
7.002459131719039886e-01
7.575202702805042820e-01
6.782892423534782056e-01
8.118544369329955268e-01
5.605550603937832221e-01
6.846997083244890092e-01
6.012374428158498985e-01
8.084569720501636469e-01
5.554221519413611308e-01
5.427406825209376562e-01
6.209514284709535259e-01
6.606860313688666109e-01
5.249833118735220960e-01
7.272689293654331921e-01
5.941050262741992549e-01
3.884244739788969003e-01
6.920370546617518048e-01
6.385534304154695251e-01
6.244666025062862724e-01
6.601562070721300746e-01
6.364715202296022944e-01
6.890770871436844303e-01
8.265884535100505026e-01
6.868485711401295379e-01
4.839121762339096966e-01
5.310562979091906222e-01
6.769309628576262172e-01
7.581571746605284545e-01
6.080027862217796120e-01
6.061112199940829059e-01
7.312638870013489223e-01
4.341093771609811913e-01
5.000000000000000000e-01
8.395060241996085137e-01
5.613160367586728094e-01
6.991058844756523616e-01
9.027484289450219412e-01
8.561675837128938094e-01
8.341615005330592636e-01
5.944556718813504004e-01
7.418549281672192075e-01
8.532174851129402660e-01
6.887568238289376588e-01
6.984316577238787183e-01
7.115473939534734393e-01
6.659013382868689268e-01
5.823622646784853973e-01
7.098662908750736911e-01
5.887277619009054774e-01
5.791444973189543433e-01
8.513313687828948373e-01
6.729855505563654416e-01
6.674363457738984318e-01
6.144851779625142285e-01
7.245547084038002073e-01
6.299913428280260463e-01
5.426449166791661449e-01
7.221093313053621454e-01
4.550287099867997287e-01
6.573253690592967269e-01
4.891026747580497491e-01
7.612918478968799807e-01
7.883619595725422924e-01
6.041957941298178314e-01
7.294173846735382272e-01
5.557717018790533370e-01
6.753539491602190692e-01
6.519626382362159189e-01
3.657785390587422469e-01
5.272240503503600184e-01
