3.658090508332461077e-01
6.466786809058964192e-01
7.250949186175150718e-01
4.090448970953148855e-01
7.454025774508447055e-01
4.551828102459240522e-01
7.102543147535146373e-01
6.689887714645015304e-01
7.083914590648822118e-01
4.138110758390433075e-01
7.273241302574263711e-01
6.151391190478533444e-01
7.401864340025486877e-01
6.195355996713493019e-01
6.884990074265918691e-01
6.827638333085799260e-01
7.643893867967671563e-01
6.723882632274048587e-01
7.497525565148479565e-01
7.039819017321343742e-01
7.629591003693192430e-01
6.482551910361796788e-01
6.807312131057443594e-01
7.415542459032393730e-01
6.461318852597405238e-01
7.627445668555780101e-01
7.167260504405579269e-01
7.970791484349266653e-01
7.969980277782380274e-01
6.936686761372742316e-01
6.671187659198465347e-01
5.633850584913443482e-01
7.230030804147490331e-01
6.155676496380473317e-01
6.562028751758599565e-01
6.836574812003322066e-01
7.181358126712030776e-01
5.627794660849430031e-01
5.329372848973235044e-01
5.851764310232787647e-01
4.176413547855499786e-01
8.326294706502533893e-01
5.654160426898326985e-01
7.456739510766466905e-01
2.973336374206005939e-01
7.788828951159011416e-01
8.741054614870242823e-01
8.371057652851227049e-01
2.261952573145786516e-01
5.153172804894887715e-01
6.519503381769266026e-01
4.774278948510669585e-01
7.326199916381331834e-01
7.872427778110665519e-01
4.172373805894289411e-01
7.960431392213653812e-01
6.622460876047723266e-01
9.368087171558816539e-01
2.499298481182975484e-01
7.483262781241410977e-01
6.979318882207410368e-01
8.719734223158172037e-01
6.477563291423835690e-01
8.191134972711100470e-01
4.575474988571102686e-01
6.295753729897324291e-01
5.147275486236649877e-01
8.057202558288386607e-01
6.101343424568086427e-01
5.683193166152318287e-01
6.846831188485252850e-01
5.377124910173002315e-01
4.737400082371832633e-01
8.061167902922188322e-01
4.720300494557573279e-01
3.153178373682536395e-01
6.685696420268815165e-01
6.605159610611647247e-01
6.447505705019450639e-01
5.848929841370871241e-01
6.405005540559578492e-01
6.967402092523824475e-01
8.538482635548964028e-01
6.155714346415314120e-01
5.000000000000000000e-01
5.199564171689553538e-01
5.105662924985724382e-01
7.557478744503128842e-01
5.144296417681458733e-01
5.656944768483516128e-01
7.356310903743592533e-01
3.558852397487764496e-01
3.663731376289659503e-01
9.579962940443584873e-01
5.775769043280106763e-01
6.933854639796673824e-01
8.784961049278751100e-01
8.760121264086679904e-01
8.505199975893392716e-01
5.834586379354738117e-01
5.790074819192521094e-01
9.529355489580580985e-01
8.636464323138337562e-01
6.719525065404878816e-01
7.219262656028345715e-01
6.468539348090288632e-01
5.832627477535232696e-01
6.633796606044449762e-01
4.808181607202456909e-01
5.544253889781763922e-01
8.443609378650552832e-01
6.684574694955262020e-01
5.950738382854062758e-01
5.000000000000000000e-01
7.200434047257494585e-01
5.830620787663993720e-01
5.877755916619481491e-01
6.894745061230326266e-01
5.000000000000000000e-01
6.492252503218637338e-01
5.502905793728900541e-01
7.533425423148387701e-01
7.697035956376711008e-01
6.422638656500070375e-01
6.948679389543306328e-01
5.917990834487133478e-01
6.471621305882755415e-01
6.475718838064493665e-01
4.510698157020469612e-01
6.716050999461835591e-01
