8.387883569343289325e-02
2.327547210933546273e-01
6.301778802836439652e-01
5.000000000000000000e-01
7.884531505246823446e-01
3.643637863116165887e-01
6.928004480430602907e-01
6.738613546369000007e-01
6.564720167875187640e-01
3.607894788818441500e-01
7.386401809341278657e-01
6.763933944054079106e-01
7.266261948876748811e-01
5.659582982379667282e-01
6.953718451968521341e-01
8.261374702699914030e-01
8.893698989333234106e-01
6.574718101493884914e-01
7.854232568626589028e-01
6.952139172002704814e-01
8.521505990134886632e-01
6.181934057678212247e-01
9.828951898524150854e-01
8.381474522255540904e-01
6.177715476045204657e-01
7.148901739884562234e-01
7.316405798135995342e-01
8.187890375874623539e-01
8.619492640778282366e-01
6.709542845863407656e-01
7.062161007313239036e-01
5.351847629276785812e-01
7.674982758920841919e-01
5.088898685769025487e-01
7.234480977831848625e-01
8.007040479282967471e-01
6.377633456501599074e-01
2.656355062032546566e-01
5.726712948840768647e-01
5.982512330423196412e-01
4.304736825244052101e-01
6.994793342412364279e-01
6.486742707693592402e-01
7.568904302380269344e-01
5.000000000000000000e-01
8.195307468221905145e-01
7.835907511266346770e-01
6.462237423586099094e-01
6.972417082475248495e-01
3.300493686143375904e-01
7.367826632916057994e-01
6.133856135385910013e-01
7.748060990486538291e-01
7.765339531456743050e-01
5.691003459286771982e-01
7.233883641997088665e-01
5.739274474228269751e-01
8.468644078679271603e-01
2.757182315535628980e-01
7.728316158614124687e-01
7.484616960932499730e-01
7.325722482436989313e-01
5.866549185997302907e-01
8.558309022865787652e-01
4.869192130716182842e-01
6.038742504253635790e-01
4.894782157219438323e-01
7.839643117105996595e-01
6.539538100538656584e-01
6.494873931628575292e-01
6.100562689317774456e-01
6.064266189067685220e-01
4.784417123661555693e-01
7.288090849847616015e-01
5.699040748418481295e-01
3.812993817390503137e-01
4.495641295571795037e-01
6.038241686121418317e-01
6.272174870894209331e-01
6.440771381207511803e-01
6.608812945061369737e-01
7.433630258642948130e-01
7.999741245354446972e-01
6.760765172892874153e-01
5.907737858452869473e-01
5.292329665134759553e-01
4.598904909667448915e-01
7.936277473151948092e-01
6.682280531470220497e-01
5.586485018844544737e-01
7.216460891773183173e-01
5.930050947325935518e-01
6.137944309807789045e-01
7.114227382746131090e-01
6.535723971574842750e-01
6.788785954180777127e-01
7.363525533259590583e-01
7.467366680344396102e-01
7.556932530360525035e-01
6.594378558734228513e-01
5.737370632646486834e-01
8.088444035880129057e-01
7.652079503999478227e-01
7.041710614967454651e-01
6.570701130464891015e-01
6.757011468982839775e-01
5.818814235418571235e-01
7.274598754126310185e-01
5.360064098102185204e-01
6.424115256006177610e-01
8.240750503225267032e-01
8.092038839877148115e-01
6.715698061840083000e-01
5.451692296256223091e-01
8.081272427802275171e-01
5.672045359353867777e-01
5.615501058202353457e-01
6.219722595532949372e-01
3.463599413385596848e-01
6.893614464727215729e-01
5.282420167163912605e-01
7.204170803193477024e-01
7.888776298587784064e-01
6.279318625229892703e-01
7.077567723260148602e-01
6.564007387737139654e-01
6.361214587395671582e-01
6.617857704659940721e-01
4.169670228454928074e-01
6.374063179184978889e-01
