5.792235192424184387e-01
3.889175298956873417e-01
6.043670670464913464e-01
7.834653398994966267e-01
7.347251364711786525e-01
2.750209845707232148e-01
7.243632295825093159e-01
5.258422155106806661e-01
6.514407640674513278e-01
5.159518555532193185e-01
7.063368803969863885e-01
6.756558282010485250e-01
6.769502240116603842e-01
6.449331939901584709e-01
7.082035908501310706e-01
6.736284165769943488e-01
8.330889609027136711e-01
6.924376433236433259e-01
7.495132087269702481e-01
7.158828923784823495e-01
7.862594579838674269e-01
6.570182746527920559e-01
8.733829723673254275e-01
7.779259250070591492e-01
6.330819595831665980e-01
7.709101976268877277e-01
6.788224133178003550e-01
8.059549627276417771e-01
7.790058544870517299e-01
7.134959710433063096e-01
7.095666629392315405e-01
5.945100363636782737e-01
7.120497065118851499e-01
5.851577022867252564e-01
6.803085095962491113e-01
7.524959216098690007e-01
6.490376320743695970e-01
4.520995914202832755e-01
5.476586820533950739e-01
6.424549770232372836e-01
3.056895792324633709e-01
7.488316047549345988e-01
5.000000000000000000e-01
7.425820992415906874e-01
5.941673944496841386e-01
7.914045196151120454e-01
8.221619484422183488e-01
5.500557617967664070e-01
5.410262337430474799e-01
1.787712139521368815e-01
6.054121876313200978e-01
5.402610757091531601e-01
8.073976683498657048e-01
7.303291362110563290e-01
4.217419230079636483e-01
7.318400053914455583e-01
6.252103106049234915e-01
8.668049254506631218e-01
2.056368105175156169e-01
6.845931695264674266e-01
7.458431684562041308e-01
7.991295921696754956e-01
5.217945095968277158e-01
8.866987767621148375e-01
3.977028249655538694e-01
5.000000000000000000e-01
4.499314204794085392e-01
8.121433552866342831e-01
6.482042264744540816e-01
6.768440657180603282e-01
6.294557050056148739e-01
5.132339676797920136e-01
5.462469968719991797e-01
7.700287510724981299e-01
5.639569969507964853e-01
3.649869059751520983e-01
5.230864531507476434e-01
6.097552356325433021e-01
6.453322125964608968e-01
6.472996608635753768e-01
6.712191886152050202e-01
6.690907026618004849e-01
6.401241299174227350e-01
6.520040833980776940e-01
6.616853558367333799e-01
6.482763772108030009e-01
6.602385066033011896e-01
6.446175078664045932e-01
6.638352160014607817e-01
6.368630179312194661e-01
6.088010049708971749e-01
5.407723169371637661e-01
6.653774838719578311e-01
8.467469797264660647e-01
6.470820329148956329e-01
6.681025298998973794e-01
7.083274719473807712e-01
7.886405343541750268e-01
7.000277032984948411e-01
7.568855472101144732e-01
5.867644418453683564e-01
8.320306395281782397e-01
7.533962430032068447e-01
6.847740477991837160e-01
6.350605332600458564e-01
6.949063997153632766e-01
5.670613053315236574e-01
6.900410716152353130e-01
4.416786075612292306e-01
6.441579789501619135e-01
7.780363229576801043e-01
8.376569628502986697e-01
6.529777550641518991e-01
4.454969013917521869e-01
7.443044107399025000e-01
4.461866330976081430e-01
4.707686081066732586e-01
6.800656145034923439e-01
5.806713362142235102e-01
6.727520789345621255e-01
5.915116888981473142e-01
7.247801099825458282e-01
6.952550581809883168e-01
6.863394554093135147e-01
6.021006297108159044e-01
6.954941087342998429e-01
6.104283158167410628e-01
6.677836970804102990e-01
5.131120816367287230e-01
6.952438235542023337e-01
