6.627061242593543788e-01
6.558324121667125084e-01
6.519988394587441505e-01
6.640199727996618506e-01
6.559854255166466253e-01
6.594360123418404607e-01
6.615342272438449189e-01
6.486319286543712481e-01
6.594847849565210751e-01
6.588802715455881476e-01
6.604755155209975914e-01
6.508180957654168264e-01
6.532895167046545160e-01
6.868102964533726595e-01
7.304474799157362197e-01
7.047895042449214831e-01
7.324595066899071139e-01
6.775275322531593147e-01
6.955394768446339082e-01
7.046045070443062164e-01
7.044685494592441977e-01
7.115576926699949123e-01
6.788390565760991091e-01
6.914521852818694692e-01
6.853945744060702117e-01
7.158770427534585368e-01
6.410365349956254066e-01
6.247106240540112321e-01
6.271719522481475906e-01
6.380371463198605264e-01
6.314402863448553838e-01
6.448662988866328272e-01
6.384629813637364704e-01
6.466203182178142939e-01
6.338124378861365038e-01
6.315280493751836977e-01
6.250457112075624710e-01
6.695139649857587694e-01
6.637433489881257032e-01
6.798289050644342746e-01
6.294735727482764220e-01
6.405450279526940793e-01
6.548920881186524046e-01
6.219539433271665807e-01
6.169405122147839649e-01
6.288691369273885501e-01
6.280915376859025345e-01
7.112885419872211346e-01
6.952349810827406218e-01
7.241764729895505681e-01
6.235547990129149953e-01
6.425000531231457312e-01
8.472448204709674968e-01
6.906429677241756604e-01
4.590924357923182320e-01
8.417032674062646658e-01
8.561357685479102919e-01
8.310677082841323449e-01
2.877362595347335295e-01
6.611277904627250734e-01
8.790780503729997974e-01
4.743163266769017117e-01
8.768581981750488419e-01
7.546627432288152137e-01
5.968779265875620021e-01
5.000000000000000000e-01
6.924666056640892409e-01
7.171373142602133210e-01
7.307284458426427376e-01
7.540314491819403164e-01
7.824654418349452634e-01
7.132673345851978652e-01
6.325813752512426946e-01
5.652973490113875066e-01
6.290211082719892044e-01
7.737147875545599129e-01
6.436738983609637810e-01
6.291478829707985998e-01
6.592922424115966740e-01
6.613959293467074341e-01
6.696659096082792084e-01
6.600384224682387391e-01
6.622471724817177163e-01
6.645265440621636044e-01
6.604396724180713329e-01
6.599812770737727430e-01
6.665163942529221952e-01
6.645819514908573034e-01
6.654758447213846573e-01
6.576536200555683775e-01
6.603406298764289417e-01
6.712848133333383371e-01
6.865899880869668070e-01
6.661973363169326756e-01
6.727343178472249274e-01
6.730563849521515873e-01
6.873557082163198606e-01
5.913273212140809365e-01
6.789633705898909799e-01
6.457915525172888138e-01
6.766167862399266042e-01
6.550790581379969391e-01
6.673077924210580880e-01
6.898339756313944804e-01
6.535910038802085209e-01
6.233331628729954499e-01
7.341344689244996280e-01
8.102516401700937676e-01
6.417162399404353623e-01
6.721298915411995090e-01
5.144681037480074437e-01
5.804185856965377033e-01
5.828462974530540519e-01
7.090132553643031521e-01
5.965900396769713288e-01
4.402833602105664101e-01
4.855060831205043614e-01
7.587852191886111930e-01
7.715692747167631760e-01
6.294580180843498685e-01
8.235521321563811226e-01
8.148766515912222452e-01
7.752855257765788322e-01
7.032305551186426307e-01
7.856421541064566583e-01
7.534516821678091114e-01
8.120803809128817052e-01
6.307450728449141009e-01
7.627207090695219405e-01
