7.445968958406773419e-01
6.058996490153533143e-01
6.400790599793594327e-01
6.677512141056174411e-01
5.789875237021482324e-01
6.744627821429761694e-01
7.420214461762409952e-01
6.804614931637771313e-01
7.782092981731508763e-01
6.803744442921293434e-01
7.962896232030194366e-01
6.176122268084488498e-01
5.873064317520052535e-01
6.144712305456155876e-01
8.102886570125162891e-01
6.041691574183970515e-01
8.375041432299377142e-01
5.768587207246064219e-01
9.215198449269161873e-01
6.853225263955617930e-01
9.108258912566097321e-01
7.421789394724304101e-01
9.043299396953758951e-01
7.227823585005332951e-01
8.746653170603833072e-01
8.337680484323639618e-01
6.654043551468742379e-01
8.234030026971370653e-01
7.962297718559621096e-01
5.509555210974479422e-01
7.056558826595658029e-01
5.501656409292436933e-01
6.294360968526493405e-01
6.637612975889897182e-01
5.895268537752985649e-01
6.895333057351461514e-01
6.837142509295641712e-01
6.537083185402297048e-01
5.341384536625563006e-01
5.680749090513403932e-01
7.269172090350779492e-01
7.479790376370903937e-01
5.587619718033636218e-01
7.868661218057565465e-01
5.490326435730427113e-01
6.737647931206230956e-01
8.152049496232968151e-01
6.753572463229869927e-01
4.617016973536838820e-01
5.757740951916696659e-01
5.156850867886494383e-01
6.974336515306772677e-01
6.651200335500029315e-01
6.038347293638007818e-01
5.878686952997826953e-01
7.687003126926738039e-01
7.563852950662096619e-01
4.833503717965341728e-01
5.851711541952930862e-01
7.110922547575587727e-01
6.812589600057857853e-01
7.697462819468641193e-01
6.750956747295112637e-01
5.732456152325905441e-01
6.849222684623725854e-01
6.730843786367798343e-01
6.831388241134427330e-01
6.264347622656724068e-01
7.137304593144325748e-01
6.467485381619191287e-01
6.067703710962433217e-01
5.920705374218730999e-01
5.067818304465320223e-01
6.586178932854501733e-01
5.000000000000000000e-01
7.117901491485383314e-01
6.977113588781288511e-01
6.403031122598575875e-01
6.655993162204142388e-01
6.752626055263546423e-01
7.246543989916758299e-01
7.350088303161145253e-01
5.836900533199388397e-01
5.748136494526620011e-01
5.354246859562740157e-01
6.217397435771440106e-01
6.433432031330195144e-01
5.623100887383947200e-01
6.400941049873527522e-01
6.973847529565962988e-01
7.288957421325572561e-01
5.528139052700347111e-01
5.563534352400443250e-01
7.977585837925260659e-01
6.819738925275832253e-01
6.628534442129243587e-01
7.364961505159394184e-01
6.648351303006334589e-01
5.413852205383841154e-01
9.174427118137212789e-01
5.475910237527626956e-01
7.090482628844075874e-01
5.912078763608596965e-01
8.421968745527019795e-01
6.601497101600648509e-01
6.483911496596671542e-01
5.974613317948360702e-01
5.564272497056964584e-01
5.068035409827913451e-01
3.391030822434172309e-01
8.252322673658598617e-01
4.405717480457230217e-01
4.377035633147688398e-01
5.000000000000000000e-01
4.397877517198830466e-01
5.338371395574851297e-01
2.601939991302095190e-01
6.627687054404993727e-01
6.488432668635784051e-01
6.671518073239633972e-01
6.603613906696059743e-01
6.693975373885269198e-01
6.657597581954390886e-01
6.666396389169340075e-01
6.522595503673261907e-01
6.534063197940190859e-01
6.640448555808337039e-01
6.665323355827700302e-01
6.618348826465934032e-01
6.655281127356760251e-01
