6.739769725374186171e-01
6.500928119897333435e-01
6.739838371009000406e-01
5.882528332994036990e-01
4.021389183638869880e-01
7.666439403153898491e-01
7.603682430320906072e-01
7.189293897799426958e-01
7.993928058645365375e-01
6.896076755572574379e-01
7.515350219036356361e-01
5.168155276797963271e-01
5.909243348572950083e-01
5.706652795034272696e-01
6.407338553121028069e-01
5.098983427787303624e-01
5.691916095879637760e-01
6.393577972679084231e-01
7.644891512759871555e-01
6.259927387974553170e-01
7.801579364510806691e-01
7.464712120764552816e-01
8.176064919063005254e-01
7.382358607572450104e-01
7.342942579382573109e-01
6.297037747189375700e-01
6.695077025479455601e-01
8.253665202135892498e-01
7.215929715528328625e-01
5.686149865775659284e-01
7.016274733665450736e-01
4.658652730550013610e-01
5.878492686139600298e-01
7.204913756447639539e-01
5.508005525432296823e-01
6.714974150259092056e-01
6.372878471398881750e-01
6.294992198118077864e-01
5.911483948030804569e-01
6.311223067002761367e-01
6.596113329448023421e-01
6.098335178291232062e-01
6.869134426874921040e-01
7.046588068623601542e-01
6.543566179059792098e-01
6.475587333262353695e-01
6.855300206798685680e-01
6.493928565608995118e-01
6.254552733405913667e-01
6.240679961518579288e-01
6.734993354494559492e-01
6.949323331135244253e-01
7.082723371741377338e-01
6.522570426544821443e-01
4.407181014839242073e-01
9.019550586476818843e-01
7.315657225402609765e-01
7.015864238185088864e-01
4.640585171374874696e-01
6.870359140486157479e-01
6.649340519475662736e-01
6.701284483212067711e-01
7.210310620980601160e-01
6.270356703013210131e-01
5.575796614388043304e-01
6.162699301776860539e-01
7.394331047079968355e-01
6.507323007457351816e-01
6.110079593641766227e-01
5.555671808196457340e-01
6.876302383271202245e-01
6.295599061817777065e-01
5.552268899206864727e-01
7.684074966270230123e-01
5.378305390653557172e-01
7.002541318512115476e-01
6.548319630625568655e-01
6.835771232752514415e-01
7.101457082417349520e-01
6.658686181022890338e-01
6.806364057418423652e-01
5.449561542821330651e-01
6.226880763749579328e-01
5.920721000716938631e-01
6.466966253390253883e-01
6.758716555136787818e-01
7.757170826575496836e-01
6.962115617918738231e-01
6.448573884547228463e-01
6.899734588693944293e-01
6.881372553511175827e-01
7.358579067757745618e-01
5.166740354628547305e-01
7.914420070178505018e-01
5.535022216851936960e-01
6.350224068824045220e-01
7.534582394907832770e-01
5.566986658892280060e-01
7.251513671978484510e-01
6.913782171666715826e-01
6.328088608810507054e-01
6.957946550703349997e-01
7.141724568618429414e-01
5.949781318950574382e-01
6.661285910693646173e-01
6.683570034217772848e-01
6.655703345648825708e-01
6.682060034374071034e-01
6.420220814702308765e-01
6.466594845300341898e-01
6.771489132329753247e-01
6.521565444520951438e-01
6.582472700939425714e-01
6.595202104217654515e-01
6.528659594427627111e-01
6.687287943673012602e-01
6.477557439558786490e-01
6.529885024500459156e-01
6.458934092922415937e-01
6.703111181598324642e-01
6.542775337176894856e-01
6.520195167802280700e-01
6.515355593683029856e-01
6.530682709910796691e-01
6.573843378913795110e-01
6.461495173389845137e-01
6.536848624619616688e-01
6.567097360375180326e-01
6.504474537638816889e-01
