1.072563439018797554e-01
1.508309231939714001e-01
3.348931577349359423e-02
7.826920359008852912e-02
3.400625211608746673e-02
1.394018732830484830e-01
4.607613580878606729e-01
5.745880934627880521e-01
1.390537933982627927e-01
1.029116207091248236e-01
7.794944864831435116e-02
7.815220927666249873e-02
1.851779880767437103e-01
3.142329252967072106e-01
1.228380727235441755e-01
8.345460392002751471e-02
7.172183024689407493e-02
4.918569116987256407e-02
1.122882763852133259e-01
3.348931577349359423e-02
6.416962123158798104e-02
2.430907564075293625e-01
9.428430792239528291e-02
1.338356814151707708e-01
1.607452468659030520e-01
1.190438083805097358e-01
3.507978646277005313e-02
5.881981952360196275e-02
1.115662876918805946e-01
3.828068106359598932e-01
1.202296019149917961e-01
1.314252119676121155e-01
6.115461435883531166e-02
1.325416595385020824e-01
6.036378288018270227e-02
8.100051980065434143e-02
5.452263975732501988e-01
9.149365781764859373e-02
9.588439439257677444e-02
1.008485246991261269e-01
4.260205286637377409e-01
9.597555354699127683e-02
1.374780516952014420e-01
1.084400029267603427e-01
9.984538841878694282e-02
7.653449726073713322e-02
9.424781140003704594e-02
1.133306354912019948e-01
5.982226333827906500e-02
1.928455452473878673e-01
2.834828810530932719e-01
6.955554229873228689e-02
9.845119486533117359e-02
4.235842310558460277e-02
9.705631445493255460e-02
1.395589456263370831e-01
8.128432053560062653e-02
9.956994084202987205e-02
6.221569444587760067e-02
8.447582665187992890e-02
8.928596458877012532e-02
9.338392465583582325e-02
9.599884907591581251e-02
8.154079204668256142e-02
8.760324332958240034e-02
1.400860676958263773e-01
1.020768725875495497e-01
1.074924857739173595e-01
6.221569444587760067e-02
7.139802697749987603e-02
5.011522901046975426e-02
1.636991128064123058e-01
5.394889523239790874e-01
1.254543669432843511e-01
1.521176142968307110e-01
3.822834568599347005e-01
1.349308149412954960e-01
2.574401752170769053e-01
8.442825225573270809e-02
2.601957153742914808e-01
6.840411973879255425e-02
3.071525584639228090e-01
6.332750514545930354e-02
5.138632912631348193e-02
7.255729004302516882e-01
8.299782408716170623e-02
8.192677688684675552e-02
3.714020272194218930e-01
2.667346227620391308e-01
9.291748820558268229e-02
1.145355827135418753e-01
6.630425155513358648e-02
8.707129354258683063e-02
6.314927145611259895e-02
7.178140831774880437e-02
1.561238659574203103e-01
7.238936423931495445e-02
1.236617374914057849e-01
1.079847135943928227e-01
1.210254210435678379e-01
6.029201793490342187e-02
7.545536402886218741e-02
7.238936423931495445e-02
6.906320751238863298e-02
2.510257288286616428e-01
7.178140831774880437e-02
7.487691255824875658e-02
9.739731736453331734e-02
6.364771083735958068e-02
9.608305528923205552e-02
7.178140831774880437e-02
6.580397446367426684e-02
5.666752607142465370e-02
5.221706239244184450e-02
1.985187012328490375e-01
5.694555923217761717e-02
7.568630585790350751e-02
7.907571688230914664e-02
2.252716036722339499e-01
5.949771767982127424e-02
6.454189375305426080e-02
6.448302322828904087e-02
1.347322345994865223e-01
1.229578894150086671e-01
8.099878246615710431e-02
3.191470893698025724e-01
1.056406083678269603e-01
6.447807721036361017e-02
3.102684049397306243e-01
6.448886978375775736e-02
6.448886978375775736e-02
6.798199971914906103e-02
1.326394075461301836e-01
1.139219120716464528e-01
6.117992524614209587e-02
1.311065520190450584e-01
6.412160556938462097e-02
1.116863521553456834e-01
2.208793063084463215e-01
1.135465567058147052e-01
1.796314542100588829e-01
1.535131551902867153e-01
1.355455111198316520e-01
1.236918813754383506e-01
7.330874131867305687e-02
7.569094936336351331e-02
2.221299492695941458e-01
6.172396535603653644e-01
1.164313363828927278e-01
8.738436448647136923e-02
1.149437870821517216e-01
1.410010607174698727e-01
1.297129395593962786e-01
2.036230186604100489e-01
6.606702549280892012e-02
1.292300309586035256e-01
6.600028939349095181e-02
1.354186509943592076e-01
6.295325528843019602e-02
1.251575494567666591e-01
6.112710342113872319e-02
5.000000000000000000e-01
5.086343727525763359e-02
2.753192397476843939e-02
1.363546389280463900e-01
6.003908935836565347e-02
3.226549936365646215e-02
2.423483843120539938e-01
2.753192397476843939e-02
8.983801736887180034e-02
2.248416674041318064e-01
1.583930162702833488e-01
2.275967386568691908e-01
8.756923289122262033e-02
1.299880964206082956e-01
4.723744757488281681e-02
1.108737930446958009e-01
9.897790539040071667e-02
3.181682317834046148e-02
9.719384678900611085e-02
3.173667616698346711e-02
8.398638813064508712e-02
7.966658066795893889e-02
5.588948574633141597e-02
6.108183427469460192e-02
3.746693759083678799e-02
1.415591917527606602e-01
1.245285354179428705e-01
7.356708830300452695e-02
1.135453004037522834e-01
6.176356771707750687e-02
1.424670672403004767e-01
1.333061706678978497e-01
1.424670672403004767e-01
1.375912254182175276e-01
2.623112829145883840e-01
1.582518808211842987e-01
4.182903048997869272e-02
1.184888627370895703e-01
1.555960513021034108e-01
8.788168769017183635e-02
5.685162644492986611e-02
1.225979403470157658e-01
6.237816892924020334e-02
5.461329340438796365e-01
1.457018862427464923e-01
1.260824486350827223e-01
6.556944035711953500e-02
1.017156578879234163e-01
7.500099733362108889e-02
2.971136695909206704e-01
5.497240972777302920e-02
4.248135644562080898e-02
1.150146569924584555e-01
7.566441473331729506e-02
2.140717758837776541e-01
2.309304876517960514e-02
1.303576348320569234e-01
1.228098851510178030e-01
1.178084495290073752e-01
5.682820708775651597e-02
5.682820708775651597e-02
9.172048874831113807e-02
5.683744527932457768e-02
5.981989563367203777e-01
1.185646800615471896e-01
1.343598707124554481e-01
7.518136826730301148e-02
7.974763040893945165e-02
1.207333329787483867e-01
1.510848997576102748e-01
1.609332787886424143e-01
1.053782419130610687e-01
1.256880170720055812e-01
5.845942682812412666e-02
1.030110768944509370e-01
4.662774699871099354e-02
1.506420323138624451e-01
2.918617737918642249e-02
1.307093208374416338e-01
1.238374069320774262e-01
1.103733134219128387e-01
6.166984835149039862e-02
6.094210436322788915e-01
5.974902146723287677e-02
1.543109479268091888e-01
2.900322578007626384e-01
5.939294482574467016e-02
1.485678644966406670e-01
1.141662613888375782e-01
5.999997605762216746e-02
4.973252079872383935e-02
5.946058125615641399e-02
8.631142614430677151e-02
8.949793243555338729e-02
1.087748160261383379e-01
2.375946101789587483e-01
1.216020930627457614e-01
1.759715208183377788e-01
1.347415710753163687e-01
1.376114812622727945e-01
5.999997605762216746e-02
7.658399788035732958e-02
8.398356860677635982e-02
2.000809321042776590e-01
1.269988649862711649e-01
8.273490253095315550e-02
6.196672705059715763e-02
1.404961032810724264e-01
1.383806651556726275e-01
5.963793452495866343e-02
3.156472856540984973e-01
1.534132052432134186e-01
5.999997605762216746e-02
1.178957875934186217e-01
1.292567816593797603e-01
1.316323692156723402e-01
1.031714035877944469e-01
1.271997229185136413e-01
5.026173971143097635e-02
1.383818948675912264e-01
2.222429903644360938e-01
1.470340476769320393e-01
1.101242015422507631e-01
1.222554190718903311e-01
2.114194491109222529e-01
9.168809079567100118e-02
7.550685814182299394e-02
1.850173265705720993e-01
1.004448163064192157e-01
8.180196148079169061e-02
9.206740776539996951e-02
1.868621642950247796e-01
1.726602907351616478e-01
9.440916856485527531e-02
1.067910775742913765e-01
2.053594155395477294e-01
6.194041343360672663e-02
1.273060363580722498e-01
1.423374860022291744e-01
6.178533761582418599e-02
1.304258186895172755e-01
1.042575520475797213e-01
1.784644864613811055e-01
1.824075607847871205e-01
1.237164480196964456e-01
1.801047863301333540e-01
2.291437363213382206e-01
6.502784020902854789e-02
1.965794652448530078e-01
1.372457236446377460e-01
1.821730085142398703e-01
1.775074038891698569e-01
2.516204649370233359e-01
1.005696210771468424e-01
1.600965881383235034e-01
1.426180697026452615e-01
1.651149839047506840e-01
9.779496655479176515e-02
1.482943273870294676e-01
9.472268548917125996e-02
6.069321247489440491e-02
1.196195964864956857e-01
1.094482649777740318e-01
4.396597239105633909e-02
8.005361492721446703e-02
1.124153753089043584e-01
7.729117789237688330e-02
6.194062035716466075e-02
1.190356521449230792e-01
9.941737277920122129e-02
1.389858257377750428e-01
1.482112909709700499e-01
1.014370394626956801e-01
1.297859371515234506e-01
8.619231578171819563e-02
9.665311496883814690e-02
1.495842472432817871e-01
1.391596160609584742e-01
1.969853436755366338e-01
1.183728512580294739e-01
1.644302787930307097e-01
8.731028716807469336e-02
4.051286165394963890e-01
2.331754116673203092e-01
5.087920987545629936e-02
6.048761098923222113e-02
2.137673659490400280e-01
1.493804998850956078e-01
8.320592088280895360e-02
1.493804998850956078e-01
1.167795617437144551e-01
8.511488940395488256e-02
1.341517103773246788e-01
7.218884670973491069e-02
1.477401753739319978e-01
1.991951813960188555e-01
9.234500161254378947e-02
6.628912153096576387e-02
1.445602802303487255e-01
1.269235948625721533e-01
2.718052438963012851e-01
1.927763091187144617e-01
9.306032171381919960e-02
9.726378174848372693e-02
2.226371525030053922e-01
1.577836830494630527e-01
8.331060907001339166e-02
1.113507910383790961e-01
9.830123280976864331e-02
8.310011211761357541e-02
9.802290364701018999e-02
2.290056319766832771e-01
8.661454433362056338e-02
1.106056393676803640e-01
1.290641071667304463e-01
9.689975071677629781e-02
1.109292360143755429e-01
9.183804443695366138e-02
2.955907560303535492e-02
1.568413122975419183e-01
1.266274255713170926e-01
1.115307440429185309e-01
2.142582042843511614e-01
1.044265429606082984e-01
2.567384945323892831e-01
9.967455280048627408e-02
1.202383830308127594e-01
1.090599940378260552e-01
1.278461280330813188e-01
9.374362500751708127e-02
1.105837709632346150e-01
9.650917185012831967e-02
3.549009051663699899e-02
5.452998730583546311e-02
1.638523410533653246e-01
1.290641071667304463e-01
1.276869224769891786e-01
