7.363132995240193046e-02
7.333791136757945861e-02
5.652068296642509537e-02
1.527157227049613375e-01
6.039175763045153550e-02
7.718558300712685671e-02
2.735625831220260262e-01
1.775105912523814722e-01
9.329568957905268189e-02
5.823568205301624112e-02
7.054442982536250628e-02
1.339530499571315036e-01
1.276021444035300156e-01
1.265826229915097412e-01
9.249588192242984286e-02
1.085031488887382711e-01
1.110657504916860855e-01
6.469484517820441039e-02
1.188139687968792352e-01
6.183834400102989487e-02
9.774925914561352625e-02
7.781551401953540337e-02
1.154264633134269302e-01
2.373785962486469614e-01
6.097561774804729356e-02
1.001829323099039243e-01
7.688764445903281675e-02
5.841784875826072643e-02
5.749983023849707803e-02
1.150309466651650570e-01
6.474211431522275406e-02
1.455785256996684762e-01
7.765780073103160930e-02
1.676072498891426621e-01
7.463024192642392363e-02
6.657796399983453850e-02
3.980399066542878450e-01
1.052854868269309518e-01
9.705513808641048901e-02
3.949013102089911631e-01
3.698275142013071060e-01
1.199461608878515245e-01
1.168396891425320105e-01
6.304499869646371102e-02
9.939554824191225435e-02
9.615435872246788640e-02
9.545953001709439611e-02
9.160772753333612517e-02
1.064382639595262553e-01
1.567935770962824438e-01
1.632740539636151622e-01
1.043049596447999799e-01
1.219487546576877440e-01
8.424389267097494305e-02
1.171878019037337210e-01
1.995982643589552796e-01
5.480459339653778045e-02
5.930242301677765560e-02
9.615435872246788640e-02
1.119453676208184700e-01
1.576071520986872809e-01
1.242520816132498124e-01
1.134603244943992589e-01
6.428844641654518632e-02
9.305648079805330097e-02
1.158483751552971952e-01
1.239459314398924233e-01
1.086446415683098854e-01
9.520436951422209249e-02
7.240881203629058460e-02
1.127031281049443445e-01
1.099643355982552889e-01
3.743093633924578501e-01
1.345843593678139882e-01
6.250518299592878746e-01
1.299207075846450510e-01
1.063356901589089520e-01
1.855233850687111330e-01
8.217848700496670211e-02
1.076771884247723909e-01
7.171356597930514387e-02
5.056207927850577821e-01
6.271374508670503334e-02
7.209504762919224929e-02
5.464494910441187736e-01
1.434950564615078694e-01
7.316820393720969984e-02
1.034356778960316692e-01
1.617994941442313650e-01
9.900264991138317539e-02
7.679896379368578163e-02
4.578412361762451005e-02
1.741365190964488663e-01
1.319183688233783180e-01
7.209504762919224929e-02
1.024846767028164685e-01
7.627064522244265954e-02
1.188997263761410877e-01
1.365881617492046285e-01
5.131553085952373916e-01
1.626652749669352249e-01
7.574740967559660809e-02
7.627064522244265954e-02
7.107918038286170637e-02
2.054634534440470672e-01
7.209504762919224929e-02
8.331564230722171560e-02
9.979917718449471398e-02
6.814767314547374999e-02
1.170416743569764606e-01
7.885861054513834678e-02
1.220648761208868588e-01
8.619735835564870663e-02
4.794472181766287061e-02
1.106349191848040731e-01
1.436143026837420900e-01
5.121395432570646084e-02
9.229186978558109877e-02
1.611443098346076186e-01
1.202601808833914515e-01
6.183192990759126678e-02
9.595183707484622460e-02
4.320546585262642347e-01
1.528390998937518286e-01
7.329656964359161642e-02
2.917657411574001713e-01
3.645628321156290513e-02
7.223533773842565064e-02
4.820345956675306520e-02
7.333661141660835492e-02
8.910211594416832248e-02
4.029956801371203934e-02
8.875196276340917290e-02
1.229651283714493087e-01
6.366290589532097588e-02
3.767329159341087919e-01
3.932286528798621672e-02
1.307518027795675775e-01
1.039289225258073213e-01
4.021122503806093956e-02
1.321310063612713415e-01
1.095607413999515889e-01
9.651128332217061290e-02
1.423732610122280251e-01
6.178686782079838985e-02
7.425053014674577734e-02
4.245450270580709839e-02
7.329317786923895961e-02
6.254050361227284083e-02
3.839581229746386742e-02
2.354364114622397447e-02
2.582721087326911302e-01
3.181192438173323367e-02
6.460561263940001187e-02
4.190984241229839258e-02
1.176765726390021638e-01
5.072338306598226515e-02
7.601846059924695087e-01
4.108417279536593497e-02
8.271502067812241954e-02
5.058700007522810849e-02
1.138733036276440153e-01
7.108680713196663392e-02
6.630972707170215696e-02
7.540200348004473530e-02
1.211062112811742003e-01
9.003215863950529696e-02
2.876762720820822405e-01
6.630972707170215696e-02
1.431001503481184600e-01
2.688371886566954250e-01
1.505542708249453521e-01
1.764154507120299364e-01
7.868929725248206830e-02
1.206219275810964803e-01
1.063720810552136325e-01
4.262057269500658108e-01
8.059573499906337590e-02
3.313610313156435672e-02
1.274648891963598707e-01
6.630972707170215696e-02
4.707406697887811520e-02
8.846906860745790135e-02
7.320997426759161264e-02
8.378042665877305506e-02
1.114074917150595506e-01
1.207281068585802503e-01
6.703670446817740214e-02
1.972935852098879617e-01
6.116130518387466464e-02
1.220070206692536324e-01
9.337932803855548969e-02
1.321184145762842321e-01
9.337932803855548969e-02
1.841588520106185733e-01
2.998085357328608702e-01
1.148489864322905646e-01
1.971696939833582352e-01
8.477845122491523000e-02
6.178875712689217703e-02
7.606051907124650180e-02
1.361461104781757359e-01
6.491510503221034623e-02
2.594539415326678755e-01
2.242494888693598032e-01
7.163340528174362565e-02
5.783579343745643558e-02
2.439947365820242450e-02
9.855465069723313987e-02
2.150946712063022404e-01
2.178827720598827677e-01
7.195675990928561416e-02
2.303420777339448486e-02
2.932547286198119649e-02
5.211214197202568288e-02
1.089083078503718521e-01
3.388318576103767354e-02
9.031940705164420713e-02
1.366693205413273826e-01
8.852959367403798185e-02
1.232412036513667319e-01
1.288770666473496029e-01
6.280136037382663683e-02
7.980481684698327582e-02
6.543903463486545613e-01
3.967983506168256541e-02
6.124201795285773992e-02
1.066334518260568798e-01
6.157294992800468880e-02
9.746077862205243525e-02
1.124826767279018674e-01
3.484375203664225040e-01
8.040413159544586297e-02
1.961328129880960114e-01
7.498440523462020224e-02
6.830153415883219448e-02
6.567817695905635300e-02
1.148124033851029013e-01
1.554789936099784664e-01
6.948599047986633859e-02
5.799506591749298973e-02
3.256323927811339419e-02
6.693668142100688001e-02
1.799838856381490992e-01
4.819949786495728722e-02
1.738617622968750831e-01
5.178000722738463901e-01
1.188940132500874436e-01
3.329094596562173214e-01
2.092346815266367677e-01
7.790883485348186477e-02
1.182556680914615965e-01
4.130721110024191539e-02
6.662360108036628759e-02
6.948160875976104600e-02
1.050216748068432959e-01
1.875086464715982060e-01
4.617994763567992988e-01
1.431294781796784432e-01
6.296953461562965204e-02
1.561210185433619668e-01
8.515292502695288868e-02
7.380632242847764979e-02
1.038795790414868830e-01
4.486923784665153292e-02
5.935805708785456269e-02
3.578061943288385338e-02
9.108688076715337756e-02
9.745119273768426682e-02
1.877776958297041610e-01
7.364026497839636087e-02
1.668393134038747283e-01
3.857562562322810473e-01
8.515292502695288868e-02
2.055016202129068825e-01
3.343572115118700894e-01
4.559435678332323522e-02
1.214420344235249694e-01
8.071312019548790295e-02
1.076650089933719606e-01
6.941902073027587938e-02
1.617282661995448900e-01
1.140194206214425049e-01
1.088134987722579328e-01
6.293321769145965305e-02
1.408760362709492453e-01
1.459176266376023268e-01
6.258535597609625467e-02
1.106106575977605228e-01
1.207584315267297842e-01
6.480996440667172176e-02
6.993480325464129788e-02
1.135070939312823601e-01
1.090995372980329003e-01
9.671341926161473868e-02
1.151635899318990686e-01
1.594188308228749462e-01
6.695214340630215033e-02
1.309450046904789000e-01
1.190702817078216486e-01
6.778817364431881376e-02
1.042175131022512885e-01
8.348103443248838795e-02
1.121497394453070257e-01
4.317979712743288401e-01
1.203051077384874046e-01
1.169566317919935872e-01
1.595392979134061806e-01
6.695214340630215033e-02
2.002334265598009200e-01
7.361407510710059332e-02
1.152473209200039483e-01
1.619386904867271271e-01
1.289321481234153577e-01
9.717121795087235725e-02
8.678123445106361578e-02
8.845998141420775840e-02
1.083664754449181616e-01
7.186379542618102911e-02
3.316472364560497654e-01
1.369377965560220345e-01
8.476838616993764841e-02
1.108020457126019237e-01
9.652460441571315830e-02
9.096003554569585814e-02
8.259565296773929699e-02
6.025205341173149598e-02
6.642294934928141825e-02
7.201903734240042154e-02
1.606884401120710626e-01
2.813409684827411147e-02
1.272853466708746550e-01
1.204076030499937611e-01
1.565172565629111001e-01
1.432665818627690824e-01
8.885451305708573499e-02
1.097406058600624845e-01
1.230109175684170192e-01
2.175553878471842006e-01
8.300761511190390962e-02
1.755074712986276486e-01
1.091852916662628126e-01
1.116723583255160579e-01
3.010818890409110993e-01
8.084311258817784840e-02
8.993152816429694774e-02
1.092476504059405190e-01
1.891496102518146483e-01
2.817267797694168047e-02
6.445580549898033418e-02
2.701021668341161558e-02
2.173964379051013807e-01
6.405481967744289240e-02
1.085702678908224139e-01
1.384730702001781000e-01
1.276845903865994059e-01
1.138065330627930222e-01
6.616240606447339190e-02
8.691808597686039028e-02
2.435541569016083097e-01
2.229711656566682465e-01
1.115313671743304452e-01
6.982945093607607900e-02
9.938650939361670655e-02
4.825267401412071389e-02
3.737105965757903103e-01
7.604134362590596330e-02
6.098955529732970338e-02
8.896471654864568368e-02
5.828790106583243980e-02
8.583981266310206082e-02
8.416582042866030400e-02
3.422724678841638224e-01
1.420393853432206088e-01
7.266721064166169197e-02
5.984977567426040534e-02
1.880115110062065831e-01
8.197983950011510090e-02
8.050017627095491790e-02
4.660746049064401486e-02
2.269421667118738384e-01
4.230665679590755318e-02
1.038210958641917619e-01
1.620406076773919235e-01
7.484432015196944288e-02
1.516296959492241525e-01
1.186434631192222894e-01
1.174561165980298055e-01
8.826344168532213041e-02
8.476161692797226643e-02
5.692155875498931816e-02
1.866623882168171600e-01
1.003731676833135161e-01
9.183297398804948775e-02
3.983225499101403916e-02
1.595530429497991898e-01
7.806652600100270900e-02
1.492176369260400370e-01
