1.787215427192630213e-01
1.845944493810346143e-01
1.894338911979021045e-01
1.804643268159691061e-01
2.028949558059267022e-01
1.783142681014707187e-01
2.225386206025394831e-01
2.232720458382806972e-01
1.664458116185806857e-01
1.724594004350574195e-01
1.345703537415286477e-01
1.727204451337109037e-01
2.202654910388008591e-01
1.917988676148302540e-01
1.772342677253262722e-01
1.783234629095828694e-01
1.178642606710409296e-01
1.772560719999991541e-01
2.090005774493847723e-01
1.991519241526057693e-01
2.079350413999508373e-01
1.921449231020600223e-01
1.966843031630434169e-01
1.999162730965692303e-01
1.575211335748644137e-01
1.834155048006432809e-01
2.099919854917875472e-01
1.745991245767366251e-01
1.812851705935392965e-01
2.340780469341297576e-01
1.740685391519476988e-01
1.766532450980021207e-01
1.880468023083409768e-01
2.118441836875526452e-01
1.890779667096449956e-01
1.945407870490763469e-01
2.251213782905625849e-01
1.499444487682004279e-01
1.827325235131554704e-01
1.858385149377621004e-01
1.833513955180821053e-01
1.318800460332950619e-01
1.022645240971539471e-01
1.515913076153011796e-01
7.560135535519152405e-02
8.651637076011305105e-02
1.137765964157211596e-01
1.386343118701933441e-01
8.858527526238398064e-02
1.105597883399206949e-01
1.514432266154267792e-01
7.107263692364036711e-02
6.103286236410717519e-02
1.137486703731800386e-01
1.638137704343810286e-01
1.362004650863277988e-01
9.206284721378014957e-02
1.286253287989052030e-01
9.187075302515948505e-02
1.079677991970933865e-01
6.922274549760562556e-02
1.169690651973190471e-01
1.295996880533417384e-01
9.256964467726738754e-02
5.963835679238543158e-02
3.144294240421180997e-01
1.708646209780007585e-01
1.012844237859018004e-01
1.016156995814106456e-01
1.084704584960888979e-01
6.649108579621026971e-02
1.393660296137828603e-01
2.827003793974495749e-01
1.573663383775871782e-01
3.168195376618681558e-01
1.505144496710440760e-01
1.490794586954242718e-01
1.645086867028044131e-01
1.110973488399799175e-01
9.141040079017843933e-02
7.449286514312458696e-02
3.387052484566941968e-01
6.139483065421888486e-02
6.886987014600760848e-02
6.155102693856313589e-01
1.156612984189862026e-01
7.183641826998003743e-02
2.030898405586540056e-01
2.203314136250949518e-01
9.590394021824839854e-02
6.045878516195510310e-02
6.219299629595773093e-02
1.151694234892140234e-01
1.051599373568118251e-01
6.893935117236345278e-02
1.652285299839696131e-01
6.182976240998225292e-02
1.145750782851025218e-01
1.440214289470970188e-01
1.175452368594431113e-01
8.664808378449770365e-02
7.754601281583625716e-02
6.182976240998225292e-02
7.742056997306384636e-02
2.204514711840420693e-01
6.893935117236345278e-02
8.655730986705768848e-02
9.985957886255798777e-02
5.968108149036814580e-02
1.035865943559743096e-01
7.668405077775197753e-02
1.509590000074502447e-01
7.283337413764366663e-02
5.838208749248936097e-02
1.377518379848737262e-01
8.489658827721464907e-02
8.541359084855912331e-02
9.272503534548494353e-02
1.984220250997632273e-01
1.428562275287050820e-01
1.499226786434330605e-01
2.042807402337626366e-01
1.688826794879508819e-01
1.652289885157987581e-01
1.890916014431545944e-01
1.553413433057505288e-01
1.495234043776672850e-01
1.353424387706262944e-01
1.398731819049658653e-01
1.664590887266750585e-01
1.137966910610899857e-01
1.589985089792285977e-01
1.537750420128648210e-01
1.758878620339088816e-01
1.228877975300359943e-01
1.801090016425914986e-01
1.352711039526549031e-01
1.763555410992602157e-01
1.657992465333890664e-01
1.562609922789525430e-01
1.868051766547496606e-01
1.702373784889651132e-01
2.097182296253334022e-01
1.804149131168789055e-01
1.710106649179891358e-01
1.915004077446631758e-01
1.378243008109497902e-01
1.903860059458547527e-01
1.456144562936453057e-01
1.301290421197534297e-01
1.271969367732819767e-01
1.237009214262730084e-01
1.335391454834705949e-01
1.626945902397251287e-01
1.779314723081239225e-01
1.660742349090474079e-01
1.487028853053362354e-01
1.779551073035642861e-01
1.423525540144383039e-01
1.752674323356650521e-01
5.545091177949022093e-02
2.334608523742910113e-01
5.475059711366495052e-02
4.374006152794256835e-02
5.662050245666013643e-02
8.158928678386366540e-02
3.270057068857981641e-02
1.389305355188847901e-01
4.374006152794256835e-02
1.642140198698267273e-01
1.527028202728461792e-01
1.000515881204755014e-01
2.601098919602999326e-01
1.156620034610783831e-01
1.280790907009652924e-01
6.095164571281186383e-02
1.095297919900193317e-01
1.254738706497033618e-01
4.471383093933106040e-02
1.120382813035968456e-01
4.897904143461348503e-02
6.527909259896053085e-02
1.199287899238636185e-01
6.131070324272377969e-02
2.963683666762891369e-02
4.653795178972489066e-02
1.613181308778865730e-01
9.992331622354413967e-02
1.020599163100463780e-01
1.232330888932874485e-01
9.256080192120440253e-02
1.118069187774979739e-01
1.078024208609675849e-01
1.118069187774979739e-01
2.180331081578023023e-01
2.815923984849702522e-01
1.821093997167761436e-01
6.150869217590674426e-02
7.550382613724680725e-02
3.924914307900641275e-02
8.402766072320151658e-02
1.018555045695821032e-01
7.304703639023704675e-02
6.170985207950433621e-02
1.212139885538988798e-01
6.988737292933228096e-02
1.113833019523274986e-01
8.191144243873299535e-02
3.170751510644811283e-02
6.075009949042241980e-02
1.346634287753168124e-01
5.278508858147269028e-02
4.332460654632943470e-02
5.296758274259669164e-02
7.520893439133749525e-02
8.470977135579929596e-02
5.968159019859500120e-02
1.259658245566307455e-01
8.774362042943319173e-02
1.844833695070247082e-01
1.392222614981656059e-01
1.550908648833179138e-01
1.919230071791565295e-02
9.912502035282613755e-02
5.232589130944526046e-01
3.942524224253594195e-02
9.026431033413101490e-02
1.150650428247024515e-01
7.227668476676711584e-02
1.411980598447644675e-01
5.985028527736078324e-02
1.682036322336206424e-01
5.494561179765134612e-02
1.330339196050416006e-01
1.139704432118265470e-01
6.586407047013434490e-02
7.312095249204071667e-02
1.617536269529962212e-01
5.487907472239397094e-02
9.153675560514967779e-02
1.419495259322899883e-01
8.304637542497879388e-02
1.277072928094912241e-01
1.532106323087821798e-01
8.621716434078087465e-02
1.279973886623078094e-01
2.487566200702389929e-01
8.293007068039594254e-02
1.974125793277498597e-01
1.165387588988959777e-01
7.279210657206375279e-02
9.853005605874338990e-02
1.267856736894101555e-01
8.146217796567567504e-02
4.066722044357778260e-02
1.611337533262173494e-01
1.964914253870341521e-01
1.934205784819076901e-01
1.479247876647588611e-01
7.730498098706124754e-02
1.070898698306409630e-01
7.273124171278169681e-02
1.588482657402041642e-01
5.006714647257633904e-02
1.074448331492959818e-01
9.650839275524586425e-02
8.327640805570309113e-02
1.003722994685932318e-01
1.413484581916953642e-01
1.763749823329632260e-01
1.510867060363627890e-01
1.267376723181313225e-01
1.629109876011362867e-01
7.273124171278169681e-02
1.943637110434491000e-01
2.251799981179961607e-01
5.520939918786786638e-02
1.148008222256336058e-01
7.738934569085481607e-02
7.849465992099269318e-02
1.694879520831272246e-01
2.410886001662966016e-01
1.642885964824237488e-01
1.312341847549340634e-01
1.168068619245292428e-01
2.156357422099132726e-01
9.500488863937980866e-02
7.910124664591075550e-02
1.671203602893364393e-01
1.003606848599316176e-01
7.343587899325330903e-02
9.543025868352457419e-02
2.206836478868721974e-01
1.772900134515706660e-01
6.617896271221372639e-02
8.379499466741875680e-02
2.522604843323694723e-01
7.574721404049068740e-02
1.094473812282837910e-01
1.825984423148263869e-01
8.559957271761189923e-02
1.461824211974839527e-01
1.003398812174252641e-01
1.993915599795578752e-01
1.754540719131324755e-01
1.095121160894062251e-01
2.426669520453186846e-01
2.568459028350291717e-01
8.298523060862805778e-02
2.305629138161588709e-01
9.620956592839731425e-02
1.497565322648224673e-01
2.829043444256675865e-01
2.225437035068026370e-01
9.431490811444134814e-02
1.161793367364161306e-01
1.382805831039633226e-01
1.593634203502941327e-01
8.726693703303416150e-02
1.384783122775745112e-01
9.050776384042970302e-02
4.934806492920770088e-02
1.203694051981967356e-01
8.268764526797750536e-02
4.155983581908107016e-02
2.728846594743726192e-02
9.461288230988834647e-02
8.243303227715097214e-02
5.103335995748553566e-02
6.832811130945341815e-02
6.164674259205549234e-02
5.702489949240847900e-02
1.222286067428964562e-01
5.901360535288001363e-02
9.812093433878540938e-02
7.214287289692165872e-02
8.035128391239872159e-02
1.134570031241142196e-01
1.981287671487708124e-01
7.346989678289196635e-02
1.933271423476943807e-01
1.818040388042880817e-01
1.145469557336288718e-01
5.000000000000000000e-01
2.287136612228253818e-01
2.967009251338514550e-02
7.238067567500619526e-02
2.471721201840894333e-01
1.070803895313230114e-01
4.002268361490947390e-02
6.064012383668643258e-02
2.268329695351098962e-01
8.269213287472987339e-02
1.579883102774485570e-01
9.018343557206041916e-02
1.505187651935981086e-01
1.779907187609398589e-01
7.978755609213616928e-02
8.111572420509209624e-02
2.258074413952983750e-01
1.610666154304775943e-01
2.258656062519249774e-01
1.392956384619684906e-01
9.603428732372526477e-02
8.050257569188455642e-02
3.227625698602946125e-01
7.767573149298293012e-02
6.679757459786118956e-02
1.119508238550940560e-01
7.730492857072857049e-02
7.617062894889801983e-02
9.672512826197823821e-02
3.974870004241942700e-01
6.810447375875784692e-02
1.015652632746620460e-01
2.855241082525214816e-02
1.210887616248819409e-01
1.302310964885815547e-01
6.863309467488747095e-02
2.455951323239121548e-02
1.394925313126869348e-01
6.948524271851125311e-02
1.036846765518518315e-01
2.080613298576209635e-01
7.024701067856915782e-02
3.325169442621265237e-01
1.133911531790244703e-01
8.802688025280665240e-02
1.100414421229090195e-01
7.838479650809132560e-02
6.016152376472641561e-02
1.166355492671636435e-01
1.046448544390268659e-01
4.301401075313255468e-02
4.114221411887448998e-02
1.927425647636660244e-01
2.772010725045516086e-02
1.550505874904899994e-01
