7.904876001729839452e-02
1.160657895761512681e-01
3.661529402802855826e-02
2.109873965203317159e-01
3.342502383699567925e-02
5.840980077570794710e-02
1.522852500863337011e-01
2.601898291640358241e-01
7.036161514884636814e-02
8.650713437929628824e-02
9.754690193509309160e-02
1.280654757927939535e-01
1.863161914375028871e-01
3.310899562825900255e-01
1.291654257280371865e-01
8.160318273425272440e-02
1.015745850971828124e-01
8.647960109697314102e-02
5.782521994971712848e-02
3.661529402802855826e-02
5.788251312631760570e-02
6.921864947344487373e-02
1.410485388273797769e-01
2.592384774822627524e-01
6.741826941568652976e-02
1.274267803940871135e-01
3.138735421132727438e-02
6.039553767217550884e-02
7.999333327452315401e-02
4.075486048725760480e-01
8.640224390286392608e-02
2.173018114316815075e-01
7.326325040800367450e-02
1.707748996298036337e-01
6.994095972110769832e-02
6.492347241816338876e-02
5.000000000000000000e-01
3.079120059202587467e-01
8.130351350443376646e-02
4.342905002824047345e-01
5.925863549501168004e-01
1.043705433549618894e-01
1.322511936756779749e-01
8.353298303796502511e-02
7.796549598371950440e-02
6.119122207681338549e-02
8.526463381912839645e-02
8.894521536468560918e-02
8.864169088660180107e-02
1.429697083982810479e-01
2.654834585958738002e-01
9.504040455740467297e-02
1.151839795954882201e-01
4.260391133569334937e-02
7.267943397513020043e-02
7.600870417484986707e-02
7.544809306099671542e-02
8.844005851261296791e-02
6.119122207681338549e-02
8.353149716927461832e-02
1.415495339697735167e-01
8.354947780109348021e-02
1.678664789325432505e-01
8.545173752368082076e-02
8.183042333302392723e-02
1.015157524453563359e-01
1.014934674692862526e-01
7.316485120923785224e-02
6.119122207681338549e-02
5.731323159191612643e-02
1.757337976769272336e-01
2.440485503414611956e-01
5.925863549501168004e-01
8.482143966169415628e-02
6.518877988449597316e-01
5.286019894134433850e-01
1.316438971358541987e-01
1.935881225594398569e-01
6.246230431861782284e-02
1.228789227016641450e-01
6.173135724352218912e-02
5.807923490832246349e-01
5.572490872103544324e-02
6.091714542375850638e-02
6.544767969928283469e-01
8.558585897950114763e-02
7.029286665272181656e-02
1.661795329185165870e-01
1.495557208664652638e-01
9.856274743789643356e-02
7.343618640129213893e-02
6.317449377460292170e-02
1.054769039169548422e-01
1.057793856607893157e-01
6.091714542375850638e-02
7.079765660713573106e-02
5.729146934006962982e-02
8.096102199525560816e-02
1.235990607245938538e-01
5.565470300397262760e-01
1.374370110407915901e-01
6.126124194466283507e-02
5.729146934006962982e-02
3.200105824515299402e-02
2.405116484453466152e-01
6.091714542375850638e-02
6.906668785868701199e-02
8.828920687045138660e-02
6.686113287381657833e-02
9.786967212983514741e-02
6.091714542375850638e-02
6.857480503609457434e-02
6.091714542375850638e-02
7.162317334198294028e-02
1.382993266105158325e-01
9.093707234421705143e-02
6.948566648771029031e-02
8.096102199525560816e-02
1.822782450811311350e-01
5.502962324551521900e-02
6.313058848855065963e-02
6.830541399254264068e-02
1.136261188841936193e-01
1.203762309710090378e-01
6.826865602934580057e-02
1.907429611912736800e-01
1.013464275237167117e-01
6.832266999044625533e-02
2.324458115419774651e-01
6.833706410592711722e-02
6.833706410592711722e-02
7.402735442358818196e-02
9.117163984833416557e-02
1.093641090766361706e-01
1.056898065923640440e-01
1.977755300694245544e-01
6.827090391584683671e-02
1.339040076321585671e-01
1.665079076772517930e-01
1.202801888611364362e-01
1.313779436884569274e-01
1.588626809088811709e-01
1.163054109318837209e-01
7.997195565436807096e-02
8.622918102577731281e-02
6.832388288962326639e-02
2.389771268276486282e-01
1.229688485115985885e-01
1.306460193000359427e-01
8.591330055678701727e-02
1.218796951784192895e-01
1.282812722614379286e-01
1.223317656068733938e-01
1.817507064382566928e-01
7.591515250438146678e-02
1.182667595661689580e-01
6.144310307697617435e-02
3.635664002371480907e-01
6.261822901803330843e-02
1.093624156376530182e-01
1.174543764445422772e-01
2.984680095589608562e-01
6.594819412459003438e-02
6.552310161172522629e-02
1.009755005400570227e-01
2.105798938830978351e-01
8.141633942245699029e-02
1.611655257565589305e-01
6.552310161172522629e-02
9.564252118660550306e-02
3.332504457690831368e-01
9.622922153459696759e-02
2.615523437593912925e-01
5.622807455381998581e-02
7.219216362732346071e-02
9.230674026952688516e-02
1.060552928038342169e-01
8.883228432089457227e-02
4.782447166288084778e-02
6.539833711140946582e-02
6.552310161172522629e-02
6.156228764898035583e-02
1.146384521635564757e-01
7.253054912029371915e-02
8.171026534896777549e-02
9.745372963657453202e-02
1.206020825408117558e-01
8.034223950585803187e-02
3.118614650566351454e-01
7.162474643741767455e-02
1.115727483061772357e-01
8.886248672077426414e-02
1.583999217148732985e-01
8.886248672077426414e-02
1.087304350063581365e-01
3.822897338489583130e-01
9.402498092268198049e-02
1.003576618829025296e-01
1.058574856547789683e-01
9.496416967492524175e-02
9.489847193133418846e-02
8.478996058579497952e-02
8.116995679325085533e-02
1.597791679900326667e-01
2.470418990828038841e-01
1.198663700763487744e-01
7.010710827091566621e-02
1.049227057687803777e-01
8.730843556828246643e-02
1.845174047589885069e-01
1.592891877883778340e-01
9.162674096795997425e-02
9.606057371214873908e-02
1.130999490070995345e-01
9.642839038304118482e-02
1.225407637795381671e-01
9.923094504314725062e-02
9.627582955178383417e-02
1.032493612054213028e-01
8.454942613601296175e-02
8.999343214716135075e-02
8.999343214716135075e-02
9.005917578409869395e-02
8.478820052596376666e-02
4.251089063404892010e-01
7.933403099618235865e-02
1.102281243479358713e-01
1.276637444214659689e-01
1.033363823110282631e-01
1.102001172926584255e-01
1.000907730050494132e-01
1.731903073167539719e-01
1.551526400123537930e-01
8.905330839771205542e-02
8.880572980247256054e-02
1.426010832297760766e-01
7.170477243619099994e-02
1.487775690805527573e-01
8.997999186831130702e-02
6.742326461180228603e-02
1.396231458697992089e-01
1.240591232470494021e-01
7.651506441329226915e-02
4.245635184290657005e-01
7.080277137273979782e-02
1.576049687994538762e-01
2.560718012805366373e-01
8.359383207982341857e-02
1.347022568485375382e-01
1.197156515138770444e-01
7.670338365455441065e-02
7.153512478175826084e-02
1.036364395938457889e-01
9.839538394658409182e-02
8.648637601738694280e-02
7.940172978725995589e-02
1.636277165010973922e-01
3.160471819072502297e-01
1.686766590709536107e-01
1.294773930428460840e-01
1.134658946493698195e-01
7.670338365455441065e-02
7.770007642406477621e-02
1.142852831360872401e-01
7.004977718492161332e-02
1.075740214697922109e-01
9.547242847241269037e-02
6.991975809603882819e-02
1.094658834904901901e-01
1.294550775384039065e-01
5.504028916898211915e-02
1.842147888350037510e-01
1.062123558966609344e-01
7.670338365455441065e-02
2.018883690353087401e-01
2.175832229589415856e-01
1.287971797081157443e-01
1.152135944299507303e-01
1.871144004664258842e-01
7.148108437013991900e-02
9.488065908134808712e-02
2.606483061041590665e-01
7.012691688159017334e-02
1.016344284950729676e-01
1.007703691856317862e-01
1.557497006552788776e-01
1.295526301364235966e-01
8.816769888203997152e-02
1.127659905550190411e-01
8.280963662270049430e-02
6.861562082551143915e-02
4.311221394444149368e-02
1.036567244063403420e-01
1.048737347194100555e-01
1.381599117288071221e-01
5.971689520031761567e-02
1.419718623049279760e-01
6.923220859176790198e-02
9.539202792902315431e-02
1.100721554088339993e-01
6.992707184070741377e-02
8.473020019041560547e-02
1.008325314477108020e-01
8.324460335279330880e-02
3.530858537027423139e-01
1.051744885936936741e-01
1.949580069042914365e-01
1.652550160336283824e-01
6.923220859176790198e-02
1.791714831482679460e-01
9.527244811759216780e-02
8.060333376523817761e-02
2.983338077435483959e-01
2.512956490494067663e-01
9.039236564411419483e-02
5.755235846021119345e-02
8.141962993088587563e-02
1.302642578271709373e-01
7.236933174441319283e-02
1.432616393029444435e-01
9.794404809106978249e-02
2.079048198627630739e-01
8.828500932551679170e-02
1.147966873599202686e-01
9.264249885861798595e-02
1.286324786113667018e-01
1.309965913329149412e-01
1.086079874115105787e-01
1.131174470247392622e-01
9.268438938982240249e-02
9.297936237803842985e-02
1.166489069478987145e-01
8.410747404983788533e-02
1.161505445176525819e-01
1.204521992057522445e-01
1.172516520259310052e-01
1.000529779138956687e-01
1.121988084698432586e-01
2.878073533424773123e-01
1.086589102998223727e-01
9.148019009681494784e-02
8.013058771728927276e-02
1.524433938416366874e-01
3.160338008309738766e-01
9.313650668793495291e-02
1.235605374048635713e-01
9.283058645447649082e-02
2.666943481657954584e-01
9.297936237803842985e-02
1.541057205902918170e-01
9.297936237803842985e-02
1.318416891252280065e-01
1.782062291304023494e-01
9.297979577452575306e-02
1.211737568364305712e-01
9.494986265418516036e-02
1.251904278774389478e-01
1.523835071758247450e-01
1.283016465871144596e-01
2.438001529646618426e-01
9.251251108052649386e-02
1.144116095673218814e-01
6.149361039426824715e-02
7.936733887488391093e-02
8.935705252566311652e-02
1.991803437695297829e-01
8.559855916519880370e-02
8.081715704129832645e-02
6.927176338964391444e-02
9.537331227769790809e-02
1.933175980942273831e-01
6.136752435570295983e-02
2.541759189916602546e-01
8.185627587633442781e-02
1.678684318062330649e-01
8.247965588805111770e-02
1.026790984663911166e-01
5.172036030364363102e-02
5.635787794615094298e-02
7.825813295382570700e-02
1.874909724525840038e-01
5.911528250870329987e-02
8.599358465458956102e-02
1.269834134718862695e-01
6.147948404521293847e-02
1.705809563951717345e-01
1.263100176462925994e-01
1.012734125132399160e-01
6.251902763540563568e-02
1.013797387988899790e-01
3.561085788672124774e-02
3.452863629327543871e-01
6.010685837530647252e-02
7.303977042487995452e-02
5.640597837456173130e-02
1.177860000715314215e-01
8.247965588805111770e-02
6.068088053432466739e-02
