1.763130286576106986e-01
1.241219544362546778e-01
1.194420687027042821e-01
1.194592591438203982e-01
1.250745413430270903e-01
1.194592591438203982e-01
1.194433026933644088e-01
1.240976446507790210e-01
1.248966582292811156e-01
1.194455111917761131e-01
1.202800657363667647e-01
1.201887667674035043e-01
1.763130286576106986e-01
1.271112746419457151e-01
1.186507319036275016e-01
1.194433026933644088e-01
1.210552609847892203e-01
1.194271500376205553e-01
1.561663671227917216e-01
1.194455111917761131e-01
1.194248628828986636e-01
1.194592591438203982e-01
1.194538317166419505e-01
1.244355786688598753e-01
1.194499511338321524e-01
1.222226113122768243e-01
1.245962604606486723e-01
1.194521188082673241e-01
1.194512353936874327e-01
1.194248628828986636e-01
1.194248628828986636e-01
1.379878527271851951e-01
1.239327694946077835e-01
1.228345092167414249e-01
1.222420612226663705e-01
1.187503883573186453e-01
1.279904236370496273e-01
1.210039528857423802e-01
1.338836953269808561e-01
1.194592591438203982e-01
1.630265849154969304e-01
9.609788151991352501e-02
1.060959310934995320e-01
1.153053936943285451e-01
9.961760873057018406e-02
1.152557766434026132e-01
1.265344388322428293e-01
1.295999236835665425e-01
1.314539461154969335e-01
1.383836454054886700e-01
1.295992134124130113e-01
1.357848840971609128e-01
1.296330719716297097e-01
1.298312252972303460e-01
1.411700091760942632e-01
2.340801926551285828e-01
1.295999236835665425e-01
1.295992134124130113e-01
1.152557766434026132e-01
1.599402073495439780e-01
1.296170019809780027e-01
1.438258528218838705e-01
1.746773595778708665e-01
1.258276895400823880e-01
1.007094120637774259e-01
1.296132530966531970e-01
1.047561062130740739e-01
9.457862405180587906e-02
1.197232046393916366e-01
1.296170019809780027e-01
1.746630320427838556e-01
1.296133340531067379e-01
2.452227079160828882e-01
1.172044772337341861e-01
1.296330719716297097e-01
2.074478145276192065e-01
1.296330719716297097e-01
1.553516541816151453e-01
1.473715315145344151e-01
1.553149114000218212e-01
1.335719565155470689e-01
1.230203102731185633e-01
1.316077515794789043e-01
1.335719565155470689e-01
1.210734908004692800e-01
1.217625801435262556e-01
1.274611166925035677e-01
1.269856763148292655e-01
1.235625301124246428e-01
1.329998312654061543e-01
1.262952656097164061e-01
1.300766675912494175e-01
1.269823033069781282e-01
1.258282330632514434e-01
1.335719565155470689e-01
1.312025005113074683e-01
1.328490490482008013e-01
1.292483624908192796e-01
1.236066566003402450e-01
1.179394042121272718e-01
1.257436894710489139e-01
1.324353121151564949e-01
1.328490490482008013e-01
1.208353455431759038e-01
1.251271517581649118e-01
1.335719565155470689e-01
1.259376965315139318e-01
1.275765431012640116e-01
1.243042670163809482e-01
1.281131334377386410e-01
1.334735900546895337e-01
1.349718643418910125e-01
1.356973781814004576e-01
1.238341467949366503e-01
1.219735248492478108e-01
1.276762816578572157e-01
1.242878031004489570e-01
1.226353212769755729e-01
1.182762253905046551e-01
1.261966713036080101e-01
1.139192755917991656e-01
1.334154030250870870e-01
1.311850772149135147e-01
1.334636834504396852e-01
9.188273686977616039e-02
1.314324030935780652e-01
1.230980697099831322e-01
1.301982415870953924e-01
1.501726921253541402e-01
1.333679895437488994e-01
1.462147020588881463e-01
7.844622426498824852e-02
6.768857178551927756e-02
1.654753753559514984e-01
1.333730315830214397e-01
1.267919328950695701e-01
1.139192755917991656e-01
1.097134441223603374e-01
1.444982987229534721e-01
1.461246452629796078e-01
1.334139140921277999e-01
1.883356921080865110e-01
1.334154030250870870e-01
1.334139140921277999e-01
1.089000091137757309e-01
1.333747394587894985e-01
1.333575055861944414e-01
1.334139140921277999e-01
7.392861061741141937e-02
6.592386469990517417e-02
7.630754674518483438e-02
1.863701298342436141e-01
1.333902662046897725e-01
9.312903770147271110e-02
1.334139140921277999e-01
1.504031280158024397e-01
1.144333007194593271e-01
8.325778347890686049e-02
1.139192755917991656e-01
9.748186753424992190e-02
1.242251221693355667e-01
1.244069215101104853e-01
1.244421707266955557e-01
1.244421707266955557e-01
1.248416801759913847e-01
1.258446916883110556e-01
1.244421707266955557e-01
1.244788313831522858e-01
1.244421707266955557e-01
1.265065700545807970e-01
1.270621897745988493e-01
1.251053005077042979e-01
1.236900589366972669e-01
1.262128475778889203e-01
1.247600606284230140e-01
1.244893372926688252e-01
1.245422907953482039e-01
1.257841994376858175e-01
1.249150643233186281e-01
1.255270592757120884e-01
1.244421707266955557e-01
1.247958513742522119e-01
1.239206196969454693e-01
1.244421707266955557e-01
1.247776756584054181e-01
1.244421707266955557e-01
1.247909489385548298e-01
1.249998602748091242e-01
1.260783371574933642e-01
1.249736538477796977e-01
1.257889120588746301e-01
1.245467332038990710e-01
1.353246813141643912e-01
1.245467332038990710e-01
1.249289331119971119e-01
1.304934576726255180e-01
1.305638777168401932e-01
1.269386428568219372e-01
1.257153515067134242e-01
1.238657339007606245e-01
1.000920123702606634e-01
1.398508544092854633e-01
6.027503975385948426e-02
1.549559492712993813e-01
1.318234430358691534e-01
1.318234430358691534e-01
1.116333637028217307e-01
1.163183310613971622e-01
1.312213008693225436e-01
8.917973893201382174e-02
1.076856456831912223e-01
8.572665657325334587e-02
1.116333637028217307e-01
1.163183310613971622e-01
1.116333637028217307e-01
1.440570123914119982e-01
1.154817082354542002e-01
1.374142555448545355e-01
1.124553605291307573e-01
1.234994761747526676e-01
1.529280705971435006e-01
1.013336506312308011e-01
7.801273762275326429e-02
6.937077666242792706e-02
1.231620308152038129e-01
8.353081582968262253e-02
7.658400998011855032e-02
7.658400998011855032e-02
1.116333637028217307e-01
9.087769131129881661e-02
2.381263386722541342e-01
1.310219386257786278e-01
6.190706657276043995e-02
1.929841300125618997e-01
1.122321086094820869e-01
9.839160781940117784e-02
5.919564291302257392e-02
9.667352541509348363e-02
1.128895662429355295e-01
1.116333637028217307e-01
1.341393828419482070e-01
1.269191019231950268e-01
1.317807876326715921e-01
1.432540041620514737e-01
1.491785980914969167e-01
1.432540041620514737e-01
1.430404466967256094e-01
1.348111733246348809e-01
1.418591969713274836e-01
1.174143990303428420e-01
1.239753073534202582e-01
1.440110215047491204e-01
1.347002461553566954e-01
1.446036779397652239e-01
1.350421480796065998e-01
1.396818332393875428e-01
1.433774457533981139e-01
1.659233100961345908e-01
1.604078367007694961e-01
1.293666491434854737e-01
1.483869691491183085e-01
1.328254791853270000e-01
1.529323954829691634e-01
1.307722332061665438e-01
9.906992188103866392e-02
9.906992188103866392e-02
1.344694804318629089e-01
1.119664057680002101e-01
1.377881241148849745e-01
1.059390220149836054e-01
1.418619228100934104e-01
1.399365524023277463e-01
1.419078575909116235e-01
1.328254791853270000e-01
1.347002461553566954e-01
1.735040689235638200e-01
1.805281921900108166e-01
1.174143990303428420e-01
1.425877632601153799e-01
1.324811296674617278e-01
1.265715287219073559e-01
1.254191332780080770e-01
1.247731791331045115e-01
1.265715287219073559e-01
1.238311077168089552e-01
1.265715287219073559e-01
1.262378637161036821e-01
1.265715287219073559e-01
1.267833029788782706e-01
1.261078838663009516e-01
1.260580058226321021e-01
1.258714191262285398e-01
1.250561614569122848e-01
1.269662483075052750e-01
1.253949377372016172e-01
1.260478595365395749e-01
1.256227577707510479e-01
1.262513564907286057e-01
1.261240475710484199e-01
1.268540057812550803e-01
1.262513564907286057e-01
1.251833153452350522e-01
1.267703150391771560e-01
1.263211875601831513e-01
1.265715287219073559e-01
1.254921882586588211e-01
1.264294167564661009e-01
1.238311077168089552e-01
1.262513564907286057e-01
1.267896083202460222e-01
1.265153033570893537e-01
1.268733274282007328e-01
1.250561614569122848e-01
1.264460437470215359e-01
1.255557783412020179e-01
1.253700797068824924e-01
1.253700797068824924e-01
1.251833153452350522e-01
1.260610253578674511e-01
1.244330510630290709e-01
5.522855698882781633e-02
1.292441977104370754e-01
6.738051328290095565e-02
1.467385020265880580e-01
1.169269584688323038e-01
1.258075139398870945e-01
1.243788160565893336e-01
1.267763799465191632e-01
7.548431751878634244e-02
1.030965776205604312e-01
1.166261272787022102e-01
1.260647035764659030e-01
6.451428527017026571e-02
8.518842900936071660e-02
1.985333989372645158e-01
1.953370207637275813e-01
1.267763799465191632e-01
4.422198709204275269e-02
3.732111607858986102e-01
8.744247218873713035e-02
1.294915894435547665e-01
1.426768111743132172e-01
1.171443900677380939e-01
7.123314505569319777e-02
1.562668283527044455e-01
1.663568936950733379e-01
1.384178855325009783e-01
1.120548234352557182e-01
1.234582549245110683e-01
1.152406389057690078e-01
1.250434136983763489e-01
1.171952595648397127e-01
1.267763799465191632e-01
1.243788160565893336e-01
1.202378100250941217e-01
1.715017385651647353e-01
9.474649174131447027e-02
1.019092037486331453e-01
1.243788160565893336e-01
1.215523509712624628e-01
1.229699494085197548e-01
1.370156376481587168e-01
1.192130363534898985e-01
1.390253690440614864e-01
1.149272610657218058e-01
2.495580773066365110e-01
1.069703921090981447e-01
1.327893768228142757e-01
1.047225595194468117e-01
1.327893768228142757e-01
1.247385707419677581e-01
1.350105465570130558e-01
1.594109848703392229e-01
1.215523509712624628e-01
1.093112863352395381e-01
9.944319570063461788e-02
1.260498907922944223e-01
7.713866554260960517e-02
9.708553956844097332e-02
1.030964994424227038e-01
1.269438121870347658e-01
1.192130363534898985e-01
1.158389288429677033e-01
1.370156376481587168e-01
9.754874353464686176e-02
1.382476627728703722e-01
1.394687384270934527e-01
1.233131429127428264e-01
1.292373846365014178e-01
1.001325288149656906e-01
1.108271620154021586e-01
1.394687384270934527e-01
1.239844643523754647e-01
1.079777293058651333e-01
1.244186193886896857e-01
1.231752577274991128e-01
1.391048887588407501e-01
8.396007729099290440e-02
