1.168036453536906022e-01
1.208774560388393565e-01
7.463657471856402492e-02
5.291474792435549995e-02
6.012175335365681911e-02
1.312715831074921791e-01
3.801023224612518070e-01
1.168301633734709771e-01
1.635945536844953252e-01
6.119648159108084795e-02
1.062305182993667496e-01
1.396657253241613550e-01
8.728078283717140284e-02
2.019782665024066060e-01
1.280491971847252386e-01
1.790385926786723370e-01
7.205042828419576384e-02
1.056075747917843977e-01
2.640418447614333863e-01
9.139289048394805270e-02
8.387963295584688339e-02
1.119249161034381601e-01
1.124657547888771730e-01
8.842037515434249262e-02
1.326272351404911842e-01
1.127422829918373615e-01
6.832828856954556440e-02
5.673624299106037883e-02
1.348815631844453300e-01
1.291453846007187822e-01
1.291453846007187822e-01
2.010982820463139142e-01
1.299687273099635332e-01
6.188364094117600189e-02
1.415384696893769167e-01
8.690611681252355392e-02
1.138678299235122288e-01
1.138268197818582267e-01
8.100082969756895734e-02
1.601390522813358197e-01
2.016579774878387299e-01
9.189044749583052951e-02
1.307590349430635956e-01
1.276455722135178827e-01
1.365059042473102668e-01
1.103820893371995765e-01
1.561720641405376919e-01
2.089500769824257365e-01
1.223374114391313217e-01
1.540739416543723816e-01
1.371278598017921790e-01
9.485017552846315703e-02
1.020072688008363260e-01
1.412746865324078782e-01
1.045030018894664153e-01
2.320227600128835777e-01
1.077985246815766768e-01
1.237392369515976365e-01
1.080101562798248260e-01
1.030403633077794506e-01
1.217889113415046992e-01
1.035690644327768584e-01
9.728038669251724835e-02
8.150638139748905830e-02
1.283594449668117587e-01
1.498453078958466578e-01
1.174212078017812383e-01
1.268463956819056715e-01
1.193401816548893823e-01
9.549716077245164192e-02
1.390043715148351067e-01
1.526415161298233236e-01
2.634985198665604211e-01
1.114946836600913954e-01
1.643190464598779932e-01
2.032697367531030308e-01
1.444084307768877806e-01
1.833487483929058803e-01
9.720196142612946844e-02
1.608811280453436854e-01
1.325461516591971700e-01
1.570954351767983592e-01
1.483584609753774153e-01
1.372700104776112262e-01
1.452899330697074998e-01
1.442631013483193780e-01
1.324908810373635892e-01
1.403936388362165555e-01
1.532349255397122134e-01
1.340546645831683648e-01
1.433907445819413984e-01
1.294602866742764202e-01
1.352865295667475543e-01
1.302212720986063721e-01
1.325461516591971700e-01
1.444603221152197803e-01
1.352276215317599062e-01
1.449331025888674629e-01
1.444590237265007682e-01
1.305104246943684931e-01
1.339832872665223107e-01
1.406049877123461966e-01
1.352276215317599062e-01
1.404975625942287698e-01
1.221064011636841945e-01
1.325461516591971700e-01
1.359736678842272395e-01
1.457778195839496693e-01
1.330348607059955723e-01
1.286005134119615756e-01
1.356959151686169263e-01
1.402741426218682419e-01
1.401194282131527635e-01
1.172709259455750608e-01
1.462675501873940687e-01
1.264445713478259958e-01
1.379965275967261484e-01
1.516455173161500858e-01
1.463269276701276989e-01
1.460288137507814443e-01
4.953457245100333778e-02
9.992005168473647170e-02
1.147350593491369558e-01
5.935586065829753094e-02
3.010772395269793039e-02
4.807250269030542977e-01
8.253233127080442100e-02
6.695898169361082231e-02
8.065572555146072187e-02
9.798135863031462445e-02
3.291400236019889625e-01
6.883766813474848090e-02
1.875227010029528185e-01
1.417881326740305648e-01
6.058393371929744059e-02
1.164652094923428888e-01
8.998884614962857076e-02
3.845949065716766646e-02
7.294922003430498458e-02
4.400032878220524329e-02
1.305441895205852187e-01
5.385878162338739727e-01
1.415886953228670808e-01
2.894327670347212611e-01
8.784257901834104099e-02
6.258106164391437354e-02
5.341692577499668193e-02
3.678957488910982732e-01
6.586371749584545021e-02
1.535632334391891507e-01
2.775635732178375822e-02
1.205078297115083907e-01
7.068760976684289321e-02
2.799581354833597380e-01
8.187559381077394449e-02
2.701410608132694402e-01
1.072467183323881079e-01
3.976228246774541897e-01
8.998884614962857076e-02
7.545254452882543816e-02
3.540677010254070223e-02
1.753485050433864489e-01
7.231714292787953802e-02
6.628774267133048792e-02
8.768612996627657419e-02
7.308028213473666268e-02
7.231714292787953802e-02
1.415483519988304240e-01
6.628774267133048792e-02
1.406957639955815631e-01
1.304218052528079430e-01
5.522252983060675635e-02
1.773402820055880458e-01
1.017669057449472336e-01
1.443097619508234841e-01
8.713837534390712902e-02
1.190242308608004951e-01
1.214060083347691527e-01
1.117364364193148968e-01
1.210683582084481902e-01
7.231714292787953802e-02
1.615470417539374148e-01
2.657760208341937158e-01
7.231714292787953802e-02
1.016988746590565401e-01
8.291780090242516221e-02
1.566502242381181409e-01
1.135262714840716558e-01
1.007457126292155836e-01
1.324275606745971834e-01
5.226059708105262186e-02
1.342876096627327043e-01
1.674658470808364774e-01
1.342876096627327043e-01
9.470140935533409576e-02
2.403462344404381779e-01
2.006040760292128466e-01
1.049050393199048720e-01
6.645600806842204278e-02
1.162540730620358204e-01
9.650126860679604512e-02
7.836803277826170921e-02
9.960232199082852400e-02
8.301638728724766714e-02
3.657880829324920424e-01
8.282626606728597796e-02
9.501739942001324879e-02
1.028547704938185814e-01
7.320126530899803696e-02
7.557301744239114383e-02
1.239343107316047271e-01
1.025323064562078945e-01
7.524826622049402003e-02
9.473015503077229782e-02
9.429377841061553633e-02
8.779699415599576118e-02
9.412386959300138300e-02
1.031186414111531086e-01
1.061155858803395219e-01
1.361319577386945756e-01
9.912097125376176376e-02
9.769654276812696214e-02
5.975581134478696183e-02
8.898812685023375912e-02
2.272780947493906467e-01
9.914339336505688383e-02
1.072478243949065296e-01
1.404908171777445869e-01
1.285132304371756629e-01
8.191313497058225201e-02
1.954999225787885653e-01
1.224438657174688472e-01
7.539121874253162936e-02
1.033564529814501171e-01
1.056404672363153857e-01
5.522441852041198168e-02
5.988034043425332492e-02
3.449989542712327273e-01
1.013471150929065451e-01
1.020707623464958275e-01
1.417395010044474601e-01
1.175696611720769835e-01
1.197513474559674246e-01
1.798999231800221810e-01
1.182019122384947579e-01
1.343838843811430150e-01
1.391261247815911706e-01
9.314079411585557411e-02
1.282526375913577987e-01
1.353367127936140890e-01
1.056341725181907804e-01
8.466197859957161342e-02
1.047755610824280953e-01
9.761778164054586704e-02
1.101517536300335998e-01
1.098990762605188409e-01
1.602310354984872454e-01
9.248493024031673171e-02
1.202370247953510607e-01
1.332516850805428865e-01
1.282281594765843080e-01
1.070871554153866173e-01
1.664967028395728799e-01
8.386347063693676274e-02
1.194076322943379426e-01
1.122468255026385225e-01
9.901824150176860573e-02
1.120691720881718534e-01
1.413969126587139580e-01
1.326234723268833460e-01
1.274881942787927103e-01
1.519818476585793054e-01
1.087166373487168658e-01
1.070871554153866173e-01
1.588204072530349509e-01
1.407944486112734372e-01
1.199161435517315522e-01
1.326644144483205834e-01
1.592624024753030165e-01
7.854400601801760085e-02
1.705699888573209144e-01
8.351974202999751240e-02
1.057847912413761166e-01
1.214187037125730034e-01
1.187661924095617799e-01
1.866684046424547383e-01
1.256972805251745096e-01
1.324910819975139153e-01
1.174959226573836502e-01
1.506269353662175181e-01
8.175497063872178005e-02
9.209234025395715562e-02
1.706622776348578341e-01
1.166904811396449609e-01
1.120199593802089222e-01
1.488673902448529318e-01
3.054723625463439118e-01
8.357567285360117948e-02
5.982951818747333367e-02
1.397100653732205322e-01
8.195481197963939979e-02
1.263200638166107614e-01
2.138151531188808019e-01
2.174878707695923064e-01
9.474570891598620148e-02
1.122816726136422472e-01
6.240721004844592551e-02
1.739819693262010247e-01
6.167003171096473862e-02
2.680080472474453690e-01
1.202998658227452389e-01
7.537518199776870043e-02
1.886059485196937835e-01
6.079562361293048417e-02
7.748259394285758606e-02
1.088930091235753017e-01
9.827908981448471581e-02
1.202782471754757637e-01
1.234030119742350329e-01
1.430678364863805507e-01
4.068937743900410964e-02
2.127224010578270541e-01
3.696571876900712345e-02
5.038267575222393074e-02
4.179942491717952152e-02
3.853505420149096888e-02
1.970933816542851658e-01
9.001627471039790052e-02
5.206781873633420377e-02
7.657062759658374296e-02
6.043463021008697866e-02
7.045814210436222857e-02
1.718670087539078961e-01
8.378119057566883743e-02
1.331898082247298110e-01
6.322844902296551051e-02
9.817931359851735096e-02
1.286202371519029053e-01
2.596765834811964879e-01
2.661597838737383634e-02
6.339172858643055131e-02
7.373677889094075455e-02
2.651512530039504267e-01
4.344791370795869079e-01
6.987678690327135678e-02
5.814136767174939158e-02
7.719471385584557310e-02
3.344868811330925507e-01
5.672096278821514570e-01
6.563928910067604039e-02
1.303912627380688916e-01
7.598140953562779187e-02
2.463301371915663229e-02
6.647184618446651261e-02
2.209979515134444517e-01
3.617564054133629581e-01
7.987287892170910619e-02
5.737866801700431535e-02
3.906885596470902056e-01
1.801061192420329582e-01
2.036686221691357268e-01
3.609472225132921985e-01
1.062982139027842110e-01
1.025436753497637049e-01
7.596895410089293810e-02
1.938138707660411741e-01
6.787012981210489848e-02
1.121087953851635510e-01
6.987787476922874275e-02
9.457509638703467947e-02
7.651727209620282077e-02
9.878506584627280707e-02
2.889149181737638572e-01
1.216162553004666441e-01
1.432729635626523723e-01
8.427424216601622775e-02
8.273898251229078182e-02
1.242610152453439004e-01
1.225865561784650754e-01
8.307393994479009280e-02
1.111096401165126007e-01
1.034471964484365708e-01
1.531834710733027127e-01
2.664512380765145516e-01
9.445647187196182237e-02
1.729002662976564242e-01
1.038079114126046615e-01
1.088070371213059467e-01
9.320131824492310091e-02
9.466912417278054714e-02
9.944453531445845984e-02
1.154615173388423705e-01
1.038402672703986618e-01
9.791550235950206849e-02
2.905406939700692637e-01
1.040839821917799862e-01
1.047355385987085857e-01
9.922237978383804946e-02
