1.140344034023158537e-01
1.257154712775255256e-01
8.118776489629368764e-02
8.091509622857362416e-02
9.115803134177759282e-02
1.036267006244582373e-01
1.171875091595021567e-01
7.492495754460865021e-02
1.689801834477444586e-01
1.243154499688557957e-01
1.240712098429372079e-01
1.183330187433359187e-01
1.406724711518311521e-01
1.204577878564244975e-01
7.662560491526730633e-02
1.014861345191103714e-01
1.203419756735210067e-01
2.388603353724352285e-01
8.118776489629368764e-02
9.115803134177759282e-02
9.512550527361288144e-02
1.225882410851467236e-01
9.901037799784288829e-02
1.226605564496858758e-01
1.234627544248917824e-01
9.115803134177759282e-02
1.169347951016067727e-01
1.491931012364996478e-01
1.225882410851467236e-01
1.225882410851467236e-01
1.333692130527952546e-01
1.225882410851467236e-01
9.115803134177759282e-02
1.209682923124154458e-01
1.150854730981678703e-01
7.492495754460865021e-02
1.235940878208148935e-01
1.108004012671617300e-01
1.293690471842916800e-01
1.331044851295163089e-01
1.144976038544857216e-01
1.220338061769349752e-01
1.419850916428086474e-01
1.089349947194479529e-01
1.179411523416201285e-01
1.371610221851357891e-01
5.000000000000000000e-01
1.205558456057417988e-01
1.836520453146483212e-01
1.247921123689560152e-01
1.260098749298356191e-01
8.422338077444813109e-02
1.184438037383129944e-01
1.372252086968118179e-01
1.544538614349204031e-01
1.240096726020459700e-01
1.235572219195766042e-01
1.038937565795742951e-01
1.453877142843777726e-01
1.214048632722951326e-01
1.287472426507278445e-01
1.343512192316291265e-01
1.306949241214942214e-01
9.081357655524366357e-02
1.569572470687353449e-01
1.356239934616754184e-01
1.324002469637191870e-01
1.038937565795742951e-01
1.608076256165654472e-01
1.285716571011103759e-01
1.607762487430509646e-01
1.303233411350885329e-01
1.244716442598886308e-01
1.698961175675131885e-01
1.560473311668897356e-01
1.261217920177284957e-01
7.740059792750451917e-02
1.144976038544857216e-01
1.227678785030094782e-01
1.259011544342296118e-01
1.294435427606124289e-01
1.244979845741077118e-01
1.204619703810772130e-01
1.404705983680026304e-01
1.368153248864337479e-01
1.265536880591035529e-01
1.137266291602675727e-01
1.617919358458169143e-01
1.350428239740663061e-01
1.061338119340408115e-01
1.289134155511358071e-01
1.146453363732753000e-01
1.360851079274386088e-01
1.269294008792777873e-01
1.267281669600549832e-01
1.269294008792777873e-01
1.148561414322808588e-01
1.201660365358864363e-01
1.404946566708123734e-01
1.140285098663220004e-01
1.269294008792777873e-01
1.269294008792777873e-01
1.275301314906902017e-01
1.327272148022485276e-01
1.269294008792777873e-01
1.293498259654108640e-01
1.360262782373198587e-01
1.070007547432424988e-01
1.350824195644731163e-01
1.269294008792777873e-01
1.174030450210204052e-01
1.258824306872564081e-01
1.210344766934361022e-01
1.248120947778644935e-01
1.382061889232437946e-01
1.244444077378440150e-01
1.201660365358864363e-01
1.349560332391535888e-01
1.287071771833187550e-01
1.296039747500612183e-01
9.073043626935714534e-02
1.177048618791758927e-01
9.401519551818181275e-02
8.530557403496817626e-02
3.663605090988511503e-01
9.070865493096970378e-02
9.067856273944249756e-02
1.327246351271900437e-01
9.067856273944249756e-02
9.067856273944249756e-02
9.131762657167817598e-02
9.067856273944249756e-02
9.070676732030630296e-02
8.439484367738553372e-02
1.126875909833671696e-01
9.074060296126250369e-02
1.580647819662097109e-01
9.414953042752315093e-02
9.110307682394148954e-02
1.158381747426396602e-01
1.196683220237461792e-01
1.179747170291365749e-01
2.259470959912147081e-01
5.806789129694556184e-02
8.351619655405459475e-02
5.962882373289186272e-02
1.963440715063519970e-01
9.716035965081953885e-02
1.162369446721044502e-01
1.255948371583996137e-01
9.067856273944249756e-02
1.091142737329699741e-01
3.171546865969688267e-01
5.806789129694556184e-02
9.067856273944249756e-02
9.074060296126250369e-02
4.852224295369145235e-01
9.074060296126250369e-02
1.110941323358040633e-01
2.574745354816199705e-01
8.400781838810023050e-02
1.015899722546542011e-01
1.132022795094919099e-01
1.828434327515287838e-01
1.006185556086916094e-01
1.015899722546542011e-01
1.185914232335357893e-01
1.132022795094919099e-01
8.848183757084597534e-02
6.772141988897854847e-02
7.144723637822944506e-02
1.404360759789817503e-01
1.028787648927744630e-01
1.305853982088855392e-01
9.488991925778383907e-02
1.162313198945886944e-01
1.172802568612636015e-01
1.206549918304278268e-01
1.092839413285320860e-01
1.015899722546542011e-01
1.196074654068773613e-01
1.584238587801062303e-01
1.015899722546542011e-01
9.127452264975223495e-02
1.186149071848038722e-01
1.388939554557385159e-01
1.494778206674094723e-01
1.318791601076522990e-01
1.209364167319916805e-01
9.195837386239216760e-02
1.185914232335357893e-01
1.183633338216347058e-01
1.185914232335357893e-01
1.185914232335357893e-01
9.558522266776639520e-02
1.090033769847435219e-01
1.197133309677889529e-01
9.590989487481978160e-02
5.305071461892746365e-01
8.014284429409324062e-02
1.255416260875057699e-01
8.823762927460108985e-02
7.899425786353236889e-02
5.322219351043315783e-01
8.617216512200000234e-02
8.824940746903335576e-02
1.348071003825831449e-01
8.023733206452997313e-02
5.259540884343631012e-02
1.610812570478887817e-01
8.819865652985396653e-02
6.120957458942917484e-02
1.095167264156619025e-01
1.057629473540923903e-01
1.466168255185315572e-01
4.882210292045196381e-02
8.428047910522004638e-02
8.823762927460108985e-02
1.365659709927731502e-01
8.823762927460108985e-02
8.823762927460108985e-02
5.524452225008880807e-02
8.823762927460108985e-02
8.823762927460108985e-02
8.825214576026997604e-02
1.499031954990465709e-01
1.004681712990257020e-01
1.018679573815246403e-01
3.414725148007701216e-01
1.631320920232322558e-01
4.175198319127948476e-02
8.825369964139108403e-02
9.143862198390442786e-02
6.294311348114942639e-01
7.435511108263972990e-02
1.335380479012772403e-01
1.055554851269345090e-01
8.823762927460108985e-02
1.711839660650378014e-01
1.811751125757512515e-01
1.329294194772722704e-01
1.221227400785238476e-01
1.224679258610497229e-01
1.279814767240020634e-01
1.230795317207531853e-01
1.139103806907949823e-01
1.221316222539129276e-01
1.063848512112478967e-01
1.219804773356591016e-01
1.135017433770224016e-01
1.171667743132284722e-01
1.135017433770224016e-01
9.279544337671520593e-02
1.040440108268722158e-01
1.273163685709968185e-01
1.159110190663573681e-01
1.440495050664146737e-01
1.221227400785238476e-01
1.227015704104923027e-01
1.219804773356591016e-01
1.398637192758358794e-01
1.108967023646035277e-01
1.343217037011212867e-01
1.460850600180691183e-01
1.220607737266490300e-01
1.190230735062816902e-01
1.320970013651654729e-01
1.426478730749421164e-01
1.152394308976796011e-01
1.252233818282471878e-01
1.097699294350067550e-01
1.219804773356591016e-01
1.173472176651614018e-01
1.483366426809437644e-01
1.219343731262540198e-01
1.297684683746583578e-01
1.181536224067625401e-01
1.159072675336878799e-01
1.852923624762855270e-01
1.367052347161128445e-01
1.361930244545048463e-01
1.193413810044070267e-01
1.146607968445371717e-01
1.424357274073135560e-01
1.156062680527399494e-01
7.872134927636295632e-02
2.009645646522193463e-01
1.232109892306432752e-01
9.289967761072161212e-02
1.308500550278008934e-01
1.379723262950684204e-01
1.053570865599589845e-01
9.294817390264259460e-02
9.291080839481243026e-02
1.432916147800685769e-01
9.293212311032052197e-02
8.354192341228219854e-02
9.290847418589552598e-02
9.290381463270769302e-02
1.272376698316124155e-01
9.290774315946026540e-02
1.378998802335837937e-01
1.256961674309803045e-01
9.285993837233356973e-02
9.290951286797229092e-02
1.438328698462014998e-01
1.361606047499039629e-01
4.156339214441689967e-01
9.294817390264259460e-02
1.370234016459096205e-01
1.356524838503688213e-01
9.294817390264259460e-02
1.165388364794298082e-01
1.405645478925039160e-01
9.294817390264259460e-02
9.294817390264259460e-02
8.273108905511204758e-02
1.814404115859118705e-01
1.298630701194436188e-01
1.294403155404361683e-01
1.177917335808035121e-01
1.177732605057627835e-01
1.177664470870947583e-01
1.294403202967188138e-01
1.177858461642427301e-01
1.251190949529314977e-01
1.177664470870947583e-01
1.177717867906221544e-01
1.292086370921236849e-01
1.293705282536004586e-01
1.294340382386240662e-01
1.177647041013194090e-01
1.177849058993134801e-01
1.284283053814505304e-01
1.226308132463791306e-01
1.294396167208230475e-01
1.358814354760470300e-01
1.294345777652785023e-01
1.293680635221863273e-01
1.294317579082825409e-01
1.294375828279948626e-01
1.294264452815404309e-01
1.294402299331817996e-01
1.178072665933183327e-01
1.177851962125892743e-01
1.294006207281347132e-01
1.177858461642427301e-01
1.294401356242112777e-01
1.177858461642427301e-01
1.293343352297481597e-01
1.243393681282677216e-01
1.177856141117611527e-01
1.294403177275877115e-01
1.285444467488783826e-01
1.294403130945331604e-01
1.203417455309133549e-01
2.136668900872996657e-01
1.399821069974026277e-01
1.135432116077185333e-01
1.580199949858218933e-01
1.262436080916537473e-01
1.032863376978570558e-01
1.004560736883558514e-01
1.166432382480695751e-01
1.120498990726246646e-01
9.870042497271445947e-02
1.181977563075590487e-01
9.789540957649758846e-02
1.000673739152175834e-01
1.119861845727389976e-01
1.641918415734362202e-01
1.213047757161396234e-01
1.295047026495809994e-01
1.120498990726246646e-01
9.495252240302132218e-02
1.300595987327416714e-01
1.125009449016158430e-01
1.120498990726246646e-01
1.266833654935557996e-01
1.119414518701738331e-01
1.268234034871059956e-01
1.372772612414540905e-01
1.188354539528168052e-01
1.256775461919860948e-01
9.959105089449703241e-02
1.349266289430866295e-01
1.119861845727389976e-01
1.314637242261168515e-01
1.277302599729457366e-01
1.118500221428354591e-01
1.119861845727389976e-01
1.266104627266336491e-01
1.610555701419490449e-01
1.174040981410927470e-01
1.120498990726246646e-01
1.470382784579930824e-01
